12
0
0
0
9
-2
*
4
600.024963 -249.974869 1060.025024
0.025000 -249.974869 1060.025024
0.025000 -79.974869 1130.025024
600.024963 -79.974869 1130.025024
0
4
3 2
2 1
1 0
0 3
1
4 1 2 3 4
0
0
13
*
122
600.024963 -79.974869 1130.025024
0.025000 -79.974869 1130.025024
0.025000 0.025134 1130.025024
600.024963 0.025134 1130.025024
1080.024780 513.423218 1395.025024
970.024963 513.423218 1535.025024
970.024963 613.423157 1535.025024
1080.024780 613.423157 1535.025024
1080.024780 513.423218 1535.025024
1100.024902 663.423096 875.024902
850.024963 663.423096 955.024963
1100.024902 663.423096 1035.025024
1050.024902 513.423157 1035.025024
850.024963 663.423096 1035.025024
970.024963 513.423157 1035.025024
850.024963 463.423126 1035.025024
1100.024902 463.423126 1035.025024
1100.024902 463.423096 875.024902
850.024963 463.423096 955.024963
1050.024902 613.423096 1035.025024
1080.024780 613.423157 1395.025024
1080.024780 613.423157 1405.025024
970.024963 613.423157 1405.025024
970.024963 613.423096 1035.025024
3035.024658 791.217224 1566.887939
3035.024658 824.458191 1584.254883
3035.024658 872.496216 1596.607910
3035.024658 922.093140 1596.105957
3035.024658 969.871155 1582.784912
3035.024658 1012.573181 1557.551880
3035.024658 1047.289307 1522.126953
3035.024658 1071.653198 1478.923950
3035.024658 1084.006226 1430.886841
3035.024658 1083.504028 1381.288940
3035.024658 856.875122 1050.768799
3035.024658 1070.183105 1333.511841
3035.024658 1044.950073 1290.809814
2225.024658 1140.025269 1565.025879
3025.024658 1140.025269 1565.025879
3035.024658 1140.025146 1050.768799
3025.024658 1140.025146 1050.768799
3035.024658 420.410156 1069.592041
2225.024658 420.410156 1069.592041
3035.024658 417.846161 1074.139893
2225.024658 417.846161 1074.139893
3035.024658 416.546143 1079.195923
2225.024658 416.546143 1079.195923
3035.024658 416.598145 1084.416992
2225.024658 416.598145 1084.416992
2225.024658 420.657166 1093.940918
3035.024658 420.657166 1093.940918
3035.024658 418.001160 1089.445923
2225.024658 418.001160 1089.445923
3035.024658 424.065155 1065.863037
2225.024658 424.065155 1065.863037
3035.024658 467.481110 1044.549927
2225.024658 467.481110 1044.549927
3035.024658 462.425110 1043.249023
2225.024658 462.425110 1043.249023
3035.024658 457.204132 1043.302002
2225.024658 457.204132 1043.302002
2225.024658 472.029114 1047.114014
3035.024658 472.029114 1047.114014
3035.024658 475.758148 1050.768921
2225.024658 447.680145 1047.359985
3035.024658 447.680145 1047.359985
3035.024658 452.175110 1044.703979
2225.024658 452.175110 1044.703979
2225.024658 475.758148 1050.768921
3025.024658 475.758148 1050.768921
3025.024658 910.025208 1605.024902
3025.024658 1100.025269 1605.024902
2225.024658 1100.025269 1605.024902
2225.024658 910.025208 1605.024902
3035.024658 843.430176 1633.527832
2225.024658 843.430176 1633.527832
3035.024658 848.189209 1638.358887
2225.024658 848.189209 1638.358887
3035.024658 853.912170 1641.997925
2225.024658 853.912170 1641.997925
2225.024658 867.045166 1645.024902
3035.024658 867.045166 1645.024902
3035.024658 860.306213 1644.258911
2225.024658 860.306213 1644.258911
3035.024658 1110.025269 1645.024902
2225.024658 1110.025269 1645.024902
3035.024658 1116.701294 1644.272949
2225.024658 1116.701294 1644.272949
3035.024658 1123.042236 1642.053833
2225.024658 1123.042236 1642.053833
3035.024658 1128.730347 1638.479858
2225.024658 1128.730347 1638.479858
3035.024658 1133.480225 1633.729980
2225.024658 1133.480225 1633.729980
3035.024658 1137.054199 1628.041870
2225.024658 1137.054199 1628.041870
2225.024658 1140.025269 1615.025879
3035.024658 1140.025269 1615.025879
3035.024658 1139.273315 1621.700928
2225.024658 1139.273315 1621.700928
2000.024902 513.423157 935.024902
2000.024902 513.423157 950.024963
1970.024780 513.423157 935.024902
1940.024902 513.423218 1395.025024
1940.024902 513.423218 1535.025024
2050.024658 513.423157 950.024963
2050.024658 513.423218 1535.025024
1940.024902 613.423157 1535.025024
1940.024902 613.423157 1505.025024
2050.024658 613.423157 1505.025024
2050.024658 613.423157 1535.025024
1940.024902 613.423157 1405.025024
1970.024780 613.423096 935.024902
2000.024902 613.423096 935.024902
2050.024658 613.423096 950.024963
2050.024658 613.423157 1405.025024
1940.024902 613.423157 1395.025024
2000.024902 613.423096 950.024963
2050.024658 613.423157 1437.525024
2050.024658 613.423157 1472.525024
1940.024902 613.423157 1472.525024
1940.024902 613.423157 1437.525024
0
210
121 120
120 119
119 118
118 121
117 116
116 115
115 117
115 114
114 117
117 113
113 112
112 117
112 116
111 115
116 111
110 109
109 108
108 107
107 110
106 105
105 114
114 110
110 106
107 104
104 106
103 104
107 116
116 103
112 102
102 103
101 103
102 101
102 100
100 101
101 105
106 101
106 103
99 98
98 97
97 96
96 99
95 94
94 98
99 95
93 92
92 94
95 93
91 90
90 92
93 91
89 88
88 90
91 89
87 86
86 88
89 87
85 84
84 86
87 85
83 82
82 81
81 80
80 83
79 78
78 82
83 79
77 76
76 78
79 77
75 74
74 76
77 75
73 72
72 71
71 70
70 73
70 69
69 68
68 73
67 66
66 65
65 64
64 67
63 62
62 61
61 68
68 63
60 59
59 66
67 60
58 57
57 59
60 58
56 55
55 57
58 56
62 55
56 61
54 64
65 53
53 54
52 51
51 50
50 49
49 52
48 47
47 51
52 48
46 45
45 47
48 46
44 43
43 45
46 44
42 41
41 43
44 42
53 41
42 54
75 49
50 74
85 80
81 84
40 97
97 39
39 40
38 97
40 38
96 38
38 37
37 96
36 39
39 35
35 36
36 34
34 39
39 33
33 35
33 97
97 32
32 33
97 31
31 32
97 30
30 31
97 29
29 30
97 28
28 29
92 28
28 98
98 92
90 28
27 28
90 27
88 27
26 27
88 26
86 26
81 26
26 84
82 26
74 78
74 25
25 78
78 26
25 26
24 25
74 24
23 22
22 21
21 20
20 19
19 23
18 17
17 16
16 15
15 18
14 15
16 14
14 23
23 13
13 14
13 15
12 16
16 11
11 12
11 19
19 12
12 14
11 13
23 11
13 10
10 18
10 9
9 17
8 7
7 6
6 5
5 8
14 5
6 23
20 4
4 12
8 4
20 7
3 2
2 1
1 0
0 3
91
3 -192 -174 -188
3 191 -182 192
3 190 -180 -185
3 -187 188 189
3 185 186 187
3 -183 184 -179
3 181 182 183
3 179 -177 180
3 168 -164 169
3 167 -166 -165
3 166 -162 -65
3 164 165 -163
3 -71 163 -68
3 -61 162 -160
3 -161 -159 -58
3 160 161 -123
3 159 -158 -55
3 157 -156 158
3 156 -155 -52
3 154 -153 155
3 153 -150 -49
3 -46 -152 -43
3 -151 -148 -39
3 150 151 152
3 148 149 -146
3 146 147 -144
3 144 145 -142
3 142 143 -140
3 -125 -139 -137
3 139 140 141
3 137 138 -133
3 135 136 -132
3 132 133 134
3 -127 -129 -40
3 129 130 131
3 127 -124 128
3 124 125 126
3 -37 -25 -26
3 -36 37 -31
3 35 -20 36
3 -32 33 34
3 31 -30 32
3 14 -6 15
3 -12 13 -5
3 10 11 12
3 -7 8 9
3 5 6 7
4 207 208 209 210
4 205 -203 206 -197
4 -189 -173 203 204
4 -181 201 -199 202
4 197 198 199 200
4 -175 -194 195 196
4 -178 -184 193 194
4 175 176 177 178
4 -57 122 -62 123
4 120 -104 121 -70
4 -101 118 -115 119
4 115 116 -112 117
4 112 113 -109 114
4 109 110 -106 111
4 106 107 -102 108
4 102 103 104 105
4 99 -82 100 101
4 -85 97 -94 98
4 94 95 -91 96
4 91 92 -88 93
4 88 89 -80 90
4 84 85 86 87
4 80 81 82 83
4 77 78 79 -76
4 73 74 75 76
4 70 71 -67 72
4 67 68 -64 69
4 64 65 -60 66
4 60 61 62 63
4 57 58 -54 59
4 54 55 -51 56
4 51 52 -48 53
4 48 49 -45 50
4 45 46 -42 47
4 42 43 -38 44
4 38 39 40 41
4 -28 -13 29 30
4 26 -24 27 28
4 -23 -19 24 25
4 20 21 22 23
4 16 17 18 19
4 1 2 3 4
5 -201 -190 -204 -205 -200
5 170 171 172 173 174
0
0
-2
*
96
2155.024658 572.083313 2180.025146
2157.095703 570.494324 2180.025146
2158.684814 568.423279 2180.025146
2159.683594 566.011292 2180.025146
2160.024658 563.423279 2180.025146
2159.683594 560.835327 2180.025146
2158.684814 558.423279 2180.025146
2157.095703 556.352295 2180.025146
2155.024658 554.762329 2180.025146
2152.613770 553.763306 2180.025146
2150.025879 553.423279 2180.025146
2147.436768 553.763306 2180.025146
2145.024658 554.762329 2180.025146
2142.953857 556.352295 2180.025146
2141.364746 558.423279 2180.025146
2140.365723 560.835327 2180.025146
2140.025879 563.423279 2180.025146
2140.365723 566.011292 2180.025146
2141.364746 568.423279 2180.025146
2142.953857 570.494324 2180.025146
2145.024658 572.083313 2180.025146
2147.436768 573.082275 2180.025146
2150.025879 573.423340 2180.025146
2152.613770 573.082275 2180.025146
2185.024658 624.045227 1430.025024
2199.522705 612.920166 1430.025024
2210.646973 598.423157 1430.025024
2217.639648 581.540161 1430.025024
2220.024902 563.423157 1430.025024
2217.639648 545.305176 1430.025024
2210.646973 528.423218 1430.025024
2199.522705 513.925171 1430.025024
2185.024658 502.801178 1430.025024
2168.142822 495.808197 1430.025024
2150.025879 493.423187 1430.025024
2131.907715 495.808197 1430.025024
2115.024902 502.801178 1430.025024
2100.527832 513.925171 1430.025024
2089.402588 528.423218 1430.025024
2082.410889 545.305176 1430.025024
2080.024658 563.423157 1430.025024
2082.410889 581.540161 1430.025024
2089.402588 598.423157 1430.025024
2100.527832 612.920166 1430.025024
2115.024902 624.045227 1430.025024
2131.907715 631.038208 1430.025024
2150.025879 633.423157 1430.025024
2168.142822 631.038208 1430.025024
2157.095703 570.494202 1780.025024
2155.024658 572.083191 1780.025024
2152.613770 573.082153 1780.025024
2150.025879 573.423218 1780.025024
2147.436768 573.082153 1780.025024
2145.024658 572.083191 1780.025024
2142.953857 570.494202 1780.025024
2141.364746 568.423157 1780.025024
2140.365723 566.011169 1780.025024
2140.025879 563.423157 1780.025024
2140.365723 560.835205 1780.025024
2141.364746 558.423157 1780.025024
2142.953857 556.352173 1780.025024
2145.024658 554.762207 1780.025024
2147.436768 553.763184 1780.025024
2150.025879 553.423157 1780.025024
2152.613770 553.763184 1780.025024
2155.024658 554.762207 1780.025024
2157.095703 556.352173 1780.025024
2158.684814 558.423157 1780.025024
2159.683594 560.835205 1780.025024
2160.024658 563.423157 1780.025024
2220.024902 563.423157 1780.025024
2217.639648 545.305176 1780.025024
2210.646973 528.423218 1780.025024
2199.522705 513.925171 1780.025024
2185.024658 502.801208 1780.025024
2168.142822 495.808228 1780.025024
2150.025879 493.423218 1780.025024
2131.907715 495.808228 1780.025024
2115.024902 502.801208 1780.025024
2100.527832 513.925171 1780.025024
2089.402588 528.423218 1780.025024
2082.410889 545.305176 1780.025024
2080.024658 563.423157 1780.025024
2082.410889 581.540161 1780.025024
2089.402588 598.423157 1780.025024
2100.527832 612.920166 1780.025024
2115.024902 624.045227 1780.025024
2131.907715 631.038208 1780.025024
2150.025879 633.423157 1780.025024
2168.142822 631.038208 1780.025024
2185.024658 624.045227 1780.025024
2199.522705 612.920166 1780.025024
2159.683594 566.011169 1780.025024
2158.684814 568.423157 1780.025024
2210.646973 598.423157 1780.025024
2217.639648 581.540161 1780.025024
0
146
95 94
94 93
93 92
92 95
94 91
91 90
90 89
89 88
88 87
87 86
86 85
85 84
84 83
83 82
82 81
81 80
80 79
79 78
78 77
77 76
76 75
75 74
74 73
73 72
72 71
71 70
70 95
92 69
69 68
68 67
67 66
66 65
65 64
64 63
63 62
62 61
61 60
60 59
59 58
58 57
57 56
56 55
55 54
54 53
53 52
52 51
51 50
50 49
49 48
48 93
89 47
47 46
46 88
45 87
46 45
44 86
45 44
43 85
44 43
42 84
43 42
41 83
42 41
40 82
41 40
39 81
40 39
38 80
39 38
37 79
38 37
36 78
37 36
35 77
36 35
34 76
35 34
33 75
34 33
32 74
33 32
31 73
32 31
30 72
31 30
29 71
30 29
28 70
29 28
27 95
28 27
26 94
27 26
25 91
26 25
24 90
25 24
24 47
23 50
51 22
22 23
52 21
21 22
53 20
20 21
54 19
19 20
55 18
18 19
56 17
17 18
57 16
16 17
58 15
15 16
59 14
14 15
60 13
13 14
61 12
12 13
62 11
11 12
63 10
10 11
64 9
9 10
65 8
8 9
66 7
7 8
67 6
6 7
68 5
5 6
69 4
4 5
92 3
3 4
93 2
2 3
48 1
1 2
49 0
0 1
23 0
51
4 -99 146 -144 -48
4 144 145 -142 -49
4 142 143 -140 -50
4 140 141 -138 -3
4 138 139 -136 -28
4 136 137 -134 -29
4 134 135 -132 -30
4 132 133 -130 -31
4 130 131 -128 -32
4 128 129 -126 -33
4 126 127 -124 -34
4 124 125 -122 -35
4 122 123 -120 -36
4 120 121 -118 -37
4 118 119 -116 -38
4 116 117 -114 -39
4 114 115 -112 -40
4 112 113 -110 -41
4 110 111 -108 -42
4 108 109 -106 -43
4 106 107 -104 -44
4 104 105 -102 -45
4 102 103 -100 -46
4 99 -47 100 101
4 -51 -7 -96 98
4 96 -6 -94 97
4 94 -5 -92 95
4 92 -1 -90 93
4 90 -27 -88 91
4 88 -26 -86 89
4 86 -25 -84 87
4 84 -24 -82 85
4 82 -23 -80 83
4 80 -22 -78 81
4 78 -21 -76 79
4 76 -20 -74 77
4 74 -19 -72 75
4 72 -18 -70 73
4 70 -17 -68 71
4 68 -16 -66 69
4 66 -15 -64 67
4 64 -14 -62 65
4 62 -13 -60 63
4 60 -12 -58 61
4 58 -11 -56 59
4 56 -10 -54 57
4 54 -9 -53 55
4 51 52 53 -8
4 1 2 3 4
24 -137 -139 -141 -143 -145 -146 -101 -103 -105 -107 -109 -111 -113 -115 -117 -119
   -121 -123 -125 -127 -129 -131 -133 -135
48 5 6 7 8 9 10 11 12 13 14 15 16 17 18 19 20
   21 22 23 24 25 26 27 -4 28 29 30 31 32 33 34 35
   36 37 38 39 40 41 42 43 44 45 46 47 48 49 50 -2
0
0
-2
*
405
2225.024658 416.546143 1079.195923
2225.024658 467.481110 1044.549927
3035.024658 462.425110 1043.249023
3035.024658 417.846161 1074.139893
160.024979 850.025146 935.024841
160.024979 1150.025146 935.024841
1100.024902 850.025146 935.024841
1100.024902 1150.025146 935.024841
160.024979 1090.025024 935.024841
340.024963 1090.025024 935.024841
340.024963 910.025146 935.024841
160.024979 910.025146 935.024841
105.136993 961.203125 800.024841
100.024994 1000.025146 800.024841
105.136993 1038.848022 800.024841
120.121994 1075.024902 800.024841
143.958984 1106.091064 800.024841
175.024979 1129.928955 800.024841
211.202972 1144.914063 800.024841
250.024994 1150.025024 800.024841
288.847992 1144.914063 800.024841
325.024963 1129.928955 800.024841
356.090973 1106.091064 800.024841
379.928986 1075.024902 800.024841
394.913971 1038.848022 800.024841
400.024994 1000.025146 800.024841
394.913971 961.203125 800.024841
379.928986 925.025085 800.024841
356.090973 893.959106 800.024841
325.024963 870.122131 800.024841
288.847992 855.137085 800.024841
250.024994 850.025146 800.024841
211.202972 855.137085 800.024841
175.024979 870.122131 800.024841
143.958984 893.959106 800.024841
120.121994 925.025085 800.024841
80.024994 1750.025024 800.024780
80.024994 1750.025146 850.025818
950.024963 633.423157 1437.525024
950.024963 663.423157 1405.025024
950.024963 663.423157 1505.025024
950.024963 633.423157 1472.525024
970.024963 613.423157 1405.025024
950.024963 613.423157 1405.025024
950.024963 613.423157 1437.525024
950.024963 613.423157 1472.525024
950.024963 613.423157 1505.025024
850.024963 663.423096 955.024963
850.024963 663.423096 1035.025024
1100.024902 463.423096 875.024902
1100.024902 463.423096 800.024902
1300.024902 463.423096 800.024902
1300.024902 463.423096 875.024902
1100.024902 663.423096 1045.025024
1100.024902 463.423126 1045.025024
1100.024902 463.423126 1035.025024
1100.024902 663.423096 1035.025024
970.024963 613.423157 1535.025024
970.024963 613.423157 1505.025024
1080.024780 613.423157 1505.025024
1080.024780 613.423157 1535.025024
1080.024780 613.423157 1437.525024
1080.024780 613.423157 1472.525024
970.024963 613.423157 1472.525024
970.024963 613.423157 1437.525024
0.025000 0.025134 1130.025024
0.025000 0.025101 850.025024
80.024994 0.025095 800.024963
600.024963 0.025095 800.024963
600.024963 0.025134 1130.025024
80.024994 0.025101 850.025024
143.958984 1106.091187 850.024902
175.024979 1129.929077 850.025879
211.202972 1144.914185 850.025879
250.024994 1150.025146 850.025879
288.847992 1144.914185 850.025879
325.024963 1129.929077 850.025879
356.090973 1106.091187 850.024902
379.928986 1075.025024 850.024902
394.913971 1038.848145 850.024902
340.024963 1090.025024 850.024902
400.024994 1000.025146 850.024902
394.913971 961.203125 850.024902
379.928986 925.025085 850.024902
143.958984 893.959106 850.024902
120.121994 925.025085 850.024902
105.136993 961.203125 850.024902
100.024994 1000.025146 850.024902
356.090973 893.959106 850.024902
325.024963 870.122131 850.024902
288.847992 855.137085 850.024902
250.024994 850.025146 850.024902
340.024963 910.025146 850.024902
211.202972 855.137085 850.024902
175.024979 870.122131 850.024902
105.136993 1038.848145 850.024902
120.121994 1075.025024 850.024902
160.024979 1090.025024 850.024902
160.024979 910.025146 850.024902
2839.524658 1000.891113 850.024902
2839.317871 1000.733154 850.024902
2839.158691 1000.525146 850.024902
2839.058838 1000.284058 850.024902
2839.024658 1000.025146 850.024902
2839.058838 999.767151 850.024902
2839.158691 999.525146 850.024902
2839.317871 999.318115 850.024902
2839.524658 999.159119 850.024902
2839.766846 999.059143 850.024902
2840.024658 999.025085 850.024902
2840.283936 999.059143 850.024902
2840.524658 999.159119 850.024902
2840.731934 999.318115 850.024902
2840.890625 999.525146 850.024902
2840.990723 999.767151 850.024902
2841.024902 1000.025146 850.024902
2840.990723 1000.284058 850.024902
2840.890625 1000.525146 850.024902
2840.731934 1000.733154 850.024902
2840.524658 1000.891113 850.024902
2840.283936 1000.991089 850.024902
2840.024658 1001.025085 850.024902
2839.766846 1000.991089 850.024902
2839.524658 999.159119 800.024841
2839.317871 999.318115 800.024841
2839.158691 999.525146 800.024841
2839.058838 999.767151 800.024841
2839.024658 1000.025146 800.024841
2839.058838 1000.284058 800.024841
2839.158691 1000.525146 800.024841
2839.317871 1000.733154 800.024841
2839.524658 1000.891113 800.024841
2839.766846 1000.991089 800.024841
2840.024658 1001.025085 800.024841
2840.283936 1000.991089 800.024841
2840.524658 1000.891113 800.024841
2840.731934 1000.733154 800.024841
2840.890625 1000.525146 800.024841
2840.990723 1000.284058 800.024841
2841.024902 1000.025146 800.024841
2840.990723 999.767151 800.024841
2840.890625 999.525146 800.024841
2840.731934 999.318115 800.024841
2840.524658 999.159119 800.024841
2840.283936 999.059143 800.024841
2840.024658 999.025085 800.024841
2839.766846 999.059143 800.024841
3135.024658 824.458191 1584.254883
3035.024658 824.458191 1584.254883
3135.024658 872.496216 1596.607910
3035.024658 872.496216 1596.607910
3135.024658 922.093140 1596.105957
3035.024658 922.093140 1596.105957
3135.024658 969.871155 1582.784912
3035.024658 969.871155 1582.784912
3135.024658 1012.573181 1557.551880
3035.024658 1012.573181 1557.551880
3135.024658 1047.289307 1522.126953
3035.024658 1047.289307 1522.126953
3135.024658 1071.653198 1478.923950
3035.024658 1071.653198 1478.923950
3135.024658 1084.006226 1430.886841
3035.024658 1084.006226 1430.886841
3135.024658 1083.504028 1381.288940
3035.024658 1083.504028 1381.288940
3135.024658 1070.183105 1333.511841
3035.024658 1070.183105 1333.511841
3135.024658 745.830200 1525.174927
3135.024658 781.255188 1559.890991
3035.024658 1044.950073 1290.809814
3135.024658 1044.950073 1290.809814
3135.024658 810.586121 991.688904
3135.024658 775.160156 956.972900
3135.024658 731.957153 932.607910
3135.024658 683.920166 920.255981
3135.024658 634.322083 920.756958
3135.024658 586.545105 934.077942
3135.024658 543.843079 959.310974
3135.024658 509.127106 994.735962
3135.024658 484.762146 1037.940063
3135.024658 472.410156 1085.976929
3135.024658 472.911163 1135.573975
3135.024658 511.465179 1226.053955
3135.024658 486.232178 1183.352051
3035.024658 634.322083 920.756958
3035.024658 683.920166 920.255981
3035.024658 731.957153 932.607910
3035.024658 775.160156 956.972900
3035.024658 810.586121 991.688904
3035.024658 856.875122 1050.768799
3035.024658 484.762146 1037.940063
3035.024658 509.127106 994.735962
3035.024658 543.843079 959.310974
3035.024658 586.545105 934.077942
3035.024658 781.255188 1559.890991
3035.024658 745.830200 1525.174927
3035.024658 511.465179 1226.053955
3035.024658 486.232178 1183.352051
3035.024658 791.217224 1566.887939
3025.024658 910.025208 1605.024902
3035.024658 1140.025146 1050.768799
3025.024658 1140.025146 1050.768799
3025.024658 475.758148 1050.768921
2225.024658 462.425110 1043.249023
2225.024658 472.029114 1047.114014
2225.024658 475.758148 1050.768921
2225.024658 488.423157 1180.431030
2225.024658 420.657166 1093.940918
2225.024658 418.001160 1089.445923
2225.024658 416.598145 1084.416992
2225.024658 417.846161 1074.139893
2225.024658 420.410156 1069.592041
2225.024658 424.065155 1065.863037
2225.024658 447.680145 1047.359985
2225.024658 452.175110 1044.703979
2225.024658 457.204132 1043.302002
3025.024658 1100.025269 1605.024902
3025.024658 1100.025269 1565.024902
3025.024658 1140.025269 1565.025879
2225.024658 1140.025269 1615.025879
2225.024658 1140.025269 1565.025879
2225.024658 1139.273315 1621.700928
2225.024658 1100.025269 1565.024902
2225.024658 1137.054199 1628.041870
2225.024658 1133.480225 1633.729980
2225.024658 1128.730347 1638.479858
2225.024658 1123.042236 1642.053833
2225.024658 1116.701294 1644.272949
2225.024658 860.306213 1644.258911
2225.024658 853.912170 1641.997925
2225.024658 843.430176 1633.527832
2225.024658 848.189209 1638.358887
2225.024658 638.423218 1371.876953
2225.024658 1100.025269 1605.024902
2225.024658 1110.025269 1645.024902
2225.024658 867.045166 1645.024902
2225.024658 910.025208 1605.024902
2930.024902 1090.025024 935.024841
2930.024902 910.025146 935.024841
2750.024902 910.025146 935.024841
2750.024902 1090.025024 935.024841
2695.135742 961.203125 800.024841
2690.025879 1000.025146 800.024841
2695.135742 1038.848022 800.024841
2710.121826 1075.024902 800.024841
2733.958740 1106.091064 800.024841
2765.025879 1129.928955 800.024841
2801.201904 1144.914063 800.024841
2840.024658 1150.025024 800.024841
2878.847900 1144.914063 800.024841
2915.024658 1129.928955 800.024841
2946.090576 1106.091064 800.024841
2969.928711 1075.024902 800.024841
2984.913818 1038.848022 800.024841
2990.024902 1000.025146 800.024841
2984.913818 961.203125 800.024841
2969.928711 925.025085 800.024841
2946.090576 893.959106 800.024841
2915.024658 870.122131 800.024841
2878.847900 855.137085 800.024841
2840.024658 850.025146 800.024841
2801.201904 855.137085 800.024841
2765.025879 870.122131 800.024841
2733.958740 893.959106 800.024841
2710.121826 925.025085 800.024841
2225.024658 638.423218 1430.025024
2075.024902 638.423218 1430.025024
2075.024902 638.423157 1050.025024
2075.024902 488.423157 1050.025024
2175.024658 606.724121 1050.025024
2175.024658 606.724121 950.024963
2185.380615 598.778137 1050.025024
2185.380615 598.778137 950.024963
2193.326660 588.423157 1050.025024
2193.326660 588.423157 950.024963
2198.321777 576.364075 1050.025024
2198.321777 576.364075 950.024963
2200.024902 563.423096 1050.025024
2200.024902 563.423096 950.024963
2198.321777 550.482117 1050.025024
2198.321777 550.482117 950.024963
2193.326660 538.423096 1050.025024
2193.326660 538.423096 950.024963
2185.380615 528.067139 1050.025024
2185.380615 528.067139 950.024963
2175.024658 520.122131 1050.025024
2175.024658 520.122131 950.024963
2162.965820 515.127136 1050.025024
2162.965820 515.127136 950.024963
2150.025879 513.423157 1050.025024
2150.025879 513.423157 950.024963
2137.083740 515.127136 1050.025024
2137.083740 515.127136 950.024963
2125.024902 520.122131 1050.025024
2125.024902 520.122131 950.024963
2114.669678 528.067139 1050.025024
2114.669678 528.067139 950.024963
2106.723877 538.423096 1050.025024
2106.723877 538.423096 950.024963
2101.728760 550.482117 1050.025024
2101.728760 550.482117 950.024963
2100.024658 563.423096 1050.025024
2100.024658 563.423096 950.024963
2101.728760 576.364075 1050.025024
2101.728760 576.364075 950.024963
2106.723877 588.423157 1050.025024
2106.723877 588.423157 950.024963
2114.669678 598.778137 1050.025024
2114.669678 598.778137 950.024963
2125.024902 606.724121 1050.025024
2125.024902 606.724121 950.024963
2137.083740 611.719116 1050.025024
2137.083740 611.719116 950.024963
2150.025879 613.423096 1050.025024
2150.025879 613.423096 950.024963
2162.965820 611.719116 950.024963
2162.965820 611.719116 1050.025024
2000.024902 663.423096 950.024963
2000.024902 613.423096 950.024963
2000.024902 613.423096 935.024902
2000.024902 663.423096 935.024902
2070.024658 633.423157 1472.525024
2070.024658 663.423157 1505.025024
2070.024658 663.423157 1405.025024
2070.024658 633.423157 1437.525024
2070.024658 613.423157 1405.025024
2050.024658 613.423157 1405.025024
2050.024658 613.423157 1437.525024
2070.024658 613.423157 1437.525024
2070.024658 613.423157 1472.525024
2050.024658 613.423157 1472.525024
2050.024658 613.423157 1505.025024
2070.024658 613.423157 1505.025024
2969.928711 925.025085 850.024902
2710.121826 925.025085 850.024902
2695.135742 961.203125 850.024902
2690.025879 1000.025146 850.024902
2915.024658 870.122131 850.024902
2946.090576 893.959106 850.024902
2878.847900 855.137085 850.024902
2840.024658 850.025146 850.024902
2801.201904 855.137085 850.024902
2930.024902 910.025146 850.024902
2765.025879 870.122131 850.024902
2733.958740 893.959106 850.024902
2750.024902 910.025146 850.024902
2695.135742 1038.848145 850.024902
2710.121826 1075.025024 850.024902
2733.958740 1106.091187 850.024902
2765.025879 1129.929077 850.025879
2946.090576 1106.091187 850.024902
2969.928711 1075.025024 850.024902
2984.913818 1038.848145 850.024902
2990.024902 1000.025146 850.024902
2984.913818 961.203125 850.024902
2801.201904 1144.914185 850.025879
2840.024658 1150.025146 850.025879
2750.024902 1090.025024 850.024902
2878.847900 1144.914185 850.025879
2915.024658 1129.929077 850.025879
2930.024902 1090.025024 850.024902
2225.024658 488.423157 1066.932983
2225.024658 638.423218 1258.378052
2225.024658 638.423157 1050.025024
2225.024658 488.423157 1050.025024
3035.024658 480.127167 1050.768921
3035.024658 457.204132 1043.302002
3035.024658 447.680145 1047.359985
3035.024658 452.175110 1044.703979
3035.024658 467.481110 1044.549927
3035.024658 472.029114 1047.114014
3035.024658 424.065155 1065.863037
3035.024658 420.410156 1069.592041
3035.024658 418.001160 1089.445923
3035.024658 416.598145 1084.416992
3035.024658 475.758148 1050.768921
3035.024658 416.546143 1079.195923
3035.024658 481.821167 1172.005005
3035.024658 472.410156 1085.976929
3035.024658 420.657166 1093.940918
3035.024658 472.911163 1135.573975
1250.024902 663.423096 935.024902
1250.024902 563.423096 935.024902
1250.024902 463.423126 1035.025024
1250.024902 563.423096 1035.025024
1250.024902 463.423157 1225.025024
1200.024780 463.423157 1225.025024
1200.024780 663.423157 1225.025024
1250.024902 663.423157 1225.025024
1300.024902 1263.423096 875.024780
1300.024902 1263.422974 800.024780
1300.024902 1063.423218 875.024841
1300.024902 1063.423096 800.024841
1700.024780 263.423096 875.024963
1700.024780 263.423096 800.024963
1700.024780 463.423096 800.024902
1700.024780 463.423096 875.024902
1100.024902 1063.423096 800.024841
1100.024902 1263.422974 800.024780
1100.024902 663.423096 875.024902
1100.024902 663.423096 935.024902
1100.024902 1063.423218 875.024841
1100.024902 1363.423096 875.024780
1100.024902 1363.423096 935.024780
1100.024902 1263.423096 875.024780
0
717
404 403
403 402
402 404
404 401
401 403
400 401
401 399
399 400
400 403
404 398
398 397
397 404
397 401
396 395
395 394
394 393
393 396
397 392
392 391
391 401
392 390
390 389
389 391
390 398
404 389
388 387
387 386
386 385
385 388
384 388
385 384
385 383
383 384
384 382
382 381
381 384
381 388
380 379
379 378
378 380
380 377
377 379
376 375
375 374
374 376
379 373
373 378
372 371
371 376
376 372
375 378
378 374
373 374
371 375
370 375
371 370
371 369
369 370
368 369
369 367
367 368
371 367
366 369
368 366
375 365
365 378
364 363
363 362
362 361
361 364
360 359
359 358
358 360
358 357
357 360
358 356
356 357
356 355
355 357
360 354
354 353
353 360
353 352
352 360
351 360
352 351
351 359
350 359
351 350
357 349
349 348
348 357
355 349
348 347
347 357
347 346
346 357
345 344
344 343
343 345
343 342
342 345
343 341
341 342
341 340
340 342
339 342
340 339
338 342
339 338
337 338
339 337
345 357
346 345
346 336
336 345
335 345
336 335
335 344
334 344
335 334
342 333
333 354
354 342
338 333
360 342
332 331
331 330
330 329
329 332
328 327
327 326
326 325
325 328
324 323
323 322
322 324
322 321
321 324
324 328
325 324
325 323
322 332
329 322
329 321
320 319
319 318
318 317
317 320
316 315
315 314
314 313
313 316
312 311
311 313
314 312
310 309
309 311
312 310
308 307
307 309
310 308
306 305
305 307
308 306
304 303
303 305
306 304
302 301
301 303
304 302
300 299
299 301
302 300
298 297
297 299
300 298
296 295
295 297
298 296
294 293
293 295
296 294
292 291
291 293
294 292
290 289
289 291
292 290
288 287
287 289
290 288
286 285
285 287
288 286
284 283
283 285
286 284
282 281
281 283
284 282
280 279
279 281
282 280
278 277
277 279
280 278
276 275
275 277
278 276
274 273
273 275
276 274
272 271
271 273
274 272
270 269
269 271
272 270
316 269
270 315
277 363
364 279
281 364
364 283
364 285
364 287
364 268
268 287
289 268
268 291
268 293
268 295
268 297
268 299
268 267
267 299
301 267
267 303
267 305
267 307
267 309
267 311
267 363
363 311
313 363
363 316
363 269
363 271
363 273
363 275
267 266
266 265
265 363
334 264
264 263
263 344
262 343
263 262
261 341
262 261
260 340
261 260
259 339
260 259
258 337
259 258
257 338
258 257
256 333
257 256
255 354
256 255
254 353
255 254
253 352
254 253
252 351
253 252
251 350
252 251
250 359
251 250
249 358
250 249
248 356
249 248
247 355
248 247
246 349
247 246
245 348
246 245
244 347
245 244
243 346
244 243
242 336
243 242
241 335
242 241
241 264
240 357
345 239
239 240
342 238
238 239
237 360
240 237
236 235
235 234
234 236
234 233
233 236
236 362
362 232
232 236
232 235
231 235
235 230
230 231
232 230
229 235
231 229
228 235
229 228
233 227
227 226
226 233
234 227
226 225
225 233
225 224
224 233
223 233
224 223
222 233
223 222
221 222
223 221
220 222
222 219
219 220
221 219
220 218
218 217
217 222
217 216
216 233
215 214
214 213
213 212
212 211
211 210
210 209
209 208
208 207
207 206
206 361
361 205
205 204
204 203
203 215
202 201
201 200
200 375
375 202
217 202
202 199
199 217
199 216
218 201
201 217
198 377
377 197
197 196
196 195
195 194
194 198
193 192
192 191
191 190
190 365
365 189
189 188
188 187
187 186
186 185
185 184
184 193
197 183
183 182
182 196
380 181
181 183
183 377
378 180
180 181
365 179
179 180
191 178
178 179
179 190
192 177
177 178
193 176
176 177
184 175
175 176
185 174
174 175
186 173
173 174
187 172
172 173
188 171
171 172
170 171
188 169
169 170
168 194
195 167
167 168
166 165
165 170
169 166
164 163
163 165
166 164
162 161
161 163
164 162
160 159
159 161
162 160
158 157
157 159
160 158
156 155
155 157
158 156
154 153
153 155
156 154
152 151
151 153
154 152
150 149
149 151
152 150
148 147
147 149
150 148
198 168
168 147
148 198
182 167
146 145
145 144
144 143
143 142
142 141
141 140
140 139
139 138
138 137
137 136
136 135
135 134
134 133
133 132
132 131
131 130
130 129
129 128
128 127
127 126
126 125
125 124
124 123
123 146
122 132
133 121
121 122
134 120
120 121
135 119
119 120
136 118
118 119
137 117
117 118
138 116
116 117
139 115
115 116
140 114
114 115
141 113
113 114
142 112
112 113
143 111
111 112
144 110
110 111
145 109
109 110
146 108
108 109
123 107
107 108
124 106
106 107
125 105
105 106
126 104
104 105
127 103
103 104
128 102
102 103
129 101
101 102
130 100
100 101
131 99
99 100
122 99
98 97
97 96
96 95
95 98
98 94
94 93
93 98
93 92
92 98
93 91
91 92
91 90
90 92
89 92
90 89
88 92
89 88
95 87
87 98
87 86
86 98
85 98
86 85
85 94
84 94
85 84
92 83
83 82
82 92
88 83
82 81
81 92
81 80
80 92
81 79
79 80
79 78
78 80
77 80
78 77
80 76
76 75
75 80
77 76
75 97
97 80
97 74
74 73
73 97
75 74
73 72
72 97
72 71
71 97
71 96
70 69
69 68
68 70
68 67
67 70
70 66
66 65
65 70
65 69
64 63
63 62
62 61
61 64
60 59
59 58
58 57
57 60
56 55
55 54
54 53
53 56
52 51
51 50
50 49
49 52
386 54
55 383
400 48
48 56
56 400
56 381
381 400
399 47
47 400
47 48
53 387
387 56
387 381
46 45
45 63
63 58
58 46
44 43
43 42
42 64
64 44
41 40
40 39
39 41
39 38
38 41
41 45
46 41
46 40
39 43
44 39
44 38
37 70
67 36
36 37
85 35
35 34
34 84
33 94
34 33
32 93
33 32
31 91
32 31
30 90
31 30
29 89
30 29
28 88
29 28
27 83
28 27
26 82
27 26
25 81
26 25
24 79
25 24
23 78
24 23
22 77
23 22
21 76
22 21
20 75
21 20
19 74
20 19
18 73
19 18
17 72
18 17
16 71
17 16
15 96
16 15
14 95
15 14
13 87
14 13
12 86
13 12
12 35
11 98
92 10
10 11
80 9
9 10
97 8
8 9
9 7
7 6
6 9
6 10
8 5
5 9
5 7
10 4
4 11
6 4
376 3
3 372
2 369
366 2
1 203
204 1
210 0
0 209
319
3 -454 -379 -421
3 -383 -403 -399
3 -391 -375 -396
3 -355 716 717
3 714 -362 715
3 712 -63 713
3 -50 710 711
3 709 -707 -703
3 707 708 -695
3 -705 706 -700
3 -699 704 705
3 -702 703 -697
3 700 701 702
3 -640 641 -634
3 639 -627 640
3 -637 638 -631
3 636 -623 637
3 -633 634 635
3 631 632 633
3 -622 -26 -37
3 -621 622 -615
3 -605 620 621
3 -618 619 -612
3 -8 617 618
3 -614 615 616
3 612 613 614
3 -592 593 -585
3 590 591 592
3 -587 588 589
3 585 586 587
3 -531 -583 584
3 -581 582 583
3 -578 580 581
3 579 -576 -574
3 576 577 578
3 -572 574 575
3 573 -570 -568
3 570 571 572
3 568 -567 569
3 -565 566 567
3 -562 564 565
3 -561 562 563
3 -558 560 561
3 559 -556 -545
3 556 557 558
3 554 -553 555
3 -534 -551 553
3 551 -550 552
3 -548 549 550
3 -533 547 548
3 545 -543 546
3 543 -542 544
3 -540 541 542
3 -537 539 540
3 -536 537 538
3 534 535 536
3 -373 -364 -368
3 -346 372 373
3 -370 371 -348
3 368 369 370
3 -342 -339 344
3 341 342 343
3 339 -338 340
3 337 -335 338
3 335 -334 336
3 -332 333 334
3 -329 331 332
3 330 -327 -313
3 327 328 329
3 325 -323 326
3 323 -319 324
3 -318 322 -320
3 319 320 321
3 -317 318 -310
3 315 316 317
3 -312 313 314
3 310 311 312
3 -222 -209 -251
3 251 -212 -250
3 250 -215 -249
3 249 -218 -248
3 248 -220 -247
3 -245 -246 -155
3 246 247 -153
3 244 245 -243
3 243 -158 -242
3 242 -161 -241
3 241 -164 -240
3 240 -167 -239
3 -237 -238 -173
3 238 239 -170
3 236 237 -235
3 235 -176 -234
3 234 -179 -233
3 233 -182 -232
3 232 -185 -231
3 -229 -230 -191
3 230 231 -188
3 228 229 -227
3 227 -194 -226
3 226 -197 -225
3 -203 -223 -224
3 224 225 -200
3 -144 145 -138
3 143 -130 144
3 -141 142 -135
3 140 -134 141
3 -137 138 139
3 135 136 137
3 -124 -80 126
3 125 -122 -109
3 122 123 124
3 120 -119 121
3 -98 -117 119
3 117 -116 118
3 -114 115 116
3 113 -97 114
3 111 -110 112
3 109 -107 110
3 107 -106 108
3 -104 105 106
3 -101 103 104
3 -100 101 102
3 98 99 100
3 -95 96 97
3 -92 94 95
3 93 -90 -79
3 90 91 92
3 88 -87 89
3 -71 -85 87
3 85 -84 86
3 -82 83 84
3 80 81 82
3 -77 78 79
3 -74 76 77
3 -73 74 75
3 71 72 73
3 65 66 -51
3 63 -59 64
3 -57 62 -60
3 59 60 61
3 -56 57 58
3 55 -54 56
3 -43 -49 54
3 -52 -47 53
3 51 52 -44
3 48 49 50
3 46 47 -39
3 43 44 45
3 41 42 -38
3 38 39 40
3 -36 37 -30
3 34 35 36
3 -31 32 33
3 30 -29 31
3 -12 13 -4
3 10 11 12
3 -5 -6 9
3 6 7 8
3 4 5 -1
3 1 2 3
4 -696 -575 698 699
4 -694 -563 696 697
4 693 -538 694 695
4 -645 -552 -690 692
4 690 -549 -688 691
4 688 -547 -686 689
4 686 -532 -684 687
4 684 -584 -682 685
4 682 -582 -680 683
4 680 -580 -678 681
4 678 -577 -676 679
4 676 -579 -674 677
4 674 -571 -672 675
4 672 -573 -670 673
4 670 -569 -668 671
4 668 -566 -666 669
4 666 -564 -664 667
4 664 -560 -662 665
4 662 -557 -660 663
4 660 -559 -658 661
4 658 -546 -656 659
4 656 -544 -654 657
4 654 -541 -652 655
4 652 -539 -650 653
4 650 -535 -648 651
4 648 -554 -647 649
4 645 646 647 -555
4 642 -589 643 644
4 -620 -604 -610 -27
4 627 628 629 630
4 623 624 625 626
4 606 607 608 609
4 602 603 604 605
4 598 599 600 601
4 594 595 596 597
4 530 531 532 533
4 -482 529 -527 -472
4 527 528 -525 -473
4 525 526 -523 -474
4 523 524 -521 -475
4 521 522 -519 -476
4 519 520 -517 -477
4 517 518 -515 -478
4 515 516 -513 -479
4 513 514 -511 -480
4 511 512 -509 -481
4 509 510 -507 -458
4 507 508 -505 -459
4 505 506 -503 -460
4 503 504 -501 -461
4 501 502 -499 -462
4 499 500 -497 -463
4 497 498 -495 -464
4 495 496 -493 -465
4 493 494 -491 -466
4 491 492 -489 -467
4 489 490 -487 -468
4 487 488 -485 -469
4 485 486 -483 -470
4 482 -471 483 484
4 -422 -377 -393 457
4 454 455 -451 456
4 451 452 -448 453
4 448 449 -445 450
4 445 446 -442 447
4 442 443 -439 444
4 439 440 -436 441
4 436 437 -433 438
4 433 434 -430 435
4 430 431 -427 432
4 427 428 -424 429
4 424 425 -420 426
4 421 -378 422 423
4 418 -416 419 420
4 416 417 -414 -386
4 414 415 -412 -387
4 412 413 -410 -388
4 410 411 -408 -389
4 408 409 -406 -390
4 406 407 -404 -380
4 404 405 -401 -381
4 401 402 403 -382
4 399 400 -397 -66
4 397 398 -394 -40
4 -41 394 395 396
4 391 392 393 -376
4 364 365 366 367
4 -337 -347 348 349
4 -341 345 346 347
4 308 -75 -303 309
4 -304 -102 306 307
4 303 -113 304 305
4 -255 -121 -300 302
4 300 -118 -298 301
4 298 -115 -296 299
4 296 -96 -294 297
4 294 -94 -292 295
4 292 -91 -290 293
4 290 -93 -288 291
4 288 -78 -286 289
4 286 -76 -284 287
4 284 -72 -282 285
4 282 -88 -280 283
4 280 -89 -278 281
4 278 -86 -276 279
4 276 -83 -274 277
4 274 -81 -272 275
4 272 -123 -270 273
4 270 -125 -268 271
4 268 -111 -266 269
4 266 -112 -264 267
4 264 -108 -262 265
4 262 -105 -260 263
4 260 -103 -258 261
4 258 -99 -257 259
4 255 256 257 -120
4 252 253 254 -244
4 222 -67 223 -206
4 -150 220 -217 221
4 217 218 -214 219
4 214 215 -211 216
4 211 212 -208 213
4 208 209 -205 210
4 205 206 -202 207
4 202 203 -199 204
4 199 200 -196 201
4 196 197 -193 198
4 193 194 -190 195
4 190 191 -187 192
4 187 188 -184 189
4 184 185 -181 186
4 181 182 -178 183
4 178 179 -175 180
4 175 176 -172 177
4 172 173 -169 174
4 169 170 -166 171
4 166 167 -163 168
4 163 164 -160 165
4 160 161 -157 162
4 157 158 -154 159
4 154 155 -152 156
4 150 151 152 153
4 146 147 148 149
4 131 132 133 134
4 127 128 129 130
4 67 68 69 70
4 26 27 28 29
4 -22 24 -10 25
4 -19 21 22 23
4 -13 18 19 20
4 14 15 16 17
5 -32 -28 610 -603 611
24 -508 -510 -512 -514 -516 -518 -520 -522 -524 -526 -528 -529 -484 -486 -488 -490
   -492 -494 -496 -498 -500 -502 -504 -506
24 458 459 460 461 462 463 464 465 466 467 468 469 470 471 472 473
   474 475 476 477 478 479 480 481
26 -409 -411 -413 -415 -417 -418 -425 -428 -431 -434 -437 -440 -443 -446 -449 -452
   -455 -423 -457 -392 -395 -398 -400 -402 -405 -407
11 380 381 382 383 384 385 386 387 388 389 390
6 374 375 376 377 378 379
14 350 351 352 353 354 355 356 357 358 359 360 361 362 363
0
0
-2
*
264
1900.024902 1263.422974 800.024780
1500.024902 1750.025024 800.024780
1700.024780 1263.422974 800.024780
1300.024902 1263.422974 800.024780
1100.024902 1263.422974 800.024780
3000.024902 1750.025024 800.024780
2765.025879 1129.928955 800.024841
2710.121826 1075.024902 800.024841
2733.958740 1106.091064 800.024841
2695.135742 1038.848022 800.024841
1500.024902 956.724121 800.024841
1700.024780 1063.423096 800.024841
1900.024902 663.423096 800.024902
2695.135742 961.203125 800.024841
1900.024902 1063.423096 800.024841
2690.025879 1000.025146 800.024841
2710.121826 925.025085 800.024841
2733.958740 893.959106 800.024841
2765.025879 870.122131 800.024841
2801.201904 855.137085 800.024841
2840.024658 850.025146 800.024841
3000.024902 663.423096 800.024902
2878.847900 855.137085 800.024841
2915.024658 870.122131 800.024841
2946.090576 893.959106 800.024841
3000.024902 956.724121 800.024841
2969.928711 925.025085 800.024841
2984.913818 961.203125 800.024841
2990.024902 1000.025146 800.024841
2984.913818 1038.848022 800.024841
1700.024780 463.423096 800.024902
1500.024902 0.025095 800.024963
1700.024780 263.423096 800.024963
1900.024902 463.423096 800.024902
2000.024902 0.025095 800.024963
1900.024902 263.423096 800.024963
2000.024902 458.423065 800.024902
1900.024902 458.423065 800.024902
1300.024902 463.423096 800.024902
1300.024902 263.423096 800.024963
1700.024780 1063.423218 875.024841
1300.024902 1063.423218 875.024841
1700.024780 1263.423096 875.024780
1300.024902 463.423096 875.024902
1300.024902 263.423096 875.024963
1700.024780 463.423096 875.024902
1700.024780 263.423096 875.024963
1100.024902 463.423096 875.024902
1100.024902 1063.423218 875.024841
1900.024902 1063.423218 875.024841
1900.024902 463.423096 875.024902
1300.024902 1263.423096 875.024780
1900.024902 1363.423096 875.024780
1900.024902 1263.423096 875.024780
1100.024902 1263.423096 875.024780
1100.024902 1363.423096 875.024780
211.202972 1144.914063 800.024841
80.024994 1750.025024 800.024780
175.024979 1129.928955 800.024841
250.024994 1150.025024 800.024841
143.958984 1106.091064 800.024841
120.121994 1075.024902 800.024841
105.136993 1038.848022 800.024841
100.024994 1000.025146 800.024841
80.024994 0.025095 800.024963
105.136993 961.203125 800.024841
120.121994 925.025085 800.024841
143.958984 893.959106 800.024841
175.024979 870.122131 800.024841
250.024994 850.025146 800.024841
1100.024902 263.423096 800.024963
288.847992 855.137085 800.024841
288.847992 1144.914063 800.024841
211.202972 855.137085 800.024841
356.090973 893.959106 800.024841
1100.024902 463.423096 800.024902
379.928986 925.025085 800.024841
1300.024902 1063.423096 800.024841
325.024963 870.122131 800.024841
1100.024902 1063.423096 800.024841
394.913971 961.203125 800.024841
2750.024902 910.025146 1045.024902
2930.024902 850.025146 1045.024902
2930.024902 910.025146 1045.024902
2750.024902 1090.025024 1045.024902
340.024963 910.025146 1045.024902
160.024979 910.025146 1045.024902
160.024979 850.025146 1045.024902
340.024963 1090.025024 1045.024902
160.024979 1150.025146 1045.024902
160.024979 1090.025024 1045.024902
2930.024902 1090.025024 1045.024902
2930.024902 1150.025146 1045.024902
600.024963 0.025047 400.025024
3000.024902 0.025000 0.025000
3000.024902 0.025095 800.024963
600.024963 0.025095 800.024963
0.025000 0.025047 400.025024
0.025000 0.025000 0.025000
0.025000 1750.025024 0.024792
0.025000 1750.025146 850.025818
80.024994 1750.025146 850.025818
3000.024902 1750.025024 0.024792
1250.024902 463.423126 1035.025024
1900.024902 -86.576874 1035.025024
1900.024902 563.423096 1035.025024
1250.024902 563.423096 1035.025024
1100.024902 463.423126 1035.025024
1100.024902 -86.576874 1035.025024
1900.024902 263.423096 875.024963
1900.024902 -86.576874 1002.414917
1100.024902 -86.576874 1002.414917
1100.024902 263.423096 875.024963
2070.024658 633.423157 1472.525024
2070.024658 613.423157 1472.525024
950.024963 613.423157 1472.525024
950.024963 633.423157 1472.525024
2070.024658 613.423157 1437.525024
2070.024658 633.423157 1437.525024
950.024963 633.423157 1437.525024
950.024963 613.423157 1437.525024
2070.024658 663.423157 1405.025024
2070.024658 613.423157 1405.025024
950.024963 613.423157 1405.025024
950.024963 663.423157 1405.025024
2070.024658 613.423157 1505.025024
2070.024658 663.423157 1505.025024
950.024963 663.423157 1505.025024
950.024963 613.423157 1505.025024
2930.024902 1150.025146 935.024841
160.024979 1150.025146 935.024841
2930.024902 850.025146 935.024841
160.024979 850.025146 935.024841
340.024963 910.025208 1395.024902
160.024979 910.025208 1595.024780
2750.024902 910.025208 1395.024902
2930.024902 910.025208 1595.024780
2750.024902 1090.025024 1395.024902
160.024979 1090.025146 1595.024780
2930.024902 1090.025146 1595.024780
340.024963 1090.025024 1395.024902
1100.024902 1363.423096 935.024780
1100.024902 1150.025146 935.024841
1900.024902 1150.025146 935.024841
1900.024902 1363.423096 935.024780
2969.928711 1075.024902 800.024841
2946.090576 1106.091064 800.024841
2915.024658 1129.928955 800.024841
2878.847900 1144.914063 800.024841
2840.024658 1150.025024 800.024841
2801.201904 1144.914063 800.024841
2131.907715 495.808197 1430.025024
2075.024902 488.423187 1430.025024
2150.025879 493.423187 1430.025024
2115.024902 502.801178 1430.025024
2225.024658 488.423187 1430.025024
2168.142822 495.808197 1430.025024
2185.024658 502.801178 1430.025024
2199.522705 513.925171 1430.025024
2210.646973 528.423218 1430.025024
2217.639648 545.305176 1430.025024
2220.024902 563.423157 1430.025024
2225.024658 638.423218 1430.025024
2217.639648 581.540161 1430.025024
2210.646973 598.423157 1430.025024
2199.522705 612.920166 1430.025024
2185.024658 624.045227 1430.025024
2168.142822 631.038208 1430.025024
2150.025879 633.423157 1430.025024
2075.024902 638.423218 1430.025024
2131.907715 631.038208 1430.025024
2115.024902 624.045227 1430.025024
2100.527832 612.920166 1430.025024
2089.402588 598.423157 1430.025024
2082.410889 581.540161 1430.025024
2080.024658 563.423157 1430.025024
2082.410889 545.305176 1430.025024
2089.402588 528.423218 1430.025024
2100.527832 513.925171 1430.025024
2162.965820 515.127136 950.024963
2000.024902 -86.576889 950.025024
2175.024658 520.122131 950.024963
2150.025879 513.423157 950.024963
3000.024902 -86.576889 950.025024
2185.380615 528.067139 950.024963
2193.326660 538.423096 950.024963
2198.321777 550.482117 950.024963
3000.024902 663.423096 950.024963
2200.024902 563.423096 950.024963
2198.321777 576.364075 950.024963
2193.326660 588.423157 950.024963
2185.380615 598.778137 950.024963
2175.024658 606.724121 950.024963
2162.965820 611.719116 950.024963
2000.024902 663.423096 950.024963
2150.025879 613.423096 950.024963
2137.083740 611.719116 950.024963
2125.024902 606.724121 950.024963
2114.669678 598.778137 950.024963
2050.024658 613.423096 950.024963
2106.723877 588.423157 950.024963
2101.728760 576.364075 950.024963
2100.024658 563.423096 950.024963
2050.024658 513.423157 950.024963
2101.728760 550.482117 950.024963
2106.723877 538.423096 950.024963
2114.669678 528.067139 950.024963
2125.024902 520.122131 950.024963
2137.083740 515.127136 950.024963
2000.024902 613.423096 950.024963
2000.024902 513.423157 950.024963
1970.024780 613.423096 935.024902
1900.024902 663.423096 935.024902
1900.024902 563.423096 935.024902
1970.024780 513.423157 935.024902
2000.024902 613.423096 935.024902
2000.024902 663.423096 935.024902
2000.024902 458.423065 935.024902
2000.024902 513.423157 935.024902
1250.024902 663.423096 935.024902
1250.024902 563.423096 935.024902
1900.024902 458.423065 935.024902
1900.024902 850.025146 935.024841
1100.024902 850.025146 935.024841
1100.024902 663.423096 935.024902
1900.024902 663.423096 875.024902
2075.024902 638.423157 1050.025024
2075.024902 488.423157 1050.025024
2225.024658 488.423157 1050.025024
2225.024658 488.423157 1180.431030
2225.024658 638.423218 1371.876953
2930.024902 910.025146 935.024841
2930.024902 1090.025024 935.024841
2930.024902 910.025146 850.024902
2930.024902 1090.025024 850.024902
2750.024902 910.025146 935.024841
2750.024902 1090.025024 935.024841
400.024994 1000.025146 800.024841
394.913971 1038.848022 800.024841
379.928986 1075.024902 800.024841
356.090973 1106.091064 800.024841
325.024963 1129.928955 800.024841
0.025000 0.025101 850.025024
0.025000 -79.974869 1130.025024
0.025000 0.025134 1130.025024
0.025000 -249.974945 400.025055
0.025000 -249.974869 1060.025024
1940.024902 613.423157 1472.525024
1940.024902 613.423157 1505.025024
1080.024780 613.423157 1505.025024
1080.024780 613.423157 1472.525024
1940.024902 613.423157 1405.025024
1940.024902 613.423157 1437.525024
1080.024780 613.423157 1437.525024
1080.024780 613.423157 1405.025024
600.024963 -249.974869 1060.025024
600.024963 -249.974945 400.025055
600.024963 -79.974869 1130.025024
600.024963 0.025134 1130.025024
80.024994 0.025101 850.025024
160.024979 1090.025024 935.024841
160.024979 1090.025024 850.024902
160.024979 910.025146 935.024841
160.024979 910.025146 850.024902
0
582
87 262
262 132
138 86
134 138
130 260
130 90
263 262
261 263
262 86
261 262
261 86
260 261
86 90
260 86
90 260
259 101
242 259
258 257
93 258
257 255
93 256
256 255
245 256
255 246
124 127
126 121
116 119
118 113
254 251
253 254
252 253
251 252
250 247
249 250
248 249
247 248
44 112
99 98
99 97
99 242
242 100
246 243
245 246
245 243
245 242
97 245
242 97
244 242
243 244
242 243
111 108
108 112
70 112
75 112
107 75
112 107
241 240
72 241
241 4
240 239
4 240
239 238
4 239
4 238
79 4
237 80
238 237
79 238
237 79
140 133
143 129
232 236
236 129
131 222
131 235
235 231
236 235
143 236
143 235
222 143
235 222
234 232
234 231
233 234
231 233
136 91
139 136
129 91
232 129
232 91
231 232
131 231
82 231
231 91
83 231
91 83
230 162
229 230
155 229
228 155
227 228
227 152
226 227
169 226
50 225
225 12
187 216
216 194
12 212
12 216
216 21
220 106
55 141
11 40
42 2
30 45
50 33
37 221
37 109
104 110
105 110
105 221
213 105
109 221
221 110
109 46
35 109
46 32
34 217
217 36
210 218
210 217
217 180
180 34
34 95
183 95
183 21
21 187
94 102
5 21
94 5
94 21
21 95
0 53
0 49
49 14
144 212
52 144
225 49
212 225
49 212
49 53
144 49
53 144
224 219
223 224
223 219
223 212
222 223
212 222
221 217
213 221
220 213
220 212
219 220
212 219
218 214
217 218
217 214
213 217
216 212
216 211
215 216
211 215
214 211
213 214
213 211
212 213
211 212
210 180
203 210
203 180
182 208
208 180
209 199
194 209
199 194
208 207
203 208
207 206
203 207
206 205
203 206
204 202
205 204
203 205
204 203
203 202
199 203
202 201
199 202
201 200
199 201
198 199
200 198
199 200
198 197
194 198
197 196
194 197
196 195
194 196
195 193
194 195
194 193
187 194
193 192
187 193
192 191
187 192
190 189
191 190
187 191
190 187
189 188
187 189
188 186
187 188
187 186
183 187
185 184
186 185
183 186
185 183
184 181
183 184
183 181
180 183
182 180
179 182
181 179
180 181
179 180
154 178
178 177
152 178
177 176
152 177
176 175
152 176
152 175
169 152
175 174
169 175
174 173
169 174
173 172
169 173
172 171
169 172
171 170
169 171
170 168
169 170
169 168
162 169
168 167
162 168
167 166
162 167
166 165
162 166
165 164
162 165
164 163
162 164
163 161
162 163
162 161
155 162
160 159
161 160
155 161
160 155
159 158
155 159
158 157
155 158
157 156
155 157
156 153
155 156
155 153
152 155
154 152
151 154
153 151
152 153
151 152
0 14
15 9
6 150
150 149
5 150
149 148
5 149
148 147
5 148
147 146
5 147
146 145
5 146
25 5
145 29
5 145
29 5
144 141
143 144
142 143
141 142
135 137
84 137
84 139
139 91
90 138
90 140
140 88
137 140
140 138
139 137
138 139
137 138
83 136
83 135
135 81
133 135
136 134
135 136
134 135
85 133
86 133
134 86
133 134
132 131
87 132
131 82
130 89
129 130
92 129
128 125
127 128
126 127
125 126
124 121
123 124
122 123
121 122
120 117
119 120
118 119
117 118
116 113
115 116
114 115
113 114
112 109
111 112
110 111
109 110
108 104
108 103
107 108
103 107
106 103
105 106
105 103
104 105
103 104
102 99
102 57
5 102
57 5
101 57
100 101
100 57
99 100
57 99
98 94
98 93
97 98
93 97
96 93
95 96
95 93
94 95
93 94
92 89
92 84
91 92
84 91
90 88
89 90
88 85
89 88
84 89
88 84
87 82
87 85
86 87
85 86
85 82
85 81
84 85
81 84
83 81
82 83
81 82
38 43
44 39
77 79
80 76
79 80
76 79
70 75
74 78
70 74
78 71
70 78
3 77
77 76
77 75
10 77
10 75
75 38
69 73
76 74
75 76
74 75
70 73
73 68
64 73
1 57
4 57
4 59
72 4
59 72
70 64
64 31
39 70
70 31
71 69
70 71
69 70
68 67
64 68
67 66
64 67
66 65
64 66
65 63
64 65
64 63
57 64
63 62
57 63
62 61
57 62
61 60
57 61
60 58
57 60
59 57
56 59
58 56
57 58
56 57
55 52
55 51
54 55
51 54
53 42
52 53
52 42
51 52
51 42
41 51
50 45
50 40
49 50
40 49
48 41
48 43
47 48
43 47
45 46
46 44
45 44
40 45
40 44
44 43
40 43
43 41
42 40
41 42
40 41
10 38
39 31
38 39
31 38
37 35
37 34
36 37
34 36
35 32
35 31
34 35
31 34
33 12
30 33
10 31
32 30
31 32
30 31
30 12
10 30
29 28
25 29
27 26
28 27
25 28
27 25
26 24
26 21
25 26
21 25
24 23
21 24
23 22
21 23
12 21
22 20
21 22
20 21
19 18
20 19
12 20
19 12
18 17
12 18
17 16
12 17
16 13
12 16
14 11
15 14
13 15
14 10
13 14
13 10
12 13
10 12
11 2
11 3
10 11
3 10
9 7
0 9
8 6
8 1
7 8
7 1
0 7
6 5
1 6
5 1
3 2
4 3
1 4
3 1
2 0
1 2
0 1
303
3 -1 -409 -9
3 2 -345 1
3 -3 -325 -13
3 -342 4 3
3 -6 5 -15
3 -402 -347 6
3 -10 8 7
3 -11 10 9
3 -14 12 11
3 15 14 13
3 -39 38 -390
3 -40 39 -47
3 41 -386 40
3 -44 43 42
3 -45 44 -50
3 47 46 45
3 50 49 48
3 -56 -52 -372
3 52 -367 51
3 -54 -424 53
3 56 55 54
3 -61 -59 57
3 59 -445 58
3 -63 61 60
3 -64 63 62
3 65 64 -68
3 66 -422 -69
3 69 68 67
3 71 -73 -78
3 73 -89 72
3 -75 74 -81
3 76 -92 75
3 -79 78 77
3 81 80 79
3 -83 82 -91
3 85 84 83
3 -86 -333 -96
3 -324 87 86
3 -88 -349 -399
3 -90 89 88
3 91 90 -94
3 -93 -346 92
3 -95 -416 93
3 96 95 94
3 -107 -138 -111
3 108 -216 107
3 -110 109 -171
3 111 -540 110
3 -119 118 -124
3 -127 -510 119
3 -121 -377 120
3 -122 121 -125
3 -162 123 122
3 125 -369 124
3 -129 -134 -133
3 130 -513 129
3 -132 131 -168
3 133 -180 132
3 -137 136 -143
3 138 -230 137
3 -141 139 -381
3 -142 141 140
3 143 -395 142
3 -145 144 -152
3 146 -300 145
3 -153 147 -151
3 -482 148 -154
3 151 150 149
3 154 153 152
3 -157 156 155
3 -158 157 -166
3 160 159 158
3 162 161 -170
3 -164 163 -178
3 166 165 164
3 168 167 -169
3 170 169 -176
3 -172 171 -179
3 174 173 172
3 -177 176 175
3 179 178 177
3 181 180 -182
3 182 -184 -189
3 184 -239 183
3 -208 -187 -204
3 187 186 185
3 189 188 -191
3 191 190 -193
3 193 192 -196
3 -198 -197 194
3 197 196 195
3 199 198 -201
3 201 200 -203
3 203 202 -206
3 206 205 204
3 208 207 -210
3 210 209 -212
3 212 211 -214
3 -215 214 213
3 216 215 -218
3 218 217 -220
3 220 219 -223
3 -226 -224 221
3 224 223 222
3 -228 226 225
3 -229 228 227
3 230 229 -233
3 -236 -234 231
3 234 233 232
3 -237 236 235
3 238 237 -242
3 240 239 -243
3 243 242 241
3 -295 244 -246
3 246 245 -248
3 248 247 -250
3 250 249 -251
3 252 251 -254
3 254 253 -256
3 256 255 -258
3 258 257 -260
3 260 259 -262
3 262 261 -264
3 264 263 -265
3 266 265 -268
3 268 267 -270
3 270 269 -272
3 272 271 -274
3 274 273 -276
3 276 275 -278
3 278 277 -279
3 280 279 -283
3 281 -286 -284
3 284 283 282
3 286 285 -288
3 288 287 -290
3 290 289 -292
3 292 291 -293
3 294 293 -298
3 296 295 -299
3 299 298 297
3 -573 302 -304
3 304 303 -306
3 306 305 -308
3 308 307 -310
3 310 309 -312
3 312 311 -315
3 -527 313 -316
3 316 315 314
3 -323 322 -330
3 324 -400 323
3 -326 325 -329
3 327 -401 326
3 329 -332 328
3 332 331 330
3 -334 333 -338
3 335 -415 334
3 336 -339 -343
3 339 338 337
3 -341 -410 340
3 343 342 341
3 -371 370 -378
3 373 372 371
3 -376 375 374
3 378 377 376
3 -380 379 -387
3 382 381 380
3 -385 384 383
3 387 386 385
3 -389 388 -396
3 391 390 389
3 -394 393 392
3 396 395 394
3 -398 397 -405
3 400 399 398
3 402 401 -404
3 -413 -406 403
3 406 405 404
3 -408 407 -411
3 410 409 408
3 -412 411 -417
3 414 413 412
3 417 416 415
3 420 -423 -430
3 423 422 421
3 424 -438 -426
3 426 425 -428
3 428 427 -452
3 -565 429 -432
3 -437 -431 430
3 -433 432 431
3 434 -506 433
3 -439 -453 435
3 438 437 436
3 -447 439 -441
3 441 440 -455
3 -443 -578 442
3 -444 443 -472
3 446 445 444
3 448 -450 447
3 450 -507 449
3 453 452 451
3 455 454 -457
3 457 456 -459
3 459 458 -461
3 461 460 -462
3 463 462 -465
3 465 464 -467
3 467 466 -469
3 469 468 -471
3 471 470 -475
3 473 472 -476
3 476 475 474
3 -478 477 -484
3 480 479 478
3 482 481 -483
3 -485 484 483
3 486 485 -504
3 -488 487 -498
3 490 489 488
3 -492 491 -502
3 494 493 492
3 496 -497 495
3 -499 498 497
3 500 -501 499
3 502 -505 501
3 505 504 503
3 506 -509 -520
3 509 508 507
3 -511 510 -516
3 513 512 511
3 -515 514 -522
3 517 516 515
3 519 518 -524
3 520 -523 -525
3 523 522 521
3 525 524 -561
3 527 526 -530
3 -534 -531 528
3 531 530 529
3 -537 -533 532
3 535 534 533
3 537 536 -539
3 539 538 -542
3 540 -543 -546
3 543 542 541
3 -549 -547 544
3 547 546 545
3 -551 549 548
3 -553 551 550
3 -560 553 552
3 -557 554 -564
3 556 555 -558
3 -559 558 557
3 561 560 559
3 -563 562 -576
3 565 564 563
3 -572 567 566
3 -574 -569 568
3 -571 570 569
3 -582 572 571
3 575 574 573
3 -581 -579 576
3 579 578 577
3 582 581 580
4 -328 -321 -336 -70
4 -331 -4 -337 -87
4 -384 -41 17 16
4 -23 -46 -391 21
4 24 -43 23 22
4 26 -354 25 -352
4 28 -362 27 -360
4 32 31 30 29
4 36 35 34 33
4 -368 -120 -370 -51
4 -53 -449 -419 37
4 -388 -38 -379 -139
4 -327 70 -340 -403
4 -280 99 98 97
4 -102 101 100 -294
4 104 103 102 -252
4 -512 -130 -161 -118
4 106 -518 -117 105
4 -163 112 -375 -123
4 -317 -148 -477 113
4 -144 -580 -115 -481
4 -114 -554 -146 -490
4 115 -562 114 -503
4 117 -519 116 -487
4 128 -514 127 126
4 135 -136 -238 134
4 301 -567 300 -555
4 320 319 318 317
4 -335 321 -322 -414
4 346 -407 345 344
4 349 348 347 -397
4 353 352 351 350
4 357 356 355 354
4 361 360 359 358
4 365 364 363 362
4 369 368 367 366
4 419 -508 418 -500
5 20 -22 -21 19 18
0
0
-2
*
23
150.024979 853.912170 1641.997925
150.024979 867.045166 1645.024902
150.024979 860.306213 1644.258911
150.024979 848.189209 1638.358887
150.024979 843.430176 1633.527832
150.024979 420.657166 1093.940918
150.024979 1110.025269 1645.024902
150.024979 418.001160 1089.445923
150.024979 1131.238281 1636.237915
150.024979 416.598145 1084.416992
150.024979 1136.006226 1630.024902
150.024979 417.846161 1074.139893
150.024979 1139.003296 1622.789917
150.024979 1117.790283 1644.002930
150.024979 1125.025269 1641.005859
150.024979 1140.025269 1615.025879
150.024979 1140.025146 1050.768799
150.024979 462.425110 1043.249023
150.024979 472.029114 1047.114014
150.024979 424.065155 1065.863037
150.024979 447.680145 1047.359985
150.024979 475.758148 1050.768921
150.024979 452.175110 1044.703979
0
43
22 21
21 20
20 22
21 19
19 20
18 21
22 18
22 17
17 18
21 16
16 15
15 21
15 19
14 13
13 12
12 14
15 11
11 19
10 14
12 10
15 9
9 11
8 14
10 8
13 9
9 12
15 12
7 9
13 7
6 7
13 6
5 7
6 5
4 5
6 4
6 3
3 4
2 3
3 1
1 2
6 1
0 3
2 0
21
3 42 -38 43
3 -36 41 -39
3 38 39 40
3 -35 36 37
3 34 -33 35
3 32 -30 33
3 30 -29 31
3 28 -25 29
3 -26 -21 27
3 25 26 -15
3 23 -19 24
3 -17 21 22
3 19 -16 20
3 -13 17 18
3 14 15 16
3 -12 13 -4
3 10 11 12
3 -7 8 9
3 6 -1 7
3 4 5 -2
3 1 2 3
0
0
-2
*
54
140.024994 420.657166 1093.940918
150.024979 420.657166 1093.940918
150.024979 843.430176 1633.527832
140.024994 843.430176 1633.527832
140.024994 867.045166 1645.024902
150.024979 867.045166 1645.024902
150.024979 1110.025269 1645.024902
140.024994 1110.025269 1645.024902
150.024979 1140.025146 1050.768799
140.024994 1140.025146 1050.768799
140.024994 1140.025269 1615.025879
150.024979 1140.025269 1615.025879
150.024979 475.758148 1050.768921
140.024994 475.758148 1050.768921
150.024979 472.029114 1047.114014
140.024994 472.029114 1047.114014
150.024979 467.481110 1044.549927
140.024994 467.481110 1044.549927
150.024979 462.425110 1043.249023
140.024994 462.425110 1043.249023
150.024979 457.204132 1043.302002
140.024994 457.204132 1043.302002
150.024979 452.175110 1044.703979
140.024994 452.175110 1044.703979
150.024979 447.680145 1047.359985
140.024994 447.680145 1047.359985
150.024979 424.065155 1065.863037
140.024994 424.065155 1065.863037
150.024979 420.410156 1069.592041
140.024994 420.410156 1069.592041
150.024979 417.846161 1074.139893
140.024994 417.846161 1074.139893
150.024979 416.546143 1079.195923
140.024994 416.546143 1079.195923
150.024979 416.598145 1084.416992
140.024994 416.598145 1084.416992
150.024979 418.001160 1089.445923
140.024994 418.001160 1089.445923
140.024994 1139.003296 1622.789917
140.024994 1125.025269 1641.005859
140.024994 1136.006226 1630.024902
140.024994 1131.238281 1636.237915
140.024994 1117.790283 1644.002930
140.024994 848.189209 1638.358887
140.024994 853.912170 1641.997925
140.024994 860.306213 1644.258911
150.024979 1117.790283 1644.002930
150.024979 1125.025269 1641.005859
150.024979 1131.238281 1636.237915
150.024979 1136.006226 1630.024902
150.024979 1139.003296 1622.789917
150.024979 848.189209 1638.358887
150.024979 853.912170 1641.997925
150.024979 860.306213 1644.258911
0
109
18 22
14 18
30 34
26 30
53 5
52 53
53 45
51 52
52 44
2 51
51 43
50 11
49 50
50 38
48 49
49 40
47 48
48 41
46 47
47 39
6 46
46 42
44 45
45 4
44 4
3 4
0 4
3 43
44 3
43 44
7 42
0 7
0 42
42 39
39 41
35 0
0 25
31 35
35 25
41 40
13 41
27 31
31 25
40 38
13 40
39 13
0 39
38 10
13 38
19 23
25 19
19 0
0 13
13 17
19 13
13 10
36 1
0 37
34 36
37 35
36 37
32 34
35 33
34 35
30 32
33 31
32 33
28 30
31 29
30 31
26 28
29 27
28 29
27 25
26 27
24 26
22 24
25 23
24 25
20 22
23 21
22 23
18 20
21 19
20 21
16 18
19 17
18 19
14 16
17 15
16 17
12 14
15 13
14 15
13 9
12 13
8 12
11 8
10 11
9 10
8 9
7 4
6 7
5 6
4 5
3 0
2 3
1 2
0 1
56
3 -83 1 -80
3 -89 2 -86
3 3 -62 -65
3 -71 4 -68
3 -50 -84 -81
3 -72 -69 -42
3 -66 -63 -38
3 -90 -54 -93
3 -60 -58 -36
3 24 -25 23
3 -26 -29 25
3 -27 -106 26
3 -32 27 -102
3 30 29 28
3 -33 32 31
3 34 -47 33
3 -52 -51 -37
3 35 -41 -46
3 37 -39 36
3 39 -43 38
3 -45 41 40
3 43 -74 42
3 -49 45 44
3 47 46 -53
3 -56 49 48
3 51 50 -78
3 53 -55 52
3 55 54 -87
3 56 -100 -95
4 -105 -24 -7 5
4 7 -23 -9 6
4 9 -30 -11 8
4 11 -28 -107 10
4 -99 -48 -14 12
4 14 -44 -16 13
4 16 -40 -18 15
4 18 -35 -20 17
4 20 -34 -22 19
4 22 -31 -103 21
4 -109 58 -61 57
4 61 60 -64 59
4 64 63 -67 62
4 67 66 -70 65
4 70 69 -73 68
4 73 72 -75 71
4 -79 76 75 74
4 79 78 -82 77
4 82 81 -85 80
4 85 84 -88 83
4 88 87 -91 86
4 91 90 -94 89
4 94 93 -96 92
4 -101 97 96 95
4 101 100 99 98
4 105 104 103 102
4 109 108 107 106
0
0
-2
*
39
950.024963 418.001160 1089.445923
950.024963 420.657166 1093.940918
950.024963 416.598145 1084.416992
950.024963 416.546143 1079.195923
950.024963 420.410156 1069.592041
950.024963 417.846161 1074.139893
950.024963 457.204132 1043.302002
950.024963 467.481110 1044.549927
950.024963 462.425110 1043.249023
150.024979 467.481110 1044.549927
150.024979 416.546143 1079.195923
150.024979 452.175110 1044.703979
150.024979 1140.025269 1565.025879
150.024979 1140.025269 1615.025879
150.024979 1100.025269 1565.024902
150.024979 1139.003296 1622.789917
150.024979 1136.006226 1630.024902
150.024979 1131.238281 1636.237915
150.024979 1125.025269 1641.005859
150.024979 1117.790283 1644.002930
150.024979 416.598145 1084.416992
150.024979 418.001160 1089.445923
150.024979 848.189209 1638.358887
150.024979 424.065155 1065.863037
150.024979 417.846161 1074.139893
150.024979 420.410156 1069.592041
150.024979 853.912170 1641.997925
150.024979 420.657166 1093.940918
150.024979 447.680145 1047.359985
150.024979 860.306213 1644.258911
150.024979 462.425110 1043.249023
150.024979 475.758148 1050.768921
150.024979 472.029114 1047.114014
150.024979 843.430176 1633.527832
150.024979 457.204132 1043.302002
150.024979 1100.025269 1605.024902
150.024979 1110.025269 1645.024902
150.024979 867.045166 1645.024902
150.024979 910.025208 1605.024902
0
66
38 37
37 36
36 38
36 35
35 38
34 33
33 32
32 34
38 31
31 37
32 30
30 34
31 29
29 37
28 27
27 34
34 28
31 26
26 29
25 24
24 23
23 25
31 22
22 26
28 23
23 27
27 33
24 27
33 22
31 33
31 32
24 21
21 27
24 20
20 21
35 19
19 18
18 35
36 19
18 17
17 35
17 16
16 35
15 35
16 15
14 35
15 14
13 14
15 13
12 14
13 12
34 11
11 28
24 10
10 20
9 30
32 9
8 7
7 6
6 8
5 4
4 3
3 5
2 1
1 0
0 2
31
3 64 65 66
3 61 62 63
3 58 59 60
3 56 -11 57
3 -34 54 55
3 52 53 -17
3 50 -48 51
3 48 -47 49
3 46 -44 47
3 44 -43 45
3 -41 42 43
3 -38 40 41
3 39 -36 -4
3 36 37 38
3 -32 34 35
3 -28 32 33
3 -7 -30 31
3 29 -23 30
3 -26 -21 28
3 27 -6 -16
3 -15 25 26
3 -18 23 24
3 20 21 22
3 -13 18 19
3 15 16 17
3 -10 13 14
3 -8 11 12
3 9 10 -1
3 6 7 8
3 -3 4 5
3 1 2 3
0
0
13
*
60
150.024979 1100.025269 1565.024902
150.024979 1140.025269 1565.025879
950.024963 1140.025269 1565.025879
950.024963 1100.025269 1565.024902
150.024979 1100.025269 1605.024902
950.024963 1100.025269 1605.024902
150.024979 910.025208 1605.024902
950.024963 910.025208 1605.024902
150.024979 475.758148 1050.768921
950.024963 475.758148 1050.768921
950.024963 472.029114 1047.114014
150.024979 472.029114 1047.114014
950.024963 467.481110 1044.549927
150.024979 467.481110 1044.549927
950.024963 462.425110 1043.249023
150.024979 462.425110 1043.249023
950.024963 457.204132 1043.302002
150.024979 457.204132 1043.302002
950.024963 452.175110 1044.703979
150.024979 452.175110 1044.703979
950.024963 447.680145 1047.359985
150.024979 447.680145 1047.359985
150.024979 424.065155 1065.863037
950.024963 424.065155 1065.863037
950.024963 420.410156 1069.592041
150.024979 420.410156 1069.592041
950.024963 417.846161 1074.139893
150.024979 417.846161 1074.139893
950.024963 416.546143 1079.195923
150.024979 416.546143 1079.195923
950.024963 416.598145 1084.416992
150.024979 416.598145 1084.416992
950.024963 418.001160 1089.445923
150.024979 418.001160 1089.445923
950.024963 420.657166 1093.940918
150.024979 420.657166 1093.940918
950.024963 843.430176 1633.527832
150.024979 843.430176 1633.527832
150.024979 867.045166 1645.024902
950.024963 867.045166 1645.024902
950.024963 1110.025269 1645.024902
150.024979 1110.025269 1645.024902
150.024979 1140.025269 1615.025879
950.024963 1140.025269 1615.025879
950.024963 860.306213 1644.258911
950.024963 853.912170 1641.997925
950.024963 848.189209 1638.358887
950.024963 1139.003296 1622.789917
950.024963 1136.006226 1630.024902
950.024963 1117.790283 1644.002930
950.024963 1131.238281 1636.237915
950.024963 1125.025269 1641.005859
150.024979 1117.790283 1644.002930
150.024979 1125.025269 1641.005859
150.024979 1131.238281 1636.237915
150.024979 1136.006226 1630.024902
150.024979 1139.003296 1622.789917
150.024979 848.189209 1638.358887
150.024979 853.912170 1641.997925
150.024979 860.306213 1644.258911
0
117
38 59
59 58
44 59
58 57
45 58
57 37
46 57
42 56
56 55
47 56
55 54
48 55
54 53
50 54
53 52
51 53
52 41
49 52
50 51
51 49
48 50
50 49
48 49
49 40
47 48
48 40
43 47
40 43
47 40
2 40
2 5
45 46
46 36
44 45
45 36
39 44
36 39
44 36
40 36
40 7
5 40
20 16
23 16
16 12
23 12
23 10
24 10
28 24
24 9
28 9
34 30
28 34
7 36
34 9
9 36
43 2
42 43
1 42
41 38
40 41
39 40
38 39
37 35
36 37
34 36
32 34
35 33
34 35
30 32
33 31
32 33
28 30
31 29
30 31
26 28
29 27
28 29
24 26
27 25
26 27
23 24
25 22
24 25
23 22
20 23
22 21
18 20
21 19
20 21
16 18
19 17
18 19
14 16
17 15
16 17
12 14
15 13
14 15
10 12
13 11
12 13
9 10
11 8
10 11
9 8
7 9
8 6
7 6
5 7
6 4
5 4
3 5
4 0
3 0
2 3
1 2
0 1
55
3 20 -22 19
3 22 -23 21
3 24 -26 23
3 26 -29 25
3 -30 -56 -28
3 29 28 27
3 -31 30 -41
3 -112 -115 31
3 33 -35 32
3 35 -38 34
3 -39 -61 -37
3 38 37 36
3 -40 39 -53
3 -109 41 40
3 -90 -42 -87
3 -43 -85 42
3 44 -45 43
3 -99 -46 45
3 46 -47 -81
3 -102 -49 47
3 49 -50 48
3 -54 -52 50
3 52 51 -72
3 53 -55 -106
3 55 -65 54
4 -62 1 -3 -36
4 3 2 -5 -34
4 5 4 -7 -32
4 7 6 -64 -33
4 -57 8 -10 -27
4 10 9 -12 -25
4 12 11 -14 -21
4 14 13 -16 -19
4 16 15 -18 -20
4 18 17 -60 -24
4 -116 58 57 56
4 62 61 60 59
4 -68 65 64 63
4 68 67 -71 66
4 71 70 -74 69
4 74 73 -77 72
4 77 76 -80 75
4 80 79 -83 78
4 83 82 -84 81
4 86 -89 85 84
4 89 88 -92 87
4 92 91 -95 90
4 95 94 -98 93
4 98 97 -101 96
4 101 100 -104 99
4 104 103 -105 102
4 107 -108 106 105
4 110 -111 109 108
4 113 -114 112 111
4 117 116 115 114
0
0
