12
0
0
0
15
24
*
64
34999.992188 183.670532 375.712311
0.000000 183.670532 375.712311
0.000000 187.969925 376.714935
34999.992188 187.969925 376.714935
0.000000 191.868698 378.717316
34999.992188 191.868698 378.717316
0.000000 195.166977 381.519318
34999.992188 195.166977 381.519318
0.000000 197.664780 385.120850
34999.992188 197.664780 385.120850
0.000000 199.262283 389.221802
34999.992188 199.262283 389.221802
0.000000 199.759598 393.622131
34999.992188 199.759598 393.622131
34999.992188 199.755615 400.122131
0.000000 199.755615 400.122131
34999.992188 -0.244354 399.999939
0.000000 -0.244354 399.999939
34999.992188 0.000000 0.000000
0.000000 0.000000 0.000000
34999.992188 199.999969 0.122177
0.000000 199.999969 0.122177
34999.992188 199.995987 6.641176
0.000000 199.995987 6.641176
0.000000 199.493332 10.991870
34999.992188 199.493332 10.991870
0.000000 197.890823 15.090892
34999.992188 197.890823 15.090892
0.000000 195.388626 18.679363
34999.992188 195.388626 18.679363
0.000000 192.086884 21.557346
34999.992188 192.086884 21.557346
0.000000 188.185654 23.544966
34999.992188 188.185654 23.544966
0.000000 183.885056 24.532339
34999.992188 183.885056 24.532339
34999.992188 52.236629 38.281921
0.000000 52.236629 38.281921
0.000000 44.625553 40.037273
34999.992188 44.625553 40.037273
0.000000 37.683392 43.573029
34999.992188 37.683392 43.573029
0.000000 31.790264 48.689434
34999.992188 31.790264 48.689434
0.000000 27.316360 55.076698
34999.992188 27.316360 55.076698
0.000000 24.511915 62.354992
34999.992188 24.511915 62.354992
0.000000 23.557188 70.094406
34999.992188 23.557188 70.094406
34999.992188 23.398466 329.914368
0.000000 23.398466 329.914368
0.000000 24.343702 337.714966
34999.992188 24.343702 337.714966
0.000000 27.139301 344.916687
34999.992188 27.139301 344.916687
0.000000 31.605392 351.319397
34999.992188 31.605392 351.319397
0.000000 37.492275 356.423035
34999.992188 37.492275 356.423035
0.000000 44.430073 360.027222
34999.992188 44.430073 360.027222
0.000000 52.039040 361.731903
34999.992188 52.039040 361.731903
0
186
1 8
1 6
2 6
48 19
51 19
51 17
52 17
10 1
12 1
15 1
32 28
32 26
34 26
34 24
37 24
37 23
19 23
37 19
38 19
40 19
19 46
19 44
42 19
54 17
56 17
58 17
17 1
17 62
60 17
50 16
49 16
49 18
47 18
5 9
5 11
3 11
3 13
0 13
0 14
63 14
63 16
61 16
22 27
35 27
35 29
33 29
59 16
57 16
16 53
55 16
45 18
43 18
41 18
22 35
20 35
18 35
18 36
39 18
62 1
63 1
0 63
63 61
62 63
62 61
60 62
61 59
60 61
60 59
58 60
59 57
58 59
58 57
56 58
57 55
56 57
56 55
54 56
55 53
54 55
54 53
52 54
53 50
52 53
52 50
51 52
48 51
51 50
49 51
50 49
49 47
48 49
48 47
46 48
47 45
46 47
46 45
44 46
45 43
44 45
44 43
42 44
43 41
42 43
42 41
40 42
41 39
40 41
40 39
38 40
39 36
38 39
38 36
37 38
34 37
37 36
35 37
36 35
35 33
34 35
34 33
32 34
33 31
32 33
32 31
30 32
31 29
30 31
30 29
28 30
29 27
28 29
28 27
26 28
27 25
26 27
26 25
24 26
25 22
24 25
24 22
23 24
21 23
23 22
20 23
22 20
19 21
21 20
18 21
20 18
17 19
19 18
16 19
18 16
15 17
17 16
14 17
16 14
12 15
15 14
13 15
14 13
13 11
12 13
12 11
10 12
11 9
10 11
10 9
8 10
9 7
8 9
8 7
6 8
7 5
6 7
6 5
4 6
5 3
4 5
4 3
2 4
3 0
2 3
2 0
1 2
0 1
124
3 186 185 184
3 -184 183 182
3 -183 181 180
3 -180 179 178
3 -179 177 176
3 -176 175 174
3 -175 173 172
3 -172 171 170
3 -171 169 168
3 -168 167 166
3 -167 165 164
3 -164 163 162
3 161 160 159
3 -160 -163 158
3 157 156 155
3 -156 -159 154
3 153 152 151
3 -152 -155 150
3 149 148 147
3 -148 -151 146
3 145 144 143
3 -144 -147 142
3 -143 141 140
3 -140 139 138
3 -139 137 136
3 -136 135 134
3 -135 133 132
3 -132 131 130
3 -131 129 128
3 -128 127 126
3 -127 125 124
3 -124 123 122
3 -123 121 120
3 -120 119 118
3 117 116 115
3 -116 -119 114
3 -115 113 112
3 -112 111 110
3 -111 109 108
3 -108 107 106
3 -107 105 104
3 -104 103 102
3 -103 101 100
3 -100 99 98
3 -99 97 96
3 -96 95 94
3 -95 93 92
3 -92 91 90
3 89 88 87
3 -88 -91 86
3 -87 85 84
3 -84 83 82
3 -83 81 80
3 -80 79 78
3 -79 77 76
3 -76 75 74
3 -75 73 72
3 -72 71 70
3 -71 69 68
3 -68 67 66
3 -67 65 64
3 -64 63 62
3 61 60 -186
3 -60 -63 59
3 -110 58 57
3 -57 56 -117
3 -56 -149 55
3 -55 -145 54
3 -106 53 -58
3 -53 -102 52
3 -52 -98 51
3 -78 50 49
3 -50 -74 48
3 -48 -70 47
3 -122 46 -126
3 -46 -118 45
3 -45 44 -130
3 -44 -54 43
3 -43 -138 -134
3 -66 42 -47
3 -42 -62 41
3 -41 40 -157
3 -40 -61 39
3 -39 38 -161
3 -38 -182 37
3 -37 36 -162
3 -36 -178 35
3 -35 34 -166
3 -34 -174 -170
3 -94 33 -51
3 -33 -90 32
3 -32 31 -153
3 -31 -89 30
3 -30 -82 -49
3 -65 29 28
3 -28 27 -59
3 -69 26 -29
3 -26 -73 25
3 -25 -77 24
3 23 22 -101
3 -22 21 -97
3 -105 20 -23
3 -20 -109 19
3 -19 -113 18
3 -146 17 -142
3 -17 -18 16
3 -16 15 -141
3 -15 -114 14
3 -14 13 -137
3 -13 -121 12
3 -12 11 -133
3 -11 -125 -129
3 -154 10 -27
3 -10 -158 9
3 -9 -165 8
3 -81 7 -24
3 -7 -85 6
3 -6 5 -150
3 -5 -86 4
3 -4 -93 -21
3 -181 3 -177
3 -3 -185 2
3 -2 1 -173
3 -1 -8 -169
0
0
24
*
64
-199.999969 -3800.239990 391.178589
-199.999969 199.759598 393.622131
-199.499969 199.762283 389.222107
-199.499969 -3800.237305 386.778564
-197.899963 199.764786 385.122131
-197.899963 -3800.234863 382.678589
-195.399963 199.766983 381.522125
-195.399963 -3800.232666 379.078583
-192.099976 199.768692 378.722168
-192.099976 -3800.230957 376.278595
-188.199966 199.769913 376.722168
-188.199966 -3800.229736 374.278595
-183.899963 199.770523 375.722168
-183.899963 -3800.229004 373.278595
-52.259995 -3800.220459 359.378601
-52.259995 199.779022 361.822174
-44.649990 199.780060 360.122162
-44.649990 -3800.219482 357.678589
-37.709991 199.782257 356.522186
-37.709991 -3800.217285 354.078613
-31.819994 199.785370 351.422150
-31.819994 -3800.214111 348.978577
-27.349993 199.789291 345.022186
-27.349993 -3800.210205 342.578613
-24.549997 199.793686 337.822174
-24.549997 -3800.205811 335.378601
-23.599997 199.798447 330.022156
-23.599997 -3800.201172 327.578583
-23.599997 -3800.042480 67.758629
-23.599997 199.957153 70.202164
-24.549997 199.961884 62.462170
-24.549997 -3800.037598 60.018631
-27.349993 199.966339 55.182167
-27.349993 -3800.033203 52.738632
-31.819994 199.970245 48.792171
-31.819994 -3800.029297 46.348637
-37.709991 199.973373 43.672173
-37.709991 -3800.026123 41.228634
-44.649990 199.975525 40.132175
-44.649990 -3800.023926 37.688637
-52.259995 199.976608 38.372173
-52.259995 -3800.022949 35.928635
-183.899963 -3800.014404 22.098637
-183.899963 199.985062 24.542173
-188.199966 199.985657 23.552172
-188.199966 -3800.013916 21.108635
-192.099976 199.986877 21.562172
-192.099976 -3800.012695 19.118635
-195.399963 199.988632 18.682175
-195.399963 -3800.010986 16.238638
-197.899963 199.990829 15.092175
-197.899963 -3800.008789 12.648640
-199.499969 199.993332 10.992175
-199.499969 -3800.006104 8.548639
-199.999969 199.995987 6.641176
-199.999969 -3800.003418 4.197640
-199.999969 -3799.999512 -2.321359
-199.999969 199.999969 0.122177
0.000000 -3799.999512 -2.321359
0.000000 199.999969 0.122177
0.000000 -3800.243896 397.678589
0.000000 199.755615 400.122131
-199.999969 -3800.243896 397.678589
-199.999969 199.755615 400.122131
0
186
50 46
54 46
54 43
57 43
50 54
26 61
29 61
29 59
30 59
10 6
10 4
12 4
12 2
15 2
15 1
61 1
18 61
20 61
43 46
15 61
61 16
22 61
61 24
32 59
34 59
36 59
59 43
59 40
38 59
0 5
13 5
13 7
11 7
28 58
27 58
27 60
25 60
14 60
13 60
0 13
47 51
47 53
45 53
45 55
42 55
42 56
41 56
41 58
39 58
37 58
35 58
58 31
33 58
23 60
21 60
60 17
19 60
0 60
63 1
62 1
0 62
61 63
63 62
60 63
62 60
59 61
61 60
58 61
60 58
57 59
59 58
56 59
58 56
54 57
57 56
55 57
56 55
55 53
54 55
54 53
52 54
53 51
52 53
52 51
50 52
51 49
50 51
50 49
48 50
49 47
48 49
48 47
46 48
47 45
46 47
46 45
44 46
45 42
44 45
44 42
43 44
40 43
43 42
41 43
42 41
41 39
40 41
40 39
38 40
39 37
38 39
38 37
36 38
37 35
36 37
36 35
34 36
35 33
34 35
34 33
32 34
33 31
32 33
32 31
30 32
31 28
30 31
30 28
29 30
26 29
29 28
27 29
28 27
27 25
26 27
26 25
24 26
25 23
24 25
24 23
22 24
23 21
22 23
22 21
20 22
21 19
20 21
20 19
18 20
19 17
18 19
18 17
16 18
17 14
16 17
16 14
15 16
12 15
15 14
13 15
14 13
13 11
12 13
12 11
10 12
11 9
10 11
10 9
8 10
9 7
8 9
8 7
6 8
7 5
6 7
6 5
4 6
5 3
4 5
4 3
2 4
3 0
2 3
2 0
1 2
0 1
124
3 186 185 184
3 -184 183 182
3 -183 181 180
3 -180 179 178
3 -179 177 176
3 -176 175 174
3 -175 173 172
3 -172 171 170
3 -171 169 168
3 -168 167 166
3 -167 165 164
3 -164 163 162
3 161 160 159
3 -160 -163 158
3 -159 157 156
3 -156 155 154
3 -155 153 152
3 -152 151 150
3 -151 149 148
3 -148 147 146
3 -147 145 144
3 -144 143 142
3 -143 141 140
3 -140 139 138
3 -139 137 136
3 -136 135 134
3 133 132 131
3 -132 -135 130
3 -131 129 128
3 -128 127 126
3 -127 125 124
3 -124 123 122
3 -123 121 120
3 -120 119 118
3 -119 117 116
3 -116 115 114
3 -115 113 112
3 -112 111 110
3 -111 109 108
3 -108 107 106
3 105 104 103
3 -104 -107 102
3 -103 101 100
3 -100 99 98
3 -99 97 96
3 -96 95 94
3 -95 93 92
3 -92 91 90
3 -91 89 88
3 -88 87 86
3 -87 85 84
3 -84 83 82
3 -83 81 80
3 -80 79 78
3 77 76 75
3 -76 -79 74
3 73 72 71
3 -72 -75 70
3 69 68 67
3 -68 -71 66
3 65 64 63
3 -64 -67 62
3 61 60 -186
3 -60 -63 59
3 -65 -61 58
3 -150 57 56
3 -57 -146 55
3 -55 -142 54
3 -122 53 52
3 -53 -118 51
3 -51 -114 50
3 -110 49 -50
3 -49 -106 48
3 -48 47 -73
3 -47 -105 46
3 -46 45 -77
3 -45 -98 44
3 -44 43 -78
3 -43 -94 42
3 -42 41 -82
3 -41 -90 -86
3 40 39 -58
3 -39 -161 38
3 -38 -154 -56
3 -138 37 -54
3 -37 -134 36
3 -36 35 -69
3 -35 -133 34
3 -34 -126 -52
3 -166 33 -170
3 -33 -162 32
3 -32 31 -174
3 -31 -40 30
3 -30 -182 -178
3 -109 29 28
3 -28 27 -102
3 -113 26 -29
3 -26 -117 25
3 -25 -121 24
3 23 -141 22
3 21 -157 20
3 -97 -101 19
3 -145 18 -22
3 -18 -149 17
3 -17 -153 -21
3 -62 16 -59
3 -16 -20 15
3 -15 14 -185
3 -14 -158 13
3 -13 12 -181
3 -12 -165 11
3 -11 10 -177
3 -10 -169 -173
3 -125 9 -24
3 -9 -129 8
3 -8 7 -66
3 -7 -130 6
3 -6 -137 -23
3 -81 -85 5
3 -70 4 -27
3 -4 -74 3
3 -3 2 -19
3 -2 -5 1
3 -1 -89 -93
0
0
24
*
64
34999.992188 -3800.239990 391.178589
0.000000 -3800.239990 391.178589
0.000000 -3799.237305 386.779175
34999.992188 -3799.237305 386.779175
0.000000 -3798.234863 382.679810
34999.992188 -3798.234863 382.679810
0.000000 -3795.232666 379.081635
34999.992188 -3795.232666 379.081635
0.000000 -3792.230957 376.283478
34999.992188 -3792.230957 376.283478
0.000000 -3788.229736 374.285919
34999.992188 -3788.229736 374.285919
0.000000 -3784.229004 373.288361
34999.992188 -3784.229004 373.288361
34999.992188 -3652.220459 359.469025
0.000000 -3652.220459 359.469025
0.000000 -3645.219482 357.773285
34999.992188 -3645.219482 357.773285
0.000000 -3638.217285 354.177582
34999.992188 -3638.217285 354.177582
0.000000 -3632.214111 349.081207
34999.992188 -3632.214111 349.081207
0.000000 -3627.210205 342.684296
34999.992188 -3627.210205 342.684296
0.000000 -3625.205811 335.485504
34999.992188 -3625.205811 335.485504
0.000000 -3624.201172 327.686127
34999.992188 -3624.201172 327.686127
34999.992188 -3624.042480 67.866142
0.000000 -3624.042480 67.866142
0.000000 -3625.037598 60.125538
34999.992188 -3625.037598 60.125538
0.000000 -3627.033203 52.844315
34999.992188 -3627.033203 52.844315
0.000000 -3632.029297 46.451267
34999.992188 -3632.029297 46.451267
0.000000 -3638.026123 41.327599
34999.992188 -3638.026123 41.327599
0.000000 -3645.023926 37.783325
34999.992188 -3645.023926 37.783325
0.000000 -3652.022949 36.019047
34999.992188 -3652.022949 36.019047
34999.992188 -3784.014404 22.108412
0.000000 -3784.014404 22.108412
0.000000 -3788.013916 21.115967
34999.992188 -3788.013916 21.115967
0.000000 -3792.012695 19.123524
34999.992188 -3792.012695 19.123524
0.000000 -3795.010986 16.241692
34999.992188 -3795.010986 16.241692
0.000000 -3798.008789 12.649861
34999.992188 -3798.008789 12.649861
0.000000 -3799.006104 8.549251
34999.992188 -3799.006104 8.549251
0.000000 -3800.003418 4.197640
34999.992188 -3800.003418 4.197640
34999.992188 -3799.999512 -2.321359
0.000000 -3799.999512 -2.321359
34999.992188 -3599.999512 -2.199183
0.000000 -3599.999512 -2.199183
34999.992188 -3600.243896 397.800781
0.000000 -3600.243896 397.800781
34999.992188 -3800.243896 397.678589
0.000000 -3800.243896 397.678589
0
186
26 61
29 61
29 59
30 59
43 52
43 50
46 50
54 43
57 43
59 43
20 61
61 24
22 61
43 46
10 6
10 4
12 4
12 2
15 2
15 1
61 1
32 59
34 59
36 59
15 61
61 18
16 61
59 40
38 59
28 58
27 58
27 60
25 60
7 11
5 11
5 13
3 13
47 51
47 53
45 53
45 55
42 55
42 56
41 56
41 58
39 58
14 60
13 60
0 13
23 60
21 60
60 17
19 60
0 60
37 58
35 58
58 31
33 58
63 1
62 1
0 62
61 63
63 62
60 63
62 60
59 61
61 60
58 61
60 58
57 59
59 58
56 59
58 56
54 57
57 56
55 57
56 55
55 53
54 55
54 53
52 54
53 51
52 53
52 51
50 52
51 49
50 51
50 49
48 50
49 47
48 49
48 47
46 48
47 45
46 47
46 45
44 46
45 42
44 45
44 42
43 44
40 43
43 42
41 43
42 41
41 39
40 41
40 39
38 40
39 37
38 39
38 37
36 38
37 35
36 37
36 35
34 36
35 33
34 35
34 33
32 34
33 31
32 33
32 31
30 32
31 28
30 31
30 28
29 30
26 29
29 28
27 29
28 27
27 25
26 27
26 25
24 26
25 23
24 25
24 23
22 24
23 21
22 23
22 21
20 22
21 19
20 21
20 19
18 20
19 17
18 19
18 17
16 18
17 14
16 17
16 14
15 16
12 15
15 14
13 15
14 13
13 11
12 13
12 11
10 12
11 9
10 11
10 9
8 10
9 7
8 9
8 7
6 8
7 5
6 7
6 5
4 6
5 3
4 5
4 3
2 4
3 0
2 3
2 0
1 2
0 1
124
3 186 185 184
3 -184 183 182
3 -183 181 180
3 -180 179 178
3 -179 177 176
3 -176 175 174
3 -175 173 172
3 -172 171 170
3 -171 169 168
3 -168 167 166
3 -167 165 164
3 -164 163 162
3 161 160 159
3 -160 -163 158
3 -159 157 156
3 -156 155 154
3 -155 153 152
3 -152 151 150
3 -151 149 148
3 -148 147 146
3 -147 145 144
3 -144 143 142
3 -143 141 140
3 -140 139 138
3 -139 137 136
3 -136 135 134
3 133 132 131
3 -132 -135 130
3 -131 129 128
3 -128 127 126
3 -127 125 124
3 -124 123 122
3 -123 121 120
3 -120 119 118
3 -119 117 116
3 -116 115 114
3 -115 113 112
3 -112 111 110
3 -111 109 108
3 -108 107 106
3 105 104 103
3 -104 -107 102
3 -103 101 100
3 -100 99 98
3 -99 97 96
3 -96 95 94
3 -95 93 92
3 -92 91 90
3 -91 89 88
3 -88 87 86
3 -87 85 84
3 -84 83 82
3 -83 81 80
3 -80 79 78
3 77 76 75
3 -76 -79 74
3 73 72 71
3 -72 -75 70
3 69 68 67
3 -68 -71 66
3 65 64 63
3 -64 -67 62
3 61 60 -186
3 -60 -63 59
3 -122 58 57
3 -58 -118 56
3 -56 -114 55
3 -65 -61 54
3 -150 53 52
3 -53 -146 51
3 -51 -142 50
3 49 48 -54
3 -48 -161 47
3 -47 -154 -52
3 -110 46 -55
3 -46 -106 45
3 -45 44 -73
3 -44 -105 43
3 -43 42 -77
3 -42 -98 41
3 -41 40 -78
3 -40 -94 39
3 -39 38 -82
3 -38 -90 -86
3 -182 37 -49
3 -37 -178 36
3 -36 35 -162
3 -35 -174 34
3 -34 -170 -166
3 -138 33 -50
3 -33 -134 32
3 -32 31 -69
3 -31 -133 30
3 -30 -126 -57
3 -109 29 28
3 -153 27 26
3 -27 -157 25
3 -113 24 -29
3 -24 -117 23
3 -23 -121 22
3 -62 21 -59
3 -21 -25 20
3 -20 19 -185
3 -19 -158 18
3 -18 17 -181
3 -17 -165 16
3 -16 15 -177
3 -15 -169 -173
3 -97 -101 14
3 -141 13 12
3 -13 -145 11
3 -11 -149 -26
3 -28 10 -102
3 -10 -70 9
3 -9 -74 8
3 -93 7 -89
3 -7 -14 6
3 -6 5 -85
3 -5 -8 -81
3 -125 4 -22
3 -4 -129 3
3 -3 2 -66
3 -2 -130 1
3 -1 -137 -12
0
0
24
*
64
35179.992188 -3800.229004 373.278595
35179.992188 199.770523 375.722168
35189.992188 199.769913 376.722168
35189.992188 -3800.229736 374.278595
35189.992188 199.768692 378.722168
35189.992188 -3800.230957 376.278595
35199.992188 199.766983 381.522125
35199.992188 -3800.232666 379.078583
35199.992188 199.764786 385.122131
35199.992188 -3800.234863 382.678589
35199.992188 199.762283 389.222107
35199.992188 -3800.237305 386.778564
35199.992188 199.759598 393.622131
35199.992188 -3800.239990 391.178589
35199.992188 -3800.243896 397.678589
35199.992188 199.755615 400.122131
34999.992188 -3800.243896 397.678589
34999.992188 199.755615 400.122131
34999.992188 -3799.999512 -2.321359
34999.992188 199.999969 0.122177
35199.992188 -3799.999512 -2.321359
35199.992188 199.999969 0.122177
35199.992188 -3800.003418 4.197640
35199.992188 199.995987 6.641176
35199.992188 199.993332 10.992175
35199.992188 -3800.006104 8.548639
35199.992188 199.990829 15.092175
35199.992188 -3800.008789 12.648640
35199.992188 199.988632 18.682175
35199.992188 -3800.010986 16.238638
35189.992188 199.986877 21.562172
35189.992188 -3800.012695 19.118635
35189.992188 199.985657 23.552172
35189.992188 -3800.013916 21.108635
35179.992188 199.985062 24.542173
35179.992188 -3800.014404 22.098637
35049.992188 -3800.022949 35.928635
35049.992188 199.976608 38.372173
35039.992188 199.975525 40.132175
35039.992188 -3800.023926 37.688637
35039.992188 199.973373 43.672173
35039.992188 -3800.026123 41.228634
35029.992188 199.970245 48.792171
35029.992188 -3800.029297 46.348637
35029.992188 199.966339 55.182167
35029.992188 -3800.033203 52.738632
35019.992188 199.961884 62.462170
35019.992188 -3800.037598 60.018631
35019.992188 199.957153 70.202164
35019.992188 -3800.042480 67.758629
35019.992188 -3800.201172 327.578583
35019.992188 199.798447 330.022156
35019.992188 199.793686 337.822174
35019.992188 -3800.205811 335.378601
35029.992188 199.789291 345.022186
35029.992188 -3800.210205 342.578613
35029.992188 199.785370 351.422150
35029.992188 -3800.214111 348.978577
35039.992188 199.782257 356.522186
35039.992188 -3800.217285 354.078613
35039.992188 199.780060 360.122162
35039.992188 -3800.219482 357.678589
35049.992188 199.779022 361.822174
35049.992188 -3800.220459 359.378601
0
186
1 10
1 8
4 8
52 17
54 17
12 1
15 1
17 1
30 26
30 24
32 24
32 23
34 23
34 21
37 21
37 19
38 19
40 19
42 19
44 19
46 19
48 19
51 19
17 51
56 17
58 17
17 62
60 17
1 4
35 25
35 27
31 27
5 9
5 11
3 11
3 13
0 13
0 14
63 14
63 16
61 16
59 16
57 16
55 16
53 16
50 16
49 16
49 18
47 18
45 18
43 18
41 18
22 35
20 35
18 35
35 31
18 36
39 18
62 1
63 1
0 63
63 61
62 63
62 61
60 62
61 59
60 61
60 59
58 60
59 57
58 59
58 57
56 58
57 55
56 57
56 55
54 56
55 53
54 55
54 53
52 54
53 50
52 53
52 50
51 52
48 51
51 50
49 51
50 49
49 47
48 49
48 47
46 48
47 45
46 47
46 45
44 46
45 43
44 45
44 43
42 44
43 41
42 43
42 41
40 42
41 39
40 41
40 39
38 40
39 36
38 39
38 36
37 38
34 37
37 36
35 37
36 35
35 33
34 35
34 33
32 34
33 31
32 33
32 31
30 32
31 29
30 31
30 29
28 30
29 27
28 29
28 27
26 28
27 25
26 27
26 25
24 26
25 22
24 25
24 22
23 24
21 23
23 22
20 23
22 20
19 21
21 20
18 21
20 18
17 19
19 18
16 19
18 16
15 17
17 16
14 17
16 14
12 15
15 14
13 15
14 13
13 11
12 13
12 11
10 12
11 9
10 11
10 9
8 10
9 7
8 9
8 7
6 8
7 5
6 7
6 5
4 6
5 3
4 5
4 3
2 4
3 0
2 3
2 0
1 2
0 1
124
3 186 185 184
3 -184 183 182
3 -183 181 180
3 -180 179 178
3 -179 177 176
3 -176 175 174
3 -175 173 172
3 -172 171 170
3 -171 169 168
3 -168 167 166
3 -167 165 164
3 -164 163 162
3 161 160 159
3 -160 -163 158
3 157 156 155
3 -156 -159 154
3 153 152 151
3 -152 -155 150
3 149 148 147
3 -148 -151 146
3 145 144 143
3 -144 -147 142
3 -143 141 140
3 -140 139 138
3 -139 137 136
3 -136 135 134
3 -135 133 132
3 -132 131 130
3 -131 129 128
3 -128 127 126
3 -127 125 124
3 -124 123 122
3 -123 121 120
3 -120 119 118
3 117 116 115
3 -116 -119 114
3 -115 113 112
3 -112 111 110
3 -111 109 108
3 -108 107 106
3 -107 105 104
3 -104 103 102
3 -103 101 100
3 -100 99 98
3 -99 97 96
3 -96 95 94
3 -95 93 92
3 -92 91 90
3 89 88 87
3 -88 -91 86
3 -87 85 84
3 -84 83 82
3 -83 81 80
3 -80 79 78
3 -79 77 76
3 -76 75 74
3 -75 73 72
3 -72 71 70
3 -71 69 68
3 -68 67 66
3 -67 65 64
3 -64 63 62
3 61 60 -186
3 -60 -63 59
3 -110 58 57
3 -122 -118 56
3 -57 55 -117
3 -55 -149 54
3 -54 -145 53
3 -106 52 -58
3 -52 -102 51
3 -51 -98 50
3 -94 49 -50
3 -49 -90 48
3 -48 47 -153
3 -47 -89 46
3 -46 -82 45
3 -78 44 -45
3 -44 -74 43
3 -43 -70 42
3 -66 41 -42
3 -41 -62 40
3 -40 39 -157
3 -39 -61 38
3 -38 37 -161
3 -37 -182 36
3 -36 35 -162
3 -35 -178 34
3 -34 33 -166
3 -33 -174 -170
3 -126 32 -130
3 -32 -56 31
3 -31 30 -134
3 -30 -53 -138
3 -181 -185 29
3 -65 28 27
3 -28 -69 26
3 -26 -73 25
3 24 23 -150
3 -23 -86 22
3 -22 -93 21
3 -97 20 -21
3 -20 -101 19
3 -19 -105 18
3 -109 17 -18
3 -17 -113 16
3 -16 15 -146
3 -15 -114 14
3 -14 13 -142
3 -13 -121 12
3 -12 11 -141
3 -11 -125 10
3 -10 9 -137
3 -9 -129 -133
3 -27 8 -59
3 -8 -154 7
3 -7 -158 6
3 -77 5 -25
3 -5 -81 4
3 -4 -85 -24
3 -177 3 -173
3 -3 -29 2
3 -2 1 -169
3 -1 -6 -165
0
0
24
*
64
-1183.999756 -25.473799 775.584656
-1183.999756 -3575.473389 773.416016
-1187.999756 -3575.474121 774.415955
-1187.999756 -25.474409 776.584595
-1191.999756 -3575.475342 776.415955
-1191.999756 -25.475632 778.584595
-1194.999756 -3575.477051 779.216003
-1194.999756 -25.477343 781.384644
-1197.999756 -3575.479248 782.815979
-1197.999756 -25.479542 784.984619
-1198.999756 -3575.481689 786.915955
-1198.999756 -25.482046 789.084595
-1199.999756 -3575.484375 791.315979
-1199.999756 -25.484734 793.484619
-1199.999756 -25.488703 799.984619
-1199.999756 -3575.488281 797.815979
-999.999817 -25.488703 799.984619
-999.999817 -3575.488281 797.815979
-999.999817 -25.244350 399.984680
-999.999817 -3575.243896 397.816040
-1199.999756 -25.244350 399.984680
-1199.999756 -3575.243896 397.816040
-1199.999756 -25.248322 406.484680
-1199.999756 -3575.248047 404.316040
-1198.999756 -3575.250732 408.716034
-1198.999756 -25.251009 410.884674
-1197.999756 -3575.253174 412.816040
-1197.999756 -25.253515 414.984680
-1194.999756 -3575.255371 416.416046
-1194.999756 -25.255713 418.584686
-1191.999756 -3575.257080 419.216064
-1191.999756 -25.257423 421.384705
-1187.999756 -3575.258301 421.216064
-1187.999756 -25.258644 423.384705
-1183.999756 -3575.258789 422.216034
-1183.999756 -25.259256 424.384674
-1051.999756 -25.267748 438.284698
-1051.999756 -3575.267334 436.116058
-1044.999756 -3575.268311 437.816040
-1044.999756 -25.268787 439.984680
-1037.999756 -3575.270508 441.416046
-1037.999756 -25.270985 443.584686
-1031.999756 -3575.273682 446.516052
-1031.999756 -25.274099 448.684692
-1026.999756 -3575.277588 452.916046
-1026.999756 -25.278011 455.084686
-1024.999756 -3575.281982 460.116028
-1024.999756 -25.282410 462.284668
-1023.999817 -3575.286865 467.916016
-1023.999817 -25.287172 470.084656
-1023.999817 -25.445881 729.884644
-1023.999817 -3575.445557 727.716003
-1024.999756 -3575.450195 735.515991
-1024.999756 -25.450647 737.684631
-1026.999756 -3575.454590 742.715942
-1026.999756 -25.455046 744.884583
-1031.999756 -3575.458496 749.115967
-1031.999756 -25.458954 751.284607
-1037.999756 -3575.461670 754.215942
-1037.999756 -25.462070 756.384583
-1044.999756 -3575.463867 757.815979
-1044.999756 -25.464270 759.984619
-1051.999756 -3575.464844 759.515930
-1051.999756 -25.465307 761.684570
0
186
1 8
1 6
2 6
48 19
51 19
51 17
52 17
10 1
12 1
15 1
32 28
32 26
34 26
34 24
37 24
37 23
19 23
40 19
42 19
37 19
19 38
54 17
56 17
58 17
17 1
19 46
44 19
17 62
60 17
35 25
35 27
31 27
50 16
49 16
49 18
47 18
36 18
35 18
22 35
35 31
5 9
5 11
3 11
3 13
0 13
0 14
63 14
63 16
61 16
45 18
43 18
18 39
41 18
22 18
59 16
57 16
16 53
55 16
62 1
63 1
0 63
63 61
62 63
62 61
60 62
61 59
60 61
60 59
58 60
59 57
58 59
58 57
56 58
57 55
56 57
56 55
54 56
55 53
54 55
54 53
52 54
53 50
52 53
52 50
51 52
48 51
51 50
49 51
50 49
49 47
48 49
48 47
46 48
47 45
46 47
46 45
44 46
45 43
44 45
44 43
42 44
43 41
42 43
42 41
40 42
41 39
40 41
40 39
38 40
39 36
38 39
38 36
37 38
34 37
37 36
35 37
36 35
35 33
34 35
34 33
32 34
33 31
32 33
32 31
30 32
31 29
30 31
30 29
28 30
29 27
28 29
28 27
26 28
27 25
26 27
26 25
24 26
25 22
24 25
24 22
23 24
21 23
23 22
20 23
22 20
19 21
21 20
18 21
20 18
17 19
19 18
16 19
18 16
15 17
17 16
14 17
16 14
12 15
15 14
13 15
14 13
13 11
12 13
12 11
10 12
11 9
10 11
10 9
8 10
9 7
8 9
8 7
6 8
7 5
6 7
6 5
4 6
5 3
4 5
4 3
2 4
3 0
2 3
2 0
1 2
0 1
124
3 186 185 184
3 -184 183 182
3 -183 181 180
3 -180 179 178
3 -179 177 176
3 -176 175 174
3 -175 173 172
3 -172 171 170
3 -171 169 168
3 -168 167 166
3 -167 165 164
3 -164 163 162
3 161 160 159
3 -160 -163 158
3 157 156 155
3 -156 -159 154
3 153 152 151
3 -152 -155 150
3 149 148 147
3 -148 -151 146
3 145 144 143
3 -144 -147 142
3 -143 141 140
3 -140 139 138
3 -139 137 136
3 -136 135 134
3 -135 133 132
3 -132 131 130
3 -131 129 128
3 -128 127 126
3 -127 125 124
3 -124 123 122
3 -123 121 120
3 -120 119 118
3 117 116 115
3 -116 -119 114
3 -115 113 112
3 -112 111 110
3 -111 109 108
3 -108 107 106
3 -107 105 104
3 -104 103 102
3 -103 101 100
3 -100 99 98
3 -99 97 96
3 -96 95 94
3 -95 93 92
3 -92 91 90
3 89 88 87
3 -88 -91 86
3 -87 85 84
3 -84 83 82
3 -83 81 80
3 -80 79 78
3 -79 77 76
3 -76 75 74
3 -75 73 72
3 -72 71 70
3 -71 69 68
3 -68 67 66
3 -67 65 64
3 -64 63 62
3 61 60 -186
3 -60 -63 59
3 -78 58 57
3 -58 -74 56
3 -56 -70 55
3 -149 -145 54
3 -106 53 52
3 -53 -102 51
3 -51 -98 50
3 -66 49 -55
3 -49 -62 48
3 -48 47 -157
3 -47 -61 46
3 -46 45 -161
3 -45 -182 44
3 -44 43 -162
3 -43 -178 42
3 -42 41 -166
3 -41 -174 -170
3 -122 -118 40
3 39 38 -54
3 -38 -117 37
3 -37 -110 -52
3 -94 36 -50
3 -36 -90 35
3 -35 34 -153
3 -34 -89 33
3 -33 -82 -57
3 -126 32 -130
3 -32 -40 31
3 -31 30 -134
3 -30 -39 -138
3 -65 29 28
3 -97 27 26
3 -28 25 -59
3 -69 24 -29
3 -24 -73 23
3 -23 -77 22
3 21 -113 20
3 -101 19 -27
3 -19 -105 18
3 -18 -109 -21
3 -146 17 -142
3 -17 -20 16
3 -16 15 -141
3 -15 -114 14
3 -14 13 -137
3 -13 -121 12
3 -12 11 -133
3 -11 -125 -129
3 -154 10 -25
3 -10 -158 9
3 -9 -165 8
3 -81 7 -22
3 -7 -85 6
3 -6 5 -150
3 -5 -86 4
3 -4 -93 -26
3 -181 3 -177
3 -3 -185 2
3 -2 1 -173
3 -1 -8 -169
0
0
24
*
64
36179.992188 -3575.473389 773.416016
36179.992188 -25.473799 775.584656
36189.992188 -25.474409 776.584595
36189.992188 -3575.474121 774.415955
36189.992188 -25.475632 778.584595
36189.992188 -3575.475342 776.415955
36199.992188 -25.477343 781.384644
36199.992188 -3575.477051 779.216003
36199.992188 -25.479542 784.984619
36199.992188 -3575.479248 782.815979
36199.992188 -25.482046 789.084595
36199.992188 -3575.481689 786.915955
36199.992188 -25.484734 793.484619
36199.992188 -3575.484375 791.315979
36199.992188 -3575.488281 797.815979
36199.992188 -25.488703 799.984619
35999.992188 -3575.488281 797.815979
35999.992188 -25.488703 799.984619
35999.992188 -3575.243896 397.816040
35999.992188 -25.244350 399.984680
36199.992188 -3575.243896 397.816040
36199.992188 -25.244350 399.984680
36199.992188 -3575.248047 404.316040
36199.992188 -25.248322 406.484680
36199.992188 -25.251009 410.884674
36199.992188 -3575.250732 408.716034
36199.992188 -25.253515 414.984680
36199.992188 -3575.253174 412.816040
36199.992188 -25.255713 418.584686
36199.992188 -3575.255371 416.416046
36189.992188 -25.257423 421.384705
36189.992188 -3575.257080 419.216064
36189.992188 -25.258644 423.384705
36189.992188 -3575.258301 421.216064
36179.992188 -25.259256 424.384674
36179.992188 -3575.258789 422.216034
36049.992188 -3575.267334 436.116058
36049.992188 -25.267748 438.284698
36039.992188 -25.268787 439.984680
36039.992188 -3575.268311 437.816040
36039.992188 -25.270985 443.584686
36039.992188 -3575.270508 441.416046
36029.992188 -25.274099 448.684692
36029.992188 -3575.273682 446.516052
36029.992188 -25.278011 455.084686
36029.992188 -3575.277588 452.916046
36019.992188 -25.282410 462.284668
36019.992188 -3575.281982 460.116028
36019.992188 -25.287172 470.084656
36019.992188 -3575.286865 467.916016
36019.992188 -3575.445557 727.716003
36019.992188 -25.445881 729.884644
36019.992188 -25.450647 737.684631
36019.992188 -3575.450195 735.515991
36029.992188 -25.455046 744.884583
36029.992188 -3575.454590 742.715942
36029.992188 -25.458954 751.284607
36029.992188 -3575.458496 749.115967
36039.992188 -25.462070 756.384583
36039.992188 -3575.461670 754.215942
36039.992188 -25.464270 759.984619
36039.992188 -3575.463867 757.815979
36049.992188 -25.465307 761.684570
36049.992188 -3575.464844 759.515930
0
186
1 10
1 8
4 8
30 26
30 24
32 24
32 23
34 23
34 21
37 21
37 19
38 19
40 19
42 19
44 19
46 19
48 19
51 19
51 17
52 17
54 17
56 17
58 17
12 1
15 1
17 1
1 4
17 62
60 17
35 25
35 27
31 27
5 9
5 11
3 11
3 13
0 13
0 14
63 14
63 16
61 16
59 16
57 16
55 16
53 16
50 16
49 16
49 18
47 18
45 18
43 18
41 18
22 35
20 35
18 35
35 31
18 36
39 18
62 1
63 1
0 63
63 61
62 63
62 61
60 62
61 59
60 61
60 59
58 60
59 57
58 59
58 57
56 58
57 55
56 57
56 55
54 56
55 53
54 55
54 53
52 54
53 50
52 53
52 50
51 52
48 51
51 50
49 51
50 49
49 47
48 49
48 47
46 48
47 45
46 47
46 45
44 46
45 43
44 45
44 43
42 44
43 41
42 43
42 41
40 42
41 39
40 41
40 39
38 40
39 36
38 39
38 36
37 38
34 37
37 36
35 37
36 35
35 33
34 35
34 33
32 34
33 31
32 33
32 31
30 32
31 29
30 31
30 29
28 30
29 27
28 29
28 27
26 28
27 25
26 27
26 25
24 26
25 22
24 25
24 22
23 24
21 23
23 22
20 23
22 20
19 21
21 20
18 21
20 18
17 19
19 18
16 19
18 16
15 17
17 16
14 17
16 14
12 15
15 14
13 15
14 13
13 11
12 13
12 11
10 12
11 9
10 11
10 9
8 10
9 7
8 9
8 7
6 8
7 5
6 7
6 5
4 6
5 3
4 5
4 3
2 4
3 0
2 3
2 0
1 2
0 1
124
3 186 185 184
3 -184 183 182
3 -183 181 180
3 -180 179 178
3 -179 177 176
3 -176 175 174
3 -175 173 172
3 -172 171 170
3 -171 169 168
3 -168 167 166
3 -167 165 164
3 -164 163 162
3 161 160 159
3 -160 -163 158
3 157 156 155
3 -156 -159 154
3 153 152 151
3 -152 -155 150
3 149 148 147
3 -148 -151 146
3 145 144 143
3 -144 -147 142
3 -143 141 140
3 -140 139 138
3 -139 137 136
3 -136 135 134
3 -135 133 132
3 -132 131 130
3 -131 129 128
3 -128 127 126
3 -127 125 124
3 -124 123 122
3 -123 121 120
3 -120 119 118
3 117 116 115
3 -116 -119 114
3 -115 113 112
3 -112 111 110
3 -111 109 108
3 -108 107 106
3 -107 105 104
3 -104 103 102
3 -103 101 100
3 -100 99 98
3 -99 97 96
3 -96 95 94
3 -95 93 92
3 -92 91 90
3 89 88 87
3 -88 -91 86
3 -87 85 84
3 -84 83 82
3 -83 81 80
3 -80 79 78
3 -79 77 76
3 -76 75 74
3 -75 73 72
3 -72 71 70
3 -71 69 68
3 -68 67 66
3 -67 65 64
3 -64 63 62
3 61 60 -186
3 -60 -63 59
3 -110 58 57
3 -122 -118 56
3 -57 55 -117
3 -55 -149 54
3 -54 -145 53
3 -106 52 -58
3 -52 -102 51
3 -51 -98 50
3 -94 49 -50
3 -49 -90 48
3 -48 47 -153
3 -47 -89 46
3 -46 -82 45
3 -78 44 -45
3 -44 -74 43
3 -43 -70 42
3 -66 41 -42
3 -41 -62 40
3 -40 39 -157
3 -39 -61 38
3 -38 37 -161
3 -37 -182 36
3 -36 35 -162
3 -35 -178 34
3 -34 33 -166
3 -33 -174 -170
3 -126 32 -130
3 -32 -56 31
3 -31 30 -134
3 -30 -53 -138
3 -65 29 28
3 -181 -185 27
3 -28 26 -59
3 -26 -154 25
3 -25 -158 24
3 -69 23 -29
3 -23 -73 22
3 -22 -77 21
3 -81 20 -21
3 -20 -85 19
3 -19 18 -150
3 -18 -86 17
3 -17 -93 16
3 -97 15 -16
3 -15 -101 14
3 -14 -105 13
3 -109 12 -13
3 -12 -113 11
3 -11 10 -146
3 -10 -114 9
3 -9 8 -142
3 -8 -121 7
3 -7 6 -141
3 -6 -125 5
3 -5 4 -137
3 -4 -129 -133
3 -177 3 -173
3 -3 -27 2
3 -2 1 -169
3 -1 -24 -165
0
0
24
*
8
0.000000 -3575.213379 347.816040
0.000000 -3600.213379 347.800781
0.000000 -3575.243896 397.816040
0.000000 -3600.243896 397.800781
34999.992188 -3575.213379 347.816040
34999.992188 -3575.243896 397.816040
34999.992188 -3600.213379 347.800781
34999.992188 -3600.243896 397.800781
0
18
5 3
6 0
7 3
6 3
1 6
5 7
7 6
4 7
6 4
2 5
5 4
0 5
4 0
3 2
1 3
2 0
1 2
0 1
12
3 18 17 16
3 -17 15 14
3 13 12 11
3 -12 -16 10
3 9 8 7
3 -8 -11 6
3 5 4 -15
3 -4 -7 3
3 -9 2 -13
3 -2 -5 -18
3 -6 1 -3
3 -1 -10 -14
0
0
24
*
8
0.000000 -0.213809 349.999969
0.000000 -25.213806 349.984680
0.000000 -0.244354 399.999939
0.000000 -25.244350 399.984680
34999.992188 -0.213809 349.999969
34999.992188 -0.244354 399.999939
34999.992188 -25.213806 349.984680
34999.992188 -25.244350 399.984680
0
18
5 3
6 0
7 3
6 3
1 6
5 7
7 6
4 7
6 4
2 5
5 4
0 5
4 0
3 2
1 3
2 0
1 2
0 1
12
3 18 17 16
3 -17 15 14
3 13 12 11
3 -12 -16 10
3 9 8 7
3 -8 -11 6
3 5 4 -15
3 -4 -7 3
3 -9 2 -13
3 -2 -5 -18
3 -6 1 -3
3 -1 -10 -14
0
0
24
*
244
34649.992188 -3375.488281 797.938171
27849.994141 -3375.488281 797.938171
34649.992188 -3575.488281 797.815979
27849.994141 -3575.488281 797.815979
27849.994141 -3175.492432 804.560364
27849.994141 -3175.488281 798.060364
28719.994141 -3175.492432 804.560364
34649.992188 -3175.488281 798.060364
34649.992188 -3175.492432 804.560364
34649.992188 -3175.728516 1191.060303
34649.992188 -3175.732666 1198.060303
28719.994141 -3175.728516 1191.060303
27849.994141 -3175.732666 1198.060303
27849.994141 -3175.728516 1191.060303
27799.994141 -3375.488281 797.938171
20999.996094 -3375.488281 797.938171
27799.994141 -3575.488281 797.815979
20999.996094 -3575.488281 797.815979
20999.996094 -3175.492432 804.560364
20999.996094 -3175.488281 798.060364
21239.996094 -3175.492432 804.560364
27799.994141 -3175.488281 798.060364
27799.994141 -3175.492432 804.560364
27799.994141 -3175.728516 1191.060303
27799.994141 -3175.732666 1198.060303
21239.996094 -3175.728516 1191.060303
20999.996094 -3175.732666 1198.060303
20999.996094 -3175.728516 1191.060303
20949.996094 -3375.488281 797.938171
14149.997070 -3375.488281 797.938171
20949.996094 -3575.488281 797.815979
14149.997070 -3575.488281 797.815979
20949.996094 -3175.492432 804.560364
14149.997070 -3175.492432 804.560364
20949.996094 -3175.488281 798.060364
14149.997070 -3175.488281 798.060364
20949.996094 -3175.732666 1198.060303
14149.997070 -3175.732666 1198.060303
20949.996094 -3175.728516 1191.060303
14149.997070 -3175.728516 1191.060303
14099.997070 -3375.488281 797.938171
7299.998535 -3375.488281 797.938171
14099.997070 -3575.488281 797.815979
7299.998535 -3575.488281 797.815979
7299.998535 -3175.492432 804.560364
7299.998535 -3175.488281 798.060364
13759.997070 -3175.492432 804.560364
14099.997070 -3175.488281 798.060364
14099.997070 -3175.492432 804.560364
14099.997070 -3175.728516 1191.060303
14099.997070 -3175.732666 1198.060303
13759.997070 -3175.728516 1191.060303
7299.998535 -3175.732666 1198.060303
7299.998535 -3175.728516 1191.060303
7249.998535 -3375.488281 797.938171
-999.999817 -3375.488281 797.938171
7249.998535 -3575.488281 797.815979
-999.999817 -3575.488281 797.815979
35999.992188 -3575.484375 791.315979
-999.999817 -3575.484375 791.315979
-999.999817 -3574.481689 786.916565
35999.992188 -3574.481689 786.916565
-999.999817 -3573.479248 782.817200
35999.992188 -3573.479248 782.817200
-999.999817 -3570.477051 779.219055
35999.992188 -3570.477051 779.219055
-999.999817 -3567.475342 776.420837
35999.992188 -3567.475342 776.420837
-999.999817 -3563.474121 774.423279
35999.992188 -3563.474121 774.423279
-999.999817 -3559.473389 773.425781
35999.992188 -3559.473389 773.425781
35999.992188 -3427.464844 759.606323
-999.999817 -3427.464844 759.606323
-999.999817 -3420.463867 757.910645
35999.992188 -3420.463867 757.910645
-999.999817 -3413.461670 754.314941
35999.992188 -3413.461670 754.314941
-999.999817 -3407.458496 749.218628
35999.992188 -3407.458496 749.218628
-999.999817 -3402.454590 742.821655
35999.992188 -3402.454590 742.821655
-999.999817 -3400.450195 735.622925
35999.992188 -3400.450195 735.622925
-999.999817 -3399.445557 727.823547
35999.992188 -3399.445557 727.823547
35999.992188 -3399.286865 468.023499
-999.999817 -3399.286865 468.023499
-999.999817 -3400.281982 460.222900
35999.992188 -3400.281982 460.222900
-999.999817 -3402.277588 453.021698
35999.992188 -3402.277588 453.021698
-999.999817 -3407.273682 446.618652
35999.992188 -3407.273682 446.618652
-999.999817 -3413.270508 441.514984
35999.992188 -3413.270508 441.514984
-999.999817 -3420.268311 437.910706
35999.992188 -3420.268311 437.910706
-999.999817 -3427.267334 436.206451
35999.992188 -3427.267334 436.206451
35999.992188 -3559.258789 422.225800
-999.999817 -3559.258789 422.225800
-999.999817 -3563.258301 421.223389
35999.992188 -3563.258301 421.223389
-999.999817 -3567.257080 419.220947
35999.992188 -3567.257080 419.220947
-999.999817 -3570.255371 416.419098
35999.992188 -3570.255371 416.419098
-999.999817 -3573.253174 412.817261
35999.992188 -3573.253174 412.817261
-999.999817 -3574.250732 408.716644
35999.992188 -3574.250732 408.716644
-999.999817 -3575.248047 404.316040
35999.992188 -3575.248047 404.316040
35999.992188 -3575.243896 397.816040
-999.999817 -3575.243896 397.816040
35999.992188 -3375.243896 397.938202
-999.999817 -3375.243896 397.938202
34699.992188 -3375.488281 797.938171
35999.992188 -3375.488281 797.938171
35999.992188 -3575.488281 797.815979
34699.992188 -3575.488281 797.815979
36199.992188 -2975.488525 798.182556
36199.992188 -3175.488281 798.060364
34699.992188 -3175.488281 798.060364
7249.998535 -3175.488281 798.060364
-1199.999756 -3175.488281 798.060364
-1199.999756 -2975.488525 798.182556
-1199.999756 -3175.492432 804.560364
6279.999023 -3175.492432 804.560364
7249.998535 -3175.492432 804.560364
7249.998535 -3175.728516 1191.060303
7249.998535 -3175.732666 1198.060303
6279.999023 -3175.728516 1191.060303
-1199.999756 -3175.732666 1198.060303
-1199.999756 -3175.728516 1191.060303
-1199.999756 -3174.726074 1187.060913
6279.999023 -3174.726074 1187.060913
21239.996094 -3174.726074 1187.060913
13759.997070 -3174.726074 1187.060913
28719.994141 -3174.726074 1187.060913
36199.992188 -3175.728516 1191.060303
34699.992188 -3175.728516 1191.060303
36199.992188 -3174.726074 1187.060913
-1199.999756 -3173.723633 1183.061523
6279.999023 -3173.723633 1183.061523
-1199.999756 -3170.721191 1179.063354
6279.999023 -3170.721191 1179.063354
-1199.999756 -3167.719971 1177.065186
6279.999023 -3167.719971 1177.065186
-1199.999756 -3163.718750 1175.067627
6279.999023 -3163.718750 1175.067627
-1199.999756 -3159.718018 1174.070068
6279.999023 -3159.718018 1174.070068
13759.997070 -3173.723633 1183.061523
13759.997070 -3170.721191 1179.063354
13759.997070 -3167.719971 1177.065186
13759.997070 -3163.718750 1175.067627
13759.997070 -3159.718018 1174.070068
21239.996094 -3173.723633 1183.061523
21239.996094 -3170.721191 1179.063354
21239.996094 -3167.719971 1177.065186
21239.996094 -3163.718750 1175.067627
21239.996094 -3159.718018 1174.070068
28719.994141 -3173.723633 1183.061523
28719.994141 -3170.721191 1179.063354
28719.994141 -3167.719971 1177.065186
28719.994141 -3163.718750 1175.067627
28719.994141 -3159.718018 1174.070068
36199.992188 -3173.723633 1183.061523
36199.992188 -3170.721191 1179.063354
36199.992188 -3167.719971 1177.065186
36199.992188 -3163.718750 1175.067627
36199.992188 -3159.718018 1174.070068
-1199.999756 -3027.709473 1160.150757
36199.992188 -3027.709473 1160.150757
-1199.999756 -3020.708252 1158.155029
36199.992188 -3020.708252 1158.155029
-1199.999756 -3013.705811 1154.159302
36199.992188 -3013.705811 1154.159302
-1199.999756 -3007.702881 1149.162964
36199.992188 -3007.702881 1149.162964
-1199.999756 -3002.699219 1143.166016
36199.992188 -3002.699219 1143.166016
-1199.999756 -3000.694824 1136.167236
36199.992188 -3000.694824 1136.167236
-1199.999756 -2999.689941 1128.167847
36199.992188 -2999.689941 1128.167847
36199.992188 -2999.531250 868.267883
-1199.999756 -2999.531250 868.267883
-1199.999756 -3000.526367 860.467224
36199.992188 -3000.526367 860.467224
-1199.999756 -3002.521973 853.265991
36199.992188 -3002.521973 853.265991
-1199.999756 -3007.518066 846.862976
36199.992188 -3007.518066 846.862976
-1199.999756 -3013.515137 841.759277
36199.992188 -3013.515137 841.759277
-1199.999756 -3020.512939 838.155029
36199.992188 -3020.512939 838.155029
-1199.999756 -3027.511719 836.450745
36199.992188 -3027.511719 836.450745
28719.994141 -3159.503418 822.470154
36199.992188 -3159.503418 822.470154
-1199.999756 -3159.503418 822.470154
6279.999023 -3159.503418 822.470154
13759.997070 -3159.503418 822.470154
21239.996094 -3159.503418 822.470154
6279.999023 -3163.502686 821.467712
13759.997070 -3163.502686 821.467712
21239.996094 -3163.502686 821.467712
28719.994141 -3163.502686 821.467712
21239.996094 -3167.501465 819.465210
28719.994141 -3167.501465 819.465210
21239.996094 -3170.499756 816.663391
28719.994141 -3170.499756 816.663391
21239.996094 -3173.497559 813.061584
28719.994141 -3173.497559 813.061584
21239.996094 -3174.495117 808.960938
28719.994141 -3174.495117 808.960938
6279.999023 -3174.495117 808.960938
-1199.999756 -3174.495117 808.960938
6279.999023 -3173.497559 813.061584
-1199.999756 -3173.497559 813.061584
6279.999023 -3170.499756 816.663391
-1199.999756 -3170.499756 816.663391
6279.999023 -3167.501465 819.465210
-1199.999756 -3167.501465 819.465210
-1199.999756 -3163.502686 821.467712
13759.997070 -3167.501465 819.465210
13759.997070 -3170.499756 816.663391
13759.997070 -3173.497559 813.061584
13759.997070 -3174.495117 808.960938
34699.992188 -3175.492432 804.560364
36199.992188 -3175.492432 804.560364
36199.992188 -3174.495117 808.960938
36199.992188 -3163.502686 821.467712
36199.992188 -3167.501465 819.465210
36199.992188 -3170.499756 816.663391
36199.992188 -3173.497559 813.061584
36199.992188 -2975.732910 1198.182495
-1199.999756 -2975.732910 1198.182495
34699.992188 -3175.732666 1198.060303
36199.992188 -3175.732666 1198.060303
0
720
225 228
223 228
223 204
221 204
186 241
189 241
189 127
190 127
128 204
126 204
127 204
148 144
148 136
150 136
150 135
152 135
152 134
174 134
174 241
176 241
178 241
180 241
241 184
182 241
196 127
127 200
198 127
192 127
127 194
188 122
187 122
187 240
185 240
237 239
237 235
236 235
236 234
203 234
203 123
201 123
201 122
199 122
170 172
169 172
169 173
143 173
141 173
243 173
240 173
183 240
181 240
179 240
197 122
195 122
122 191
193 122
240 175
177 240
242 142
243 142
141 243
37 240
50 37
50 240
50 241
52 241
132 52
243 240
242 243
242 240
10 242
10 240
12 240
24 12
24 240
240 36
26 240
36 26
132 241
241 134
127 241
241 240
122 241
240 122
233 124
234 124
123 234
8 233
8 235
235 239
219 235
219 239
239 238
217 239
217 238
238 237
215 238
215 237
237 236
213 237
213 236
236 203
211 236
235 233
234 235
233 234
8 219
6 219
4 219
4 218
22 4
22 218
32 18
32 218
232 218
232 216
231 216
231 214
230 214
230 212
229 212
229 210
209 210
32 232
33 232
48 33
48 232
218 18
20 218
46 232
44 232
232 231
220 232
220 231
231 230
222 231
222 230
230 229
224 230
224 229
229 209
226 229
226 209
208 209
44 220
130 44
130 220
129 220
204 228
205 228
228 227
208 228
208 227
226 208
227 225
226 227
226 225
224 226
225 223
224 225
224 223
222 224
223 221
222 223
222 221
220 222
221 128
220 221
128 220
219 217
218 219
218 217
216 218
217 215
216 217
216 215
214 216
215 213
214 215
214 213
212 214
213 211
212 213
212 211
210 212
210 211
211 203
202 211
210 202
207 210
209 207
206 209
208 206
205 208
207 202
207 201
206 207
206 201
206 200
205 206
200 204
205 200
204 205
201 202
203 201
202 203
201 199
200 201
200 199
198 200
199 197
198 199
198 197
196 198
197 195
196 197
196 195
194 196
195 193
194 195
194 193
192 194
193 191
192 193
192 191
190 192
191 188
190 191
190 188
189 190
186 189
189 188
187 189
188 187
187 185
186 187
186 185
184 186
185 183
184 185
184 183
182 184
183 181
182 183
182 181
180 182
181 179
180 181
180 179
178 180
179 177
178 179
178 177
176 178
177 175
176 177
176 175
174 176
158 174
174 175
163 174
163 175
175 173
168 175
174 153
152 174
173 172
168 173
168 172
172 171
167 172
167 171
171 170
166 171
166 170
170 169
165 170
165 169
169 143
164 169
164 143
140 143
168 167
163 168
163 167
167 166
162 167
162 166
166 165
161 166
161 165
165 164
160 165
160 164
164 140
159 164
159 140
138 140
163 162
158 163
158 162
162 161
157 162
157 161
161 160
156 161
156 160
160 159
155 160
155 159
159 138
154 159
154 138
139 138
158 157
153 158
153 157
157 156
151 157
151 156
156 155
149 156
149 155
155 154
147 155
147 154
154 139
145 154
145 139
137 139
153 151
152 153
152 151
150 152
151 149
150 151
150 149
148 150
149 147
148 149
148 147
146 148
147 145
146 147
146 145
144 146
145 137
144 145
144 137
136 144
136 137
9 143
142 9
143 141
142 143
141 142
23 140
13 23
13 140
140 9
11 140
27 38
27 138
138 23
25 138
53 139
51 139
139 39
49 139
39 49
138 38
39 138
53 131
137 53
137 131
133 137
136 133
135 136
135 133
134 135
134 133
132 134
133 131
132 133
131 132
130 129
125 130
125 129
129 128
126 129
128 126
40 47
35 47
35 122
34 122
34 19
28 34
19 15
28 19
122 47
122 45
122 125
127 122
125 126
127 125
126 127
125 45
54 125
45 41
54 45
40 35
35 29
19 122
21 122
21 5
14 21
5 1
14 5
5 122
7 122
7 124
0 7
124 118
0 124
124 122
123 124
122 123
101 110
101 108
104 108
84 55
87 55
87 117
88 117
112 101
115 101
117 101
78 55
55 82
80 55
101 104
68 64
68 62
70 62
70 60
73 60
73 59
55 59
90 117
92 117
94 117
73 55
55 76
74 55
117 98
96 117
86 116
85 116
85 119
83 119
65 69
58 69
58 71
119 71
65 58
63 58
105 109
105 111
103 111
103 113
100 113
100 114
99 114
99 116
97 116
81 119
79 119
77 119
58 119
95 116
93 116
116 89
91 116
119 72
75 119
57 59
56 59
43 56
43 59
42 59
31 42
31 59
30 59
30 58
17 30
17 58
16 58
3 16
3 58
2 58
121 2
121 58
58 120
118 121
121 120
119 121
120 119
119 116
118 119
118 116
0 118
0 116
1 116
14 1
14 116
15 116
28 15
28 116
29 116
40 29
40 116
40 117
41 117
54 41
54 117
117 55
115 117
117 116
114 117
116 114
112 115
115 114
113 115
114 113
113 111
112 113
112 111
110 112
111 109
110 111
110 109
108 110
109 107
108 109
108 107
106 108
107 105
106 107
106 105
104 106
105 103
104 105
104 103
102 104
103 100
102 103
102 100
101 102
98 101
101 100
99 101
100 99
99 97
98 99
98 97
96 98
97 95
96 97
96 95
94 96
95 93
94 95
94 93
92 94
93 91
92 93
92 91
90 92
91 89
90 91
90 89
88 90
89 86
88 89
88 86
87 88
84 87
87 86
85 87
86 85
85 83
84 85
84 83
82 84
83 81
82 83
82 81
80 82
81 79
80 81
80 79
78 80
79 77
78 79
78 77
76 78
77 75
76 77
76 75
74 76
75 72
74 75
74 72
73 74
70 73
73 72
71 73
72 71
71 69
70 71
70 69
68 70
69 67
68 69
68 67
66 68
67 65
66 67
66 65
64 66
65 63
64 65
64 63
62 64
63 61
62 63
62 61
60 62
61 58
60 61
60 58
59 60
58 59
57 56
55 57
56 54
55 56
54 55
53 51
52 53
52 51
50 52
51 49
50 51
49 50
48 46
47 48
47 46
45 47
46 44
45 46
44 45
43 42
41 43
42 40
41 42
40 41
39 38
37 39
38 36
37 38
36 37
35 34
33 35
34 32
33 34
32 33
31 30
29 31
30 28
29 30
28 29
27 25
26 27
26 25
24 26
25 23
24 25
23 24
22 20
21 22
21 20
19 21
20 18
19 20
18 19
17 16
15 17
16 14
15 16
14 15
13 11
12 13
12 11
10 12
11 9
10 11
9 10
8 6
7 8
7 6
5 7
6 4
5 6
4 5
3 2
1 3
2 0
1 2
0 1
460
3 720 719 718
3 -719 717 716
3 715 714 713
3 -714 712 711
3 -711 710 709
3 708 707 706
3 -707 705 704
3 -704 703 702
3 701 700 699
3 -700 698 697
3 696 695 694
3 -695 693 692
3 -692 691 690
3 689 688 687
3 -688 686 685
3 -685 684 683
3 682 681 680
3 -681 679 678
3 677 676 675
3 -676 674 673
3 672 671 670
3 -671 669 668
3 667 666 665
3 -666 664 663
3 662 661 660
3 -661 659 658
3 -658 657 656
3 655 654 653
3 -654 652 651
3 -651 650 649
3 648 647 646
3 -647 645 644
3 643 642 641
3 -641 640 639
3 -640 638 637
3 -637 636 635
3 -636 634 633
3 -633 632 631
3 -632 630 629
3 -629 628 627
3 -628 626 625
3 -625 624 623
3 -624 622 621
3 -621 620 619
3 618 617 616
3 -617 -620 615
3 -616 614 613
3 -613 612 611
3 -612 610 609
3 -609 608 607
3 -608 606 605
3 -605 604 603
3 -604 602 601
3 -601 600 599
3 -600 598 597
3 -597 596 595
3 -596 594 593
3 -593 592 591
3 590 589 588
3 -589 -592 587
3 -588 586 585
3 -585 584 583
3 -584 582 581
3 -581 580 579
3 -580 578 577
3 -577 576 575
3 -576 574 573
3 -573 572 571
3 -572 570 569
3 -569 568 567
3 -568 566 565
3 -565 564 563
3 562 561 560
3 -561 -564 559
3 -560 558 557
3 -557 556 555
3 -556 554 553
3 -553 552 551
3 -552 550 549
3 -549 548 547
3 -548 546 545
3 -545 544 543
3 -544 542 541
3 -541 540 539
3 -540 538 537
3 -537 536 535
3 534 533 532
3 -533 -536 531
3 530 529 528
3 -529 -532 527
3 526 -648 525
3 524 523 -525
3 -523 -667 522
3 -522 521 -528
3 -521 520 519
3 -519 -682 518
3 517 516 -518
3 -516 -701 515
3 -515 514 513
3 -720 512 -513
3 -512 511 510
3 -510 509 508
3 507 506 505
3 -506 -509 504
3 503 -505 502
3 501 500 -502
3 -500 -716 499
3 -499 498 497
3 -697 496 -497
3 -496 495 494
3 -494 493 -643
3 -493 -678 492
3 -492 491 490
3 -663 489 -490
3 -489 488 487
3 -487 -644 486
3 -611 485 484
3 -579 483 482
3 -483 -575 481
3 -481 -571 480
3 -507 -503 479
3 -607 478 -485
3 -478 -603 477
3 -477 -599 476
3 -567 475 -480
3 -475 -563 474
3 -474 473 -530
3 -473 -562 472
3 -472 471 -534
3 -471 -555 470
3 -470 469 -535
3 -469 -551 468
3 -468 467 -539
3 -467 -547 -543
3 -635 466 -639
3 -466 -631 465
3 -484 464 -618
3 -464 -479 463
3 -463 462 -619
3 -462 -465 461
3 -461 -627 -623
3 -595 460 -476
3 -460 -591 459
3 -459 458 -508
3 -458 -590 457
3 -457 -583 -482
3 -566 456 455
3 -610 454 453
3 -454 -614 452
3 -570 451 -456
3 -451 -574 450
3 -450 -578 449
3 -645 448 -486
3 -448 -452 447
3 -447 446 -642
3 -446 -615 445
3 -445 444 -638
3 -444 -622 443
3 -443 442 -634
3 -442 -626 -630
3 -554 -558 441
3 -598 440 439
3 -440 -602 438
3 -438 -606 -453
3 -455 437 -559
3 -437 -527 436
3 -436 -531 435
3 -582 434 -449
3 -434 -586 433
3 -433 432 -526
3 -432 -587 431
3 -431 -594 -439
3 -550 430 -546
3 -430 -441 429
3 -429 428 -542
3 -428 -435 -538
3 427 426 425
3 -511 424 423
3 -424 422 421
3 -421 420 -425
3 -420 -712 419
3 -514 418 417
3 -418 416 415
3 -415 414 -419
3 -414 -693 413
3 412 -520 411
3 -524 410 409
3 -410 408 407
3 406 405 404
3 -405 403 402
3 -402 401 -407
3 -401 400 -659
3 -517 399 398
3 -399 397 396
3 -396 395 -413
3 -395 -673 394
3 -394 393 -400
3 -393 -411 392
3 391 390 389
3 -390 -404 388
3 -388 387 386
3 385 384 383
3 -384 382 381
3 -381 380 379
3 -379 378 377
3 -383 376 375
3 -375 374 373
3 -668 372 371
3 370 369 368
3 -369 -653 367
3 -367 -649 366
3 -687 365 364
3 -365 -683 363
3 -363 362 -371
3 -706 361 360
3 -361 -702 359
3 -359 358 357
3 356 355 354
3 -355 353 352
3 -377 351 -376
3 -351 350 349
3 -349 348 347
3 -348 346 345
3 -345 344 343
3 -344 342 341
3 -341 340 339
3 -340 338 337
3 -337 336 335
3 -336 334 333
3 -333 332 331
3 -374 330 -366
3 -330 -347 329
3 -329 328 327
3 -328 -343 326
3 -326 325 324
3 -325 -339 323
3 -323 322 321
3 -322 -335 320
3 -320 319 318
3 -319 -331 317
3 -317 316 315
3 -368 314 -372
3 -314 -327 313
3 -313 312 311
3 -312 -324 310
3 -310 309 308
3 -309 -321 307
3 -307 306 305
3 -306 -318 304
3 -304 303 302
3 -303 -315 301
3 -301 300 299
3 -364 298 -357
3 -298 -311 297
3 -297 296 295
3 -296 -308 294
3 -294 293 292
3 -293 -305 291
3 -291 290 289
3 -290 -302 288
3 -288 287 286
3 -287 -299 285
3 -285 284 283
3 -360 282 -352
3 -282 -295 281
3 -281 280 279
3 -280 -292 278
3 -278 277 276
3 -277 -289 275
3 -275 274 273
3 -274 -286 272
3 -272 271 270
3 -271 -283 269
3 -269 268 267
3 -332 266 265
3 -268 264 263
3 -264 -284 262
3 -262 261 260
3 -261 -300 259
3 -259 -316 -265
3 -260 258 257
3 -257 256 255
3 -256 254 253
3 -253 252 251
3 -252 250 249
3 -249 248 247
3 -248 246 245
3 -245 244 243
3 -244 242 241
3 -241 240 239
3 -240 238 237
3 -237 236 235
3 234 233 232
3 -233 -236 231
3 -232 230 229
3 -229 228 227
3 -228 226 225
3 -225 224 223
3 -224 222 221
3 -221 220 219
3 -220 218 217
3 -217 216 215
3 -216 214 213
3 -213 212 211
3 -212 210 209
3 -209 208 207
3 206 205 204
3 203 202 201
3 -202 200 199
3 -199 198 -208
3 -198 197 196
3 -196 195 -204
3 -200 194 193
3 -197 192 191
3 -195 190 189
3 -206 188 187
3 -189 186 -188
3 -186 185 184
3 -184 183 182
3 -183 181 180
3 -180 179 178
3 -179 177 176
3 -176 175 174
3 -175 173 172
3 -172 171 170
3 169 168 167
3 -168 166 165
3 -165 164 163
3 -164 162 161
3 -161 160 159
3 -160 158 157
3 -157 156 155
3 -156 154 153
3 -153 152 151
3 -152 -194 150
3 -150 -203 149
3 -389 148 -169
3 -148 -386 147
3 -147 146 145
3 -193 144 -192
3 -144 -154 143
3 -143 142 141
3 -142 -158 140
3 -140 139 138
3 -139 -162 137
3 -137 136 135
3 -136 -166 134
3 -134 133 132
3 -133 -145 131
3 -131 -660 130
3 -694 129 128
3 -656 127 -130
3 -127 126 125
3 -125 -677 124
3 -191 123 -190
3 -123 -141 122
3 -122 121 -185
3 -121 -138 120
3 -120 119 -181
3 -119 -135 118
3 -118 117 -177
3 -117 -132 116
3 -116 115 -173
3 -115 -124 114
3 -114 113 -128
3 -690 112 -129
3 -112 111 110
3 -110 109 -171
3 -109 -713 108
3 -108 -709 107
3 106 105 104
3 -187 103 102
3 -103 -182 101
3 -101 100 99
3 -100 -178 98
3 -98 97 96
3 -97 -174 95
3 -95 94 93
3 -94 -170 92
3 -92 91 90
3 -91 -107 89
3 -89 88 -104
3 87 86 -426
3 -86 -106 85
3 84 83 82
3 -83 -403 81
3 80 -382 79
3 78 77 76
3 -77 -686 75
3 -75 74 73
3 -705 72 -73
3 -72 71 70
3 -70 69 68
3 67 66 -79
3 -66 -652 65
3 -65 64 -82
3 -64 63 62
3 -62 -672 -76
3 61 60 -356
3 -60 -69 59
3 -255 58 57
3 -223 56 55
3 -56 -219 54
3 -54 -215 53
3 -251 52 -58
3 -52 -247 51
3 -51 -243 50
3 -57 49 -263
3 -49 -68 48
3 -48 -61 47
3 -354 46 -47
3 -46 -279 45
3 -45 44 -267
3 -44 -276 43
3 -43 -273 -270
3 -211 42 -53
3 -42 -207 41
3 -41 40 -427
3 -40 -205 39
3 -39 38 -87
3 -38 -102 37
3 -37 36 -105
3 -36 -99 35
3 -35 34 -90
3 -34 -96 -93
3 -239 33 -50
3 -33 -235 32
3 -32 31 -84
3 -31 -234 30
3 -30 -227 -55
3 29 -222 28
3 -210 27 26
3 -27 -214 25
3 -25 -218 -29
3 -242 24 23
3 -24 -246 22
3 -22 -250 21
3 -254 20 -21
3 -20 -258 19
3 -19 18 -80
3 -18 -266 17
3 -17 16 -380
3 -16 -334 15
3 -15 14 -378
3 -14 -338 13
3 -13 12 -350
3 -12 -342 -346
3 -26 11 -201
3 -11 -406 10
3 -10 -391 9
3 -226 8 -28
3 -8 -230 7
3 -7 6 -81
3 -6 -231 5
3 -5 -238 -23
3 -167 4 -9
3 -4 -163 3
3 -3 2 -149
3 -2 -159 1
3 -1 -155 -151
0
0
24
*
244
27849.994141 -25.488703 799.984619
27849.994141 -225.488678 799.862427
34649.992188 -25.488703 799.984619
34649.992188 -225.488678 799.862427
27849.994141 -425.728729 1192.740234
27849.994141 -425.733002 1199.740234
28719.994141 -425.728729 1192.740234
34649.992188 -425.733002 1199.740234
34649.992188 -425.728729 1192.740234
34649.992188 -425.492615 806.240295
34649.992188 -425.488647 799.740295
28719.994141 -425.492615 806.240295
27849.994141 -425.488647 799.740295
27849.994141 -425.492615 806.240295
20999.996094 -25.488703 799.984619
20999.996094 -225.488678 799.862427
27799.994141 -25.488703 799.984619
27799.994141 -225.488678 799.862427
20999.996094 -425.728729 1192.740234
20999.996094 -425.733002 1199.740234
21239.996094 -425.728729 1192.740234
27799.994141 -425.733002 1199.740234
27799.994141 -425.728729 1192.740234
27799.994141 -425.492615 806.240295
27799.994141 -425.488647 799.740295
21239.996094 -425.492615 806.240295
20999.996094 -425.488647 799.740295
20999.996094 -425.492615 806.240295
14149.997070 -25.488703 799.984619
14149.997070 -225.488678 799.862427
20949.996094 -25.488703 799.984619
20949.996094 -225.488678 799.862427
14149.997070 -425.728729 1192.740234
14149.997070 -425.733002 1199.740234
20949.996094 -425.728729 1192.740234
20949.996094 -425.733002 1199.740234
14149.997070 -425.488647 799.740295
14149.997070 -425.492615 806.240295
20949.996094 -425.488647 799.740295
20949.996094 -425.492615 806.240295
7299.998535 -25.488703 799.984619
7299.998535 -225.488678 799.862427
14099.997070 -25.488703 799.984619
14099.997070 -225.488678 799.862427
7299.998535 -425.728729 1192.740234
7299.998535 -425.733002 1199.740234
13759.997070 -425.728729 1192.740234
14099.997070 -425.733002 1199.740234
14099.997070 -425.728729 1192.740234
14099.997070 -425.492615 806.240295
14099.997070 -425.488647 799.740295
13759.997070 -425.492615 806.240295
7299.998535 -425.488647 799.740295
7299.998535 -425.492615 806.240295
34699.992188 -225.488678 799.862427
35999.992188 -225.488678 799.862427
34699.992188 -25.488703 799.984619
35999.992188 -25.488703 799.984619
35999.992188 -41.593796 775.574829
-999.999817 -41.593796 775.574829
-999.999817 -37.314411 776.577393
35999.992188 -37.314411 776.577393
-999.999817 -33.415630 778.579773
35999.992188 -33.415630 778.579773
-999.999817 -30.097340 781.381836
35999.992188 -30.097340 781.381836
-999.999817 -27.589540 784.983337
35999.992188 -27.589540 784.983337
-999.999817 -26.022045 789.084290
35999.992188 -26.022045 789.084290
-999.999817 -25.484734 793.484619
35999.992188 -25.484734 793.484619
-999.999817 -25.488703 799.984619
7249.998535 -25.488703 799.984619
7249.998535 -225.488678 799.862427
-999.999817 -225.488678 799.862427
35999.992188 -225.244324 399.862518
-999.999817 -225.244324 399.862518
35999.992188 -25.244350 399.984680
-999.999817 -25.244350 399.984680
35999.992188 -25.248322 406.484680
-999.999817 -25.248322 406.484680
-999.999817 -25.791008 410.884338
35999.992188 -25.791008 410.884338
-999.999817 -27.363514 414.983398
35999.992188 -27.363514 414.983398
-999.999817 -29.875711 418.581848
35999.992188 -29.875711 418.581848
-999.999817 -33.197422 421.379852
35999.992188 -33.197422 421.379852
-999.999817 -37.098644 423.377472
35999.992188 -37.098644 423.377472
-999.999817 -41.379253 424.374817
35999.992188 -41.379253 424.374817
35999.992188 -172.967728 438.194458
-999.999817 -172.967728 438.194458
-999.999817 -180.568771 439.889801
35999.992188 -180.568771 439.889801
-999.999817 -187.570969 443.485535
35999.992188 -187.570969 443.485535
-999.999817 -193.474091 448.581909
35999.992188 -193.474091 448.581909
-999.999817 -197.977997 454.979156
35999.992188 -197.977997 454.979156
-999.999817 -200.682388 462.177490
35999.992188 -200.682388 462.177490
-999.999817 -201.687149 469.976868
35999.992188 -201.687149 469.976868
35999.992188 -201.845856 729.776917
-999.999817 -201.845856 729.776917
-999.999817 -200.850616 737.577515
35999.992188 -200.850616 737.577515
-999.999817 -198.155014 744.779114
35999.992188 -198.155014 744.779114
-999.999817 -193.658936 751.181885
35999.992188 -193.658936 751.181885
-999.999817 -187.762054 756.285461
35999.992188 -187.762054 756.285461
-999.999817 -180.764252 759.889771
35999.992188 -180.764252 759.889771
-999.999817 -173.165283 761.594360
35999.992188 -173.165283 761.594360
-1199.999756 -625.488647 799.618103
-1199.999756 -425.488647 799.740295
36199.992188 -625.488647 799.618103
7249.998535 -425.488647 799.740295
34699.992188 -425.488647 799.740295
36199.992188 -425.488647 799.740295
-1199.999756 -425.728729 1192.740234
-1199.999756 -425.733002 1199.740234
6279.999023 -425.728729 1192.740234
7249.998535 -425.733002 1199.740234
7249.998535 -425.728729 1192.740234
7249.998535 -425.492615 806.240295
6279.999023 -425.492615 806.240295
-1199.999756 -425.492615 806.240295
13759.997070 -441.818359 1175.730347
6279.999023 -441.818359 1175.730347
6279.999023 -437.518951 1176.733032
21239.996094 -441.818359 1175.730347
13759.997070 -437.518951 1176.733032
28719.994141 -441.818359 1175.730347
21239.996094 -437.518951 1176.733032
36199.992188 -441.818359 1175.730347
28719.994141 -437.518951 1176.733032
21239.996094 -433.620209 1178.735352
28719.994141 -433.620209 1178.735352
21239.996094 -430.321411 1180.737427
28719.994141 -430.321411 1180.737427
21239.996094 -427.823853 1184.738892
28719.994141 -427.823853 1184.738892
21239.996094 -426.226288 1188.739868
28719.994141 -426.226288 1188.739868
6279.999023 -426.226288 1188.739868
-1199.999756 -426.226288 1188.739868
6279.999023 -427.823853 1184.738892
-1199.999756 -427.823853 1184.738892
6279.999023 -430.321411 1180.737427
-1199.999756 -430.321411 1180.737427
6279.999023 -433.620209 1178.735352
-1199.999756 -433.620209 1178.735352
-1199.999756 -437.518951 1176.733032
-1199.999756 -441.818359 1175.730347
13759.997070 -433.620209 1178.735352
13759.997070 -430.321411 1180.737427
13759.997070 -427.823853 1184.738892
13759.997070 -426.226288 1188.739868
34699.992188 -425.728729 1192.740234
36199.992188 -425.728729 1192.740234
36199.992188 -426.226288 1188.739868
36199.992188 -437.518951 1176.733032
36199.992188 -433.620209 1178.735352
36199.992188 -430.321411 1180.737427
36199.992188 -427.823853 1184.738892
34699.992188 -425.733002 1199.740234
36199.992188 -425.733002 1199.740234
36199.992188 -625.733032 1199.618042
-1199.999756 -625.733032 1199.618042
34699.992188 -425.492615 806.240295
36199.992188 -425.492615 806.240295
-1199.999756 -425.995300 810.639954
6279.999023 -425.995300 810.639954
21239.996094 -425.995300 810.639954
13759.997070 -425.995300 810.639954
28719.994141 -425.995300 810.639954
36199.992188 -425.995300 810.639954
-1199.999756 -427.597839 814.739014
6279.999023 -427.597839 814.739014
-1199.999756 -430.100037 818.337463
6279.999023 -430.100037 818.337463
-1199.999756 -433.401764 821.135437
6279.999023 -433.401764 821.135437
-1199.999756 -437.302948 823.133118
6279.999023 -437.302948 823.133118
-1199.999756 -441.603577 824.130493
6279.999023 -441.603577 824.130493
13759.997070 -427.597839 814.739014
13759.997070 -430.100037 818.337463
13759.997070 -433.401764 821.135437
13759.997070 -437.302948 823.133118
13759.997070 -441.603577 824.130493
21239.996094 -427.597839 814.739014
21239.996094 -430.100037 818.337463
21239.996094 -433.401764 821.135437
21239.996094 -437.302948 823.133118
21239.996094 -441.603577 824.130493
28719.994141 -427.597839 814.739014
28719.994141 -430.100037 818.337463
28719.994141 -433.401764 821.135437
28719.994141 -437.302948 823.133118
28719.994141 -441.603577 824.130493
36199.992188 -427.597839 814.739014
36199.992188 -430.100037 818.337463
36199.992188 -433.401764 821.135437
36199.992188 -437.302948 823.133118
36199.992188 -441.603577 824.130493
-1199.999756 -573.212036 837.950073
36199.992188 -573.212036 837.950073
-1199.999756 -580.813049 839.645447
36199.992188 -580.813049 839.645447
-1199.999756 -587.815247 843.241150
36199.992188 -587.815247 843.241150
-1199.999756 -593.718384 848.337524
36199.992188 -593.718384 848.337524
-1199.999756 -598.222290 854.734741
36199.992188 -598.222290 854.734741
-1199.999756 -600.926636 861.933105
36199.992188 -600.926636 861.933105
-1199.999756 -601.931458 869.732544
36199.992188 -601.931458 869.732544
36199.992188 -602.090271 1129.632446
-1199.999756 -602.090271 1129.632446
-1199.999756 -601.095093 1137.633057
36199.992188 -601.095093 1137.633057
-1199.999756 -598.399414 1144.634644
36199.992188 -598.399414 1144.634644
-1199.999756 -593.903076 1150.637451
36199.992188 -593.903076 1150.637451
-1199.999756 -588.006104 1155.640991
36199.992188 -588.006104 1155.640991
-1199.999756 -581.008545 1159.645264
36199.992188 -581.008545 1159.645264
-1199.999756 -573.409790 1161.650024
36199.992188 -573.409790 1161.650024
0
720
162 129
162 128
160 128
160 154
158 154
228 122
231 122
231 177
232 177
192 188
192 186
194 186
194 180
216 180
216 135
122 135
216 122
218 122
220 122
122 226
122 224
222 122
234 177
236 177
238 177
162 160
177 162
177 242
240 177
217 124
215 124
215 179
213 179
211 179
213 211
230 176
229 176
229 124
227 124
215 213
239 176
237 176
179 124
176 241
176 243
175 243
175 143
168 143
168 170
169 170
169 171
173 171
235 176
176 233
225 124
223 124
124 219
221 124
139 243
136 243
136 242
242 162
137 242
243 141
143 243
243 241
242 243
242 241
240 242
241 239
240 241
240 239
238 240
239 237
238 239
238 237
236 238
237 235
236 237
236 235
234 236
235 233
234 235
234 233
232 234
233 230
232 233
232 230
231 232
228 231
231 230
229 231
230 229
229 227
228 229
228 227
226 228
227 225
226 227
226 225
224 226
225 223
224 225
224 223
222 224
223 221
222 223
222 221
220 222
221 219
220 221
220 219
218 220
219 217
218 219
218 217
216 218
200 216
216 217
205 216
205 217
217 215
210 217
216 195
194 216
215 214
210 215
210 214
214 213
209 214
209 213
213 212
208 213
208 212
212 211
207 212
207 211
211 185
206 211
206 185
184 185
210 209
205 210
205 209
209 208
204 209
204 208
208 207
203 208
203 207
207 206
202 207
202 206
206 184
201 206
201 184
182 184
205 204
200 205
200 204
204 203
199 204
199 203
203 202
198 203
198 202
202 201
197 202
197 201
201 182
196 201
196 182
183 182
200 199
195 200
195 199
199 198
193 199
193 198
198 197
191 198
191 197
197 196
189 197
189 196
196 183
187 196
187 183
181 183
195 193
194 195
194 193
192 194
193 191
192 193
192 191
190 192
191 189
190 191
190 189
188 190
189 187
188 189
188 187
186 188
187 181
186 187
186 181
180 186
180 181
9 185
178 9
185 179
178 185
23 184
13 23
13 184
184 9
11 184
27 39
27 182
182 23
25 182
53 183
51 183
183 37
49 183
37 49
182 39
37 182
53 133
181 53
181 133
134 181
180 134
135 180
179 127
126 178
179 126
178 179
177 122
176 122
124 176
129 177
131 177
45 131
45 177
47 177
33 47
33 177
35 177
19 35
177 176
19 177
19 176
21 176
5 21
5 176
7 176
174 7
176 175
174 176
175 168
167 174
175 167
174 175
8 167
8 169
169 173
152 169
152 173
173 172
150 173
150 172
172 171
148 172
148 171
171 170
146 171
146 170
170 143
144 170
169 167
168 169
167 168
8 152
6 152
4 152
4 151
22 4
22 151
34 18
34 151
166 151
166 149
165 149
165 147
164 147
164 145
163 145
163 142
140 142
34 166
32 166
48 32
48 166
151 18
20 151
46 166
44 166
166 165
153 166
153 165
165 164
155 165
155 164
164 163
157 164
157 163
163 140
159 163
159 140
138 140
44 153
132 44
132 153
130 153
162 161
137 162
137 161
161 160
138 161
138 160
159 138
160 158
159 160
159 158
157 159
158 156
157 158
157 156
155 157
156 154
155 156
155 154
153 155
154 128
153 154
128 153
152 150
151 152
151 150
149 151
150 148
149 150
149 148
147 149
148 146
147 148
147 146
145 147
146 144
145 146
145 144
142 145
142 144
144 143
141 144
143 141
142 141
139 142
141 139
140 139
136 140
139 136
138 136
137 138
136 137
135 134
123 135
123 134
134 133
125 134
133 125
132 130
131 132
131 130
129 131
130 128
129 130
128 129
24 17
1 12
24 1
24 12
124 12
124 10
126 10
54 126
50 43
29 36
50 29
50 36
124 36
124 38
26 38
15 26
124 26
24 124
124 126
127 124
126 127
15 38
38 31
125 74
41 52
125 41
125 52
124 52
50 124
125 124
123 125
124 122
123 124
122 123
54 10
10 3
106 77
109 77
109 75
110 75
59 68
59 66
62 66
98 77
100 77
77 96
77 95
79 95
79 92
81 92
81 90
82 90
82 88
84 88
102 77
77 104
70 59
72 59
75 59
112 75
114 75
116 75
59 62
75 120
118 75
80 87
80 89
93 89
108 55
107 55
107 76
105 76
85 80
103 76
101 76
99 76
80 93
78 93
76 93
63 67
63 69
61 69
61 71
58 71
58 57
121 57
121 55
119 55
117 55
115 55
55 111
113 55
76 94
97 76
120 59
121 59
58 121
121 119
120 121
120 119
118 120
119 117
118 119
118 117
116 118
117 115
116 117
116 115
114 116
115 113
114 115
114 113
112 114
113 111
112 113
112 111
110 112
111 108
110 111
110 108
109 110
106 109
109 108
107 109
108 107
107 105
106 107
106 105
104 106
105 103
104 105
104 103
102 104
103 101
102 103
102 101
100 102
101 99
100 101
100 99
98 100
99 97
98 99
98 97
96 98
97 94
96 97
96 94
95 96
92 95
95 94
93 95
94 93
93 91
92 93
92 91
90 92
91 89
90 91
90 89
88 90
89 87
88 89
88 87
86 88
87 85
86 87
86 85
84 86
85 83
84 85
84 83
82 84
83 80
82 83
82 80
81 82
79 81
81 80
78 81
80 78
77 79
79 78
76 79
78 76
75 77
74 77
41 74
41 77
15 31
76 31
76 29
77 76
29 43
77 29
43 77
15 76
17 76
1 17
1 76
3 76
54 3
76 55
54 76
75 74
72 75
74 73
72 74
57 71
56 71
2 56
2 71
0 71
16 0
16 71
14 71
30 14
30 71
28 71
28 70
42 28
42 70
40 70
73 40
70 72
73 70
72 73
71 69
70 71
70 69
68 70
69 67
68 69
68 67
66 68
67 65
66 67
66 65
64 66
65 63
64 65
64 63
62 64
63 61
62 63
62 61
60 62
61 58
60 61
60 58
59 60
58 59
57 56
55 57
56 54
55 56
54 55
53 51
52 53
52 51
50 52
51 49
50 51
49 50
48 46
47 48
47 46
45 47
46 44
45 46
44 45
43 42
41 43
42 40
41 42
40 41
39 38
37 39
38 36
37 38
36 37
35 34
33 35
34 32
33 34
32 33
31 30
29 31
30 28
29 30
28 29
27 25
26 27
26 25
24 26
25 23
24 25
23 24
22 20
21 22
21 20
19 21
20 18
19 20
18 19
17 16
15 17
16 14
15 16
14 15
13 11
12 13
12 11
10 12
11 9
10 11
9 10
8 6
7 8
7 6
5 7
6 4
5 6
4 5
3 2
1 3
2 0
1 2
0 1
460
3 720 719 718
3 -719 717 716
3 715 714 713
3 -714 712 711
3 -711 710 709
3 708 707 706
3 -707 705 704
3 -704 703 702
3 701 700 699
3 -700 698 697
3 696 695 694
3 -695 693 692
3 -692 691 690
3 689 688 687
3 -688 686 685
3 -685 684 683
3 682 681 680
3 -681 679 678
3 677 676 675
3 -676 674 673
3 672 671 670
3 -671 669 668
3 667 666 665
3 -666 664 663
3 662 661 660
3 -661 659 658
3 -658 657 656
3 655 654 653
3 -654 652 651
3 -651 650 649
3 648 647 646
3 -647 645 644
3 643 642 641
3 -641 640 639
3 -640 638 637
3 -637 636 635
3 -636 634 633
3 -633 632 631
3 -632 630 629
3 -629 628 627
3 -628 626 625
3 -625 624 623
3 -624 622 621
3 -621 620 619
3 618 617 616
3 -617 615 614
3 -665 613 -614
3 -613 612 611
3 -611 610 -620
3 -610 -680 609
3 608 607 -609
3 -607 -699 606
3 -606 605 604
3 -718 603 -604
3 -603 602 601
3 -601 -644 600
3 -618 599 598
3 -599 597 596
3 -648 595 594
3 -595 593 592
3 -717 591 -592
3 -591 590 589
3 -589 -698 588
3 587 586 585
3 -586 584 583
3 -583 582 -679
3 -582 -588 581
3 -664 580 -587
3 -580 579 578
3 -578 -596 577
3 576 575 574
3 -575 -584 573
3 572 571 570
3 -571 -574 569
3 -570 568 567
3 -567 566 565
3 -566 564 563
3 -563 562 561
3 -562 560 559
3 -559 558 557
3 -558 556 555
3 -555 554 553
3 -554 552 551
3 -551 550 549
3 -550 548 547
3 -547 546 545
3 544 543 542
3 -543 -546 541
3 -542 540 539
3 -539 538 537
3 -538 536 535
3 -535 534 533
3 -534 532 531
3 -531 530 529
3 -530 528 527
3 -527 526 525
3 -526 524 523
3 -523 522 521
3 -522 520 519
3 -519 518 517
3 516 515 514
3 -515 -518 513
3 -514 512 511
3 -511 510 509
3 -510 508 507
3 -507 506 505
3 -506 504 503
3 -503 502 501
3 -502 500 499
3 -499 498 497
3 -498 496 495
3 -495 494 493
3 -494 492 491
3 -491 490 489
3 488 487 -643
3 -487 -490 486
3 -537 485 484
3 -505 483 482
3 -483 -501 481
3 -481 -497 480
3 -493 479 -480
3 -479 -489 478
3 -478 477 -645
3 -477 -488 476
3 -476 475 -600
3 -475 -639 474
3 -474 473 -619
3 -473 -635 472
3 -472 471 -623
3 -471 -631 -627
3 -484 470 -544
3 -470 -576 469
3 -469 -572 468
3 -533 467 -485
3 -467 -529 466
3 -466 -525 465
3 -565 -561 464
3 -521 463 -465
3 -463 -517 462
3 -462 461 -594
3 -461 -516 460
3 -460 -509 -482
3 -545 459 -549
3 -459 -468 458
3 -458 457 -553
3 -457 -464 -557
3 -492 456 455
3 -638 -642 454
3 -496 453 -456
3 -453 -500 452
3 -452 -504 451
3 -455 450 -486
3 -450 -597 449
3 -449 -616 448
3 447 -524 446
3 -560 445 -556
3 -445 -564 444
3 -444 443 -552
3 -443 -568 442
3 -442 441 -548
3 -441 -569 440
3 -440 439 -541
3 -439 -573 438
3 -438 437 -540
3 -528 436 -446
3 -436 -532 435
3 -435 -536 -437
3 -634 434 -630
3 -434 -454 433
3 -433 432 -626
3 -432 -448 -622
3 -508 431 -451
3 -431 -512 430
3 -430 429 -577
3 -429 -513 428
3 -428 -520 -447
3 427 -593 426
3 425 424 423
3 -424 422 421
3 420 419 -652
3 -419 -421 418
3 -418 417 416
3 -417 415 -579
3 414 -581 413
3 412 411 410
3 -686 409 408
3 407 406 -413
3 -406 -408 405
3 -405 404 -670
3 -404 -420 403
3 -403 402 401
3 -402 400 -585
3 399 398 -426
3 -398 -410 397
3 -397 396 -705
3 -396 -409 395
3 -395 394 393
3 -394 392 -590
3 391 390 389
3 -390 388 387
3 -387 386 385
3 384 383 382
3 -383 -422 381
3 -381 380 379
3 378 377 376
3 375 374 373
3 372 371 370
3 369 368 367
3 -370 366 -368
3 -366 365 364
3 -364 363 362
3 -363 361 360
3 -360 359 358
3 -359 357 356
3 -356 355 354
3 -355 353 352
3 -352 351 350
3 349 348 347
3 -348 346 345
3 -345 344 343
3 -344 342 341
3 -341 340 339
3 -340 338 337
3 -337 336 335
3 -336 334 333
3 -333 332 331
3 -332 -377 330
3 -330 329 328
3 -389 327 -349
3 -327 -385 326
3 -326 325 324
3 -376 323 -374
3 -323 -334 322
3 -322 321 320
3 -321 -338 319
3 -319 318 317
3 -318 -342 316
3 -316 315 314
3 -315 -346 313
3 -313 312 311
3 -312 -324 310
3 -310 -660 309
3 -694 308 307
3 -656 306 -309
3 -306 305 304
3 -304 -675 303
3 -373 302 -371
3 -302 -320 301
3 -301 300 -365
3 -300 -317 299
3 -299 298 -361
3 -298 -314 297
3 -297 296 -357
3 -296 -311 295
3 -295 294 -353
3 -294 -303 293
3 -293 292 -307
3 -690 291 -308
3 -291 290 289
3 -289 288 -351
3 -288 -713 287
3 -287 -709 286
3 285 284 283
3 -367 282 281
3 -282 -362 280
3 -280 279 278
3 -279 -358 277
3 -277 276 275
3 -276 -354 274
3 -274 273 272
3 -273 -350 271
3 -271 270 269
3 -270 -286 268
3 -268 267 -283
3 266 265 264
3 -265 263 -285
3 -266 262 261
3 -262 260 259
3 -259 -712 258
3 257 256 -258
3 -256 -693 255
3 -255 254 253
3 252 251 -254
3 -251 -674 250
3 -250 249 248
3 -659 247 -248
3 -247 246 245
3 -245 -388 244
3 243 242 -423
3 -242 -253 241
3 240 239 238
3 -239 237 -412
3 -379 236 235
3 -382 234 233
3 -233 232 231
3 -669 230 229
3 228 227 226
3 -227 -653 225
3 -225 -649 224
3 -687 223 222
3 -223 -683 221
3 -221 220 -229
3 -706 219 218
3 -219 -702 217
3 -217 216 215
3 -240 214 213
3 -214 212 211
3 -235 210 -234
3 -210 209 208
3 -208 207 206
3 -207 205 204
3 -204 203 202
3 -203 201 200
3 -200 199 198
3 -199 197 196
3 -196 195 194
3 -195 193 192
3 -192 191 190
3 -232 189 -224
3 -189 -206 188
3 -188 187 186
3 -187 -202 185
3 -185 184 183
3 -184 -198 182
3 -182 181 180
3 -181 -194 179
3 -179 178 177
3 -178 -190 176
3 -176 175 174
3 -226 173 -230
3 -173 -186 172
3 -172 171 170
3 -171 -183 169
3 -169 168 167
3 -168 -180 166
3 -166 165 164
3 -165 -177 163
3 -163 162 161
3 -162 -174 160
3 -160 159 158
3 -222 157 -215
3 -157 -170 156
3 -156 155 154
3 -155 -167 153
3 -153 152 151
3 -152 -164 150
3 -150 149 148
3 -149 -161 147
3 -147 146 145
3 -146 -158 144
3 -144 143 142
3 -218 141 -211
3 -141 -154 140
3 -140 139 138
3 -139 -151 137
3 -137 136 135
3 -136 -148 134
3 -134 133 132
3 -133 -145 131
3 -131 130 129
3 -130 -142 128
3 -128 127 126
3 -191 125 124
3 -127 123 122
3 -123 -143 121
3 -121 120 119
3 -120 -159 118
3 -118 -175 -124
3 -119 117 116
3 -116 115 114
3 -115 113 112
3 -112 111 110
3 -111 109 108
3 -108 107 106
3 -107 105 104
3 -104 103 102
3 -103 101 100
3 -100 99 98
3 -99 97 96
3 -96 95 94
3 93 92 91
3 -92 -95 90
3 -91 89 88
3 -88 87 86
3 -87 85 84
3 -84 83 82
3 -83 81 80
3 -80 79 78
3 -79 77 76
3 -76 75 74
3 -75 73 72
3 -72 71 70
3 -71 69 68
3 -68 67 66
3 -369 65 64
3 -329 63 62
3 -63 -378 61
3 -61 60 -67
3 -60 -375 59
3 -59 -372 -64
3 -110 58 57
3 -58 -106 56
3 -56 -102 55
3 54 -82 53
3 -272 52 -275
3 -52 -269 51
3 -51 50 -278
3 -50 -284 49
3 -49 48 -281
3 -48 -263 47
3 -47 46 -65
3 -46 -261 45
3 -45 44 -66
3 -411 -237 43
3 -78 42 -53
3 -42 -74 41
3 -41 -70 -44
3 -129 -126 40
3 -98 39 -55
3 -39 -94 38
3 -38 37 -243
3 -37 -93 36
3 -36 -86 -54
3 -135 -132 35
3 -213 -138 34
3 -35 33 -34
3 -33 -40 32
3 -32 31 -43
3 -31 -122 30
3 -30 -114 -57
3 -69 29 28
3 -28 27 -62
3 -331 -328 26
3 -73 25 -29
3 -25 -77 24
3 -24 -81 23
3 22 21 -105
3 -21 20 -101
3 -109 19 -22
3 -19 -113 18
3 -18 -117 17
3 -425 16 -380
3 -16 -17 15
3 -15 14 -236
3 -14 -125 13
3 -13 12 -209
3 -12 -193 11
3 -11 10 -205
3 -10 -197 -201
3 -85 9 -23
3 -9 -89 8
3 -8 7 -241
3 -7 -90 6
3 -6 -97 -20
3 -339 5 -343
3 -5 -335 4
3 -4 3 -347
3 -3 -26 2
3 -2 1 -391
3 -1 -27 -244
0
0
24
*
64
35199.992188 -1900.484619 792.339233
-199.999969 -1900.484619 792.339233
-199.999969 -1899.481934 787.939819
35199.992188 -1899.481934 787.939819
-199.999969 -1898.479370 783.840454
35199.992188 -1898.479370 783.840454
-199.999969 -1895.477173 780.242310
35199.992188 -1895.477173 780.242310
-199.999969 -1892.475464 777.444092
35199.992188 -1892.475464 777.444092
-199.999969 -1888.474243 775.446533
35199.992188 -1888.474243 775.446533
-199.999969 -1884.473633 774.449036
35199.992188 -1884.473633 774.449036
35199.992188 -1752.465210 760.629578
-199.999969 -1752.465210 760.629578
-199.999969 -1745.464111 758.933899
35199.992188 -1745.464111 758.933899
-199.999969 -1738.461914 755.338135
35199.992188 -1738.461914 755.338135
-199.999969 -1732.458862 750.241821
35199.992188 -1732.458862 750.241821
-199.999969 -1727.454956 743.844849
35199.992188 -1727.454956 743.844849
-199.999969 -1725.450439 736.646118
35199.992188 -1725.450439 736.646118
-199.999969 -1724.445679 728.846741
35199.992188 -1724.445679 728.846741
35199.992188 -1724.286987 469.046753
-199.999969 -1724.286987 469.046753
-199.999969 -1725.282227 461.246155
35199.992188 -1725.282227 461.246155
-199.999969 -1727.277832 454.044952
35199.992188 -1727.277832 454.044952
-199.999969 -1732.273926 447.641907
35199.992188 -1732.273926 447.641907
-199.999969 -1738.270874 442.538239
35199.992188 -1738.270874 442.538239
-199.999969 -1745.268555 438.933960
35199.992188 -1745.268555 438.933960
-199.999969 -1752.267578 437.229675
35199.992188 -1752.267578 437.229675
35199.992188 -1884.259033 423.249054
-199.999969 -1884.259033 423.249054
-199.999969 -1888.258423 422.246643
35199.992188 -1888.258423 422.246643
-199.999969 -1892.257202 420.244202
35199.992188 -1892.257202 420.244202
-199.999969 -1895.255493 417.442352
35199.992188 -1895.255493 417.442352
-199.999969 -1898.253296 413.840515
35199.992188 -1898.253296 413.840515
-199.999969 -1899.250854 409.739899
35199.992188 -1899.250854 409.739899
-199.999969 -1900.248169 405.339294
35199.992188 -1900.248169 405.339294
35199.992188 -1900.244141 398.839294
-199.999969 -1900.244141 398.839294
35199.992188 -1700.244141 398.961456
-199.999969 -1700.244141 398.961456
35199.992188 -1700.488525 798.961426
-199.999969 -1700.488525 798.961426
35199.992188 -1900.488525 798.839233
-199.999969 -1900.488525 798.839233
0
186
8 4
8 2
10 2
10 1
12 1
12 63
15 63
15 61
16 61
43 50
43 48
44 48
26 61
29 61
29 59
30 59
52 43
54 43
57 43
18 61
20 61
61 24
22 61
32 59
34 59
36 59
59 43
59 40
38 59
13 3
13 5
9 5
0 13
62 13
60 13
13 9
28 58
27 58
27 60
25 60
47 51
47 53
45 53
45 55
42 55
42 56
41 56
41 58
39 58
19 60
60 14
17 60
37 58
35 58
58 31
33 58
23 60
60 21
63 1
62 1
0 62
61 63
63 62
60 63
62 60
59 61
61 60
58 61
60 58
57 59
59 58
56 59
58 56
54 57
57 56
55 57
56 55
55 53
54 55
54 53
52 54
53 51
52 53
52 51
50 52
51 49
50 51
50 49
48 50
49 47
48 49
48 47
46 48
47 45
46 47
46 45
44 46
45 42
44 45
44 42
43 44
40 43
43 42
41 43
42 41
41 39
40 41
40 39
38 40
39 37
38 39
38 37
36 38
37 35
36 37
36 35
34 36
35 33
34 35
34 33
32 34
33 31
32 33
32 31
30 32
31 28
30 31
30 28
29 30
26 29
29 28
27 29
28 27
27 25
26 27
26 25
24 26
25 23
24 25
24 23
22 24
23 21
22 23
22 21
20 22
21 19
20 21
20 19
18 20
19 17
18 19
18 17
16 18
17 14
16 17
16 14
15 16
12 15
15 14
13 15
14 13
13 11
12 13
12 11
10 12
11 9
10 11
10 9
8 10
9 7
8 9
8 7
6 8
7 5
6 7
6 5
4 6
5 3
4 5
4 3
2 4
3 0
2 3
2 0
1 2
0 1
124
3 186 185 184
3 -184 183 182
3 -183 181 180
3 -180 179 178
3 -179 177 176
3 -176 175 174
3 -175 173 172
3 -172 171 170
3 -171 169 168
3 -168 167 166
3 -167 165 164
3 -164 163 162
3 161 160 159
3 -160 -163 158
3 -159 157 156
3 -156 155 154
3 -155 153 152
3 -152 151 150
3 -151 149 148
3 -148 147 146
3 -147 145 144
3 -144 143 142
3 -143 141 140
3 -140 139 138
3 -139 137 136
3 -136 135 134
3 133 132 131
3 -132 -135 130
3 -131 129 128
3 -128 127 126
3 -127 125 124
3 -124 123 122
3 -123 121 120
3 -120 119 118
3 -119 117 116
3 -116 115 114
3 -115 113 112
3 -112 111 110
3 -111 109 108
3 -108 107 106
3 105 104 103
3 -104 -107 102
3 -103 101 100
3 -100 99 98
3 -99 97 96
3 -96 95 94
3 -95 93 92
3 -92 91 90
3 -91 89 88
3 -88 87 86
3 -87 85 84
3 -84 83 82
3 -83 81 80
3 -80 79 78
3 77 76 75
3 -76 -79 74
3 73 72 71
3 -72 -75 70
3 69 68 67
3 -68 -71 66
3 65 64 63
3 -64 -67 62
3 61 60 -186
3 -60 -63 59
3 58 -142 57
3 -122 56 55
3 -56 -118 54
3 -54 -114 53
3 -154 52 51
3 -52 -150 50
3 -50 -146 -58
3 -110 49 -53
3 -49 -106 48
3 -48 47 -73
3 -47 -105 46
3 -46 45 -77
3 -45 -98 44
3 -44 43 -78
3 -43 -94 42
3 -42 41 -82
3 -41 -90 -86
3 -138 40 -57
3 -40 -134 39
3 -39 38 -69
3 -38 -133 37
3 -37 -126 -55
3 -166 -162 36
3 -51 35 -161
3 -35 -65 34
3 -34 -61 33
3 -170 32 -174
3 -32 -36 31
3 -31 30 -178
3 -30 -33 -182
3 -109 29 28
3 -28 27 -102
3 -113 26 -29
3 -26 -117 25
3 -25 -121 24
3 -141 23 22
3 -23 -145 21
3 -21 -149 20
3 -70 19 -27
3 -19 -74 18
3 -18 -81 17
3 -125 16 -24
3 -16 -129 15
3 -15 14 -66
3 -14 -130 13
3 -13 -137 -22
3 -97 12 -93
3 -12 -101 11
3 -11 10 -89
3 -10 -17 -85
3 -153 9 -20
3 -9 -157 8
3 -8 7 -62
3 -7 -158 6
3 -6 5 -59
3 -5 -165 4
3 -4 3 -185
3 -3 -169 2
3 -2 1 -181
3 -1 -173 -177
0
0
24
*
64
3649.999268 -2975.728516 1191.182495
3649.999268 -625.728760 1192.618042
3650.999268 -625.726318 1188.618042
3650.999268 -2975.726074 1187.182495
3651.999268 -625.723877 1184.618042
3651.999268 -2975.723633 1183.182495
3654.999268 -625.721436 1180.618042
3654.999268 -2975.721191 1179.182495
3657.999268 -625.720215 1178.618042
3657.999268 -2975.719971 1177.182495
3661.999268 -625.718994 1176.618042
3661.999268 -2975.718750 1175.182495
3665.999268 -625.718323 1175.618042
3665.999268 -2975.718018 1174.182495
3797.999268 -2975.709473 1160.182495
3797.999268 -625.709778 1161.618042
3804.999268 -625.708557 1159.618042
3804.999268 -2975.708252 1158.182495
3811.999268 -625.706116 1155.618042
3811.999268 -2975.705811 1154.182495
3817.999268 -625.703064 1150.618042
3817.999268 -2975.702881 1149.182495
3822.999268 -625.699402 1144.618042
3822.999268 -2975.699219 1143.182495
3824.999268 -625.695129 1137.618042
3824.999268 -2975.694824 1136.182495
3825.999268 -625.690247 1129.618042
3825.999268 -2975.689941 1128.182495
3825.999268 -2975.531250 868.282593
3825.999268 -625.531433 869.718140
3824.999268 -625.526672 861.918091
3824.999268 -2975.526367 860.482544
3822.999268 -625.522278 854.718079
3822.999268 -2975.521973 853.282532
3817.999268 -625.518372 848.318115
3817.999268 -2975.518066 846.882568
3811.999268 -625.515259 843.218079
3811.999268 -2975.515137 841.782532
3804.999268 -625.513062 839.618103
3804.999268 -2975.512939 838.182556
3797.999268 -625.512024 837.918091
3797.999268 -2975.511719 836.482544
3665.999268 -2975.503418 822.582581
3665.999268 -625.503540 824.018127
3661.999268 -625.502930 823.018127
3661.999268 -2975.502686 821.582581
3657.999268 -625.501709 821.018066
3657.999268 -2975.501465 819.582520
3654.999268 -625.500000 818.218079
3654.999268 -2975.499756 816.782532
3651.999268 -625.497803 814.618103
3651.999268 -2975.497559 813.182556
3650.999268 -625.495300 810.518066
3650.999268 -2975.495117 809.082520
3649.999268 -625.492615 806.118103
3649.999268 -2975.492432 804.682556
3649.999268 -2975.488525 798.182556
3649.999268 -625.488647 799.618103
3849.999268 -2975.488525 798.182556
3849.999268 -625.488647 799.618103
3849.999268 -2975.732910 1198.182495
3849.999268 -625.733032 1199.618042
3649.999268 -2975.732910 1198.182495
3649.999268 -625.733032 1199.618042
0
186
26 61
29 61
29 59
30 59
50 46
52 46
52 44
54 44
54 43
59 43
54 59
20 61
61 24
22 61
10 6
10 4
12 4
12 2
15 2
15 1
61 1
36 59
59 40
38 59
15 61
61 18
16 61
32 59
59 34
28 58
27 58
27 60
25 60
45 49
45 51
42 51
42 53
41 53
41 55
58 55
5 9
3 9
3 11
0 11
0 13
60 13
41 58
39 58
37 58
23 60
21 60
19 60
0 60
58 31
58 33
35 58
60 14
17 60
63 1
62 1
0 62
61 63
63 62
60 63
62 60
59 61
61 60
58 61
60 58
57 59
59 58
56 59
58 56
54 57
57 56
55 57
56 55
55 53
54 55
54 53
52 54
53 51
52 53
52 51
50 52
51 49
50 51
50 49
48 50
49 47
48 49
48 47
46 48
47 45
46 47
46 45
44 46
45 42
44 45
44 42
43 44
40 43
43 42
41 43
42 41
41 39
40 41
40 39
38 40
39 37
38 39
38 37
36 38
37 35
36 37
36 35
34 36
35 33
34 35
34 33
32 34
33 31
32 33
32 31
30 32
31 28
30 31
30 28
29 30
26 29
29 28
27 29
28 27
27 25
26 27
26 25
24 26
25 23
24 25
24 23
22 24
23 21
22 23
22 21
20 22
21 19
20 21
20 19
18 20
19 17
18 19
18 17
16 18
17 14
16 17
16 14
15 16
12 15
15 14
13 15
14 13
13 11
12 13
12 11
10 12
11 9
10 11
10 9
8 10
9 7
8 9
8 7
6 8
7 5
6 7
6 5
4 6
5 3
4 5
4 3
2 4
3 0
2 3
2 0
1 2
0 1
124
3 186 185 184
3 -184 183 182
3 -183 181 180
3 -180 179 178
3 -179 177 176
3 -176 175 174
3 -175 173 172
3 -172 171 170
3 -171 169 168
3 -168 167 166
3 -167 165 164
3 -164 163 162
3 161 160 159
3 -160 -163 158
3 -159 157 156
3 -156 155 154
3 -155 153 152
3 -152 151 150
3 -151 149 148
3 -148 147 146
3 -147 145 144
3 -144 143 142
3 -143 141 140
3 -140 139 138
3 -139 137 136
3 -136 135 134
3 133 132 131
3 -132 -135 130
3 -131 129 128
3 -128 127 126
3 -127 125 124
3 -124 123 122
3 -123 121 120
3 -120 119 118
3 -119 117 116
3 -116 115 114
3 -115 113 112
3 -112 111 110
3 -111 109 108
3 -108 107 106
3 105 104 103
3 -104 -107 102
3 -103 101 100
3 -100 99 98
3 -99 97 96
3 -96 95 94
3 -95 93 92
3 -92 91 90
3 -91 89 88
3 -88 87 86
3 -87 85 84
3 -84 83 82
3 -83 81 80
3 -80 79 78
3 77 76 75
3 -76 -79 74
3 73 72 71
3 -72 -75 70
3 69 68 67
3 -68 -71 66
3 65 64 63
3 -64 -67 62
3 61 60 -186
3 -60 -63 59
3 -154 58 57
3 -118 56 55
3 -55 54 -122
3 -65 -61 53
3 -150 52 -58
3 -52 -146 51
3 -51 -142 50
3 -114 49 -56
3 -49 -110 48
3 -48 -106 47
3 -57 46 -161
3 -46 -53 45
3 -45 44 -162
3 -44 -182 43
3 -43 42 -166
3 -42 -178 41
3 -41 -174 -170
3 -73 40 -77
3 -40 -47 39
3 -39 38 -78
3 -38 -105 37
3 -37 36 -82
3 -36 -98 35
3 -35 34 -86
3 -34 -94 -90
3 -138 33 -50
3 -33 -134 32
3 -32 31 -69
3 -31 -133 30
3 -30 -126 -54
3 29 -121 28
3 -153 27 26
3 -27 -157 25
3 -109 24 23
3 -24 -113 22
3 -22 -117 -29
3 -62 21 -59
3 -21 -25 20
3 -20 19 -185
3 -19 -158 18
3 -18 17 -181
3 -17 -165 16
3 -16 15 -177
3 -15 -169 -173
3 -141 14 13
3 -14 -145 12
3 -12 -149 -26
3 -70 -74 11
3 -23 10 -102
3 -10 -11 9
3 -9 8 -101
3 -8 -81 7
3 -7 6 -97
3 -6 -85 5
3 -5 -89 -93
3 -125 4 -28
3 -4 -129 3
3 -3 2 -66
3 -2 -130 1
3 -1 -137 -13
0
0
24
*
64
10449.998047 -2975.728516 1191.182495
10449.998047 -625.728760 1192.618042
10449.998047 -625.726318 1188.618042
10449.998047 -2975.726074 1187.182495
10449.998047 -625.723877 1184.618042
10449.998047 -2975.723633 1183.182495
10449.998047 -625.721436 1180.618042
10449.998047 -2975.721191 1179.182495
10459.998047 -625.720215 1178.618042
10459.998047 -2975.719971 1177.182495
10459.998047 -625.718994 1176.618042
10459.998047 -2975.718750 1175.182495
10469.998047 -625.718323 1175.618042
10469.998047 -2975.718018 1174.182495
10599.998047 -2975.709473 1160.182495
10599.998047 -625.709778 1161.618042
10609.998047 -625.708557 1159.618042
10609.998047 -2975.708252 1158.182495
10609.998047 -625.706116 1155.618042
10609.998047 -2975.705811 1154.182495
10619.998047 -625.703064 1150.618042
10619.998047 -2975.702881 1149.182495
10619.998047 -625.699402 1144.618042
10619.998047 -2975.699219 1143.182495
10629.998047 -625.695129 1137.618042
10629.998047 -2975.694824 1136.182495
10629.998047 -625.690247 1129.618042
10629.998047 -2975.689941 1128.182495
10629.998047 -2975.531250 868.282593
10629.998047 -625.531433 869.718140
10629.998047 -625.526672 861.918091
10629.998047 -2975.526367 860.482544
10619.998047 -625.522278 854.718079
10619.998047 -2975.521973 853.282532
10619.998047 -625.518372 848.318115
10619.998047 -2975.518066 846.882568
10609.998047 -625.515259 843.218079
10609.998047 -2975.515137 841.782532
10609.998047 -625.513062 839.618103
10609.998047 -2975.512939 838.182556
10599.998047 -625.512024 837.918091
10599.998047 -2975.511719 836.482544
10469.998047 -2975.503418 822.582581
10469.998047 -625.503540 824.018127
10459.998047 -625.502930 823.018127
10459.998047 -2975.502686 821.582581
10459.998047 -625.501709 821.018066
10459.998047 -2975.501465 819.582520
10449.998047 -625.500000 818.218079
10449.998047 -2975.499756 816.782532
10449.998047 -625.497803 814.618103
10449.998047 -2975.497559 813.182556
10449.998047 -625.495300 810.518066
10449.998047 -2975.495117 809.082520
10449.998047 -625.492615 806.118103
10449.998047 -2975.492432 804.682556
10449.998047 -2975.488525 798.182556
10449.998047 -625.488647 799.618103
10649.998047 -2975.488525 798.182556
10649.998047 -625.488647 799.618103
10649.998047 -2975.732910 1198.182495
10649.998047 -625.733032 1199.618042
10449.998047 -2975.732910 1198.182495
10449.998047 -625.733032 1199.618042
0
186
50 46
52 46
52 44
54 44
54 43
59 43
10 6
10 4
12 4
12 2
15 2
15 1
61 1
15 61
16 61
18 61
26 61
29 61
29 59
30 59
54 59
20 61
61 24
22 61
32 59
34 59
36 59
59 40
38 59
5 9
3 9
3 11
0 11
0 13
60 13
0 60
45 49
45 51
42 51
42 53
41 53
41 55
58 55
28 58
27 58
27 60
25 60
23 60
21 60
19 60
41 58
39 58
37 58
60 14
17 60
35 58
58 31
33 58
63 1
62 1
0 62
61 63
63 62
60 63
62 60
59 61
61 60
58 61
60 58
57 59
59 58
56 59
58 56
54 57
57 56
55 57
56 55
55 53
54 55
54 53
52 54
53 51
52 53
52 51
50 52
51 49
50 51
50 49
48 50
49 47
48 49
48 47
46 48
47 45
46 47
46 45
44 46
45 42
44 45
44 42
43 44
40 43
43 42
41 43
42 41
41 39
40 41
40 39
38 40
39 37
38 39
38 37
36 38
37 35
36 37
36 35
34 36
35 33
34 35
34 33
32 34
33 31
32 33
32 31
30 32
31 28
30 31
30 28
29 30
26 29
29 28
27 29
28 27
27 25
26 27
26 25
24 26
25 23
24 25
24 23
22 24
23 21
22 23
22 21
20 22
21 19
20 21
20 19
18 20
19 17
18 19
18 17
16 18
17 14
16 17
16 14
15 16
12 15
15 14
13 15
14 13
13 11
12 13
12 11
10 12
11 9
10 11
10 9
8 10
9 7
8 9
8 7
6 8
7 5
6 7
6 5
4 6
5 3
4 5
4 3
2 4
3 0
2 3
2 0
1 2
0 1
124
3 186 185 184
3 -184 183 182
3 -183 181 180
3 -180 179 178
3 -179 177 176
3 -176 175 174
3 -175 173 172
3 -172 171 170
3 -171 169 168
3 -168 167 166
3 -167 165 164
3 -164 163 162
3 161 160 159
3 -160 -163 158
3 -159 157 156
3 -156 155 154
3 -155 153 152
3 -152 151 150
3 -151 149 148
3 -148 147 146
3 -147 145 144
3 -144 143 142
3 -143 141 140
3 -140 139 138
3 -139 137 136
3 -136 135 134
3 133 132 131
3 -132 -135 130
3 -131 129 128
3 -128 127 126
3 -127 125 124
3 -124 123 122
3 -123 121 120
3 -120 119 118
3 -119 117 116
3 -116 115 114
3 -115 113 112
3 -112 111 110
3 -111 109 108
3 -108 107 106
3 105 104 103
3 -104 -107 102
3 -103 101 100
3 -100 99 98
3 -99 97 96
3 -96 95 94
3 -95 93 92
3 -92 91 90
3 -91 89 88
3 -88 87 86
3 -87 85 84
3 -84 83 82
3 -83 81 80
3 -80 79 78
3 77 76 75
3 -76 -79 74
3 73 72 71
3 -72 -75 70
3 69 68 67
3 -68 -71 66
3 65 64 63
3 -64 -67 62
3 61 60 -186
3 -60 -63 59
3 -122 58 57
3 -58 -118 56
3 -154 55 54
3 -114 53 -56
3 -53 -110 52
3 -52 -106 51
3 -150 50 -55
3 -50 -146 49
3 -49 -142 48
3 -138 47 -48
3 -47 -134 46
3 -46 45 -69
3 -45 -133 44
3 -44 -126 -57
3 -73 43 -77
3 -43 -51 42
3 -42 41 -78
3 -41 -105 40
3 -40 39 -82
3 -39 -98 38
3 -38 37 -86
3 -37 -94 -90
3 -65 -61 36
3 -54 35 -161
3 -35 -36 34
3 -34 33 -162
3 -33 -182 32
3 -32 31 -166
3 -31 -178 30
3 -30 -174 -170
3 -109 29 28
3 -113 27 -29
3 -27 -117 26
3 -26 -121 25
3 -141 24 23
3 -24 -145 22
3 -70 -74 21
3 -125 20 -25
3 -20 -129 19
3 -19 18 -66
3 -18 -130 17
3 -17 -137 -23
3 -149 16 -22
3 -16 -153 15
3 -15 -157 14
3 -62 13 -59
3 -13 -14 12
3 -12 11 -185
3 -11 -158 10
3 -10 9 -181
3 -9 -165 8
3 -8 7 -177
3 -7 -169 -173
3 -28 6 -102
3 -6 -21 5
3 -5 4 -101
3 -4 -81 3
3 -3 2 -97
3 -2 -85 1
3 -1 -89 -93
0
0
24
*
64
17629.996094 -2975.718018 1174.182495
17629.996094 -625.718323 1175.618042
17639.996094 -625.718994 1176.618042
17639.996094 -2975.718750 1175.182495
17639.996094 -625.720215 1178.618042
17639.996094 -2975.719971 1177.182495
17649.996094 -625.721436 1180.618042
17649.996094 -2975.721191 1179.182495
17649.996094 -625.723877 1184.618042
17649.996094 -2975.723633 1183.182495
17649.996094 -625.726318 1188.618042
17649.996094 -2975.726074 1187.182495
17649.996094 -625.728760 1192.618042
17649.996094 -2975.728516 1191.182495
17649.996094 -2975.732910 1198.182495
17649.996094 -625.733032 1199.618042
17449.996094 -2975.732910 1198.182495
17449.996094 -625.733032 1199.618042
17449.996094 -2975.488525 798.182556
17449.996094 -625.488647 799.618103
17649.996094 -2975.488525 798.182556
17649.996094 -625.488647 799.618103
17649.996094 -2975.492432 804.682556
17649.996094 -625.492615 806.118103
17649.996094 -625.495300 810.518066
17649.996094 -2975.495117 809.082520
17649.996094 -625.497803 814.618103
17649.996094 -2975.497559 813.182556
17649.996094 -625.500000 818.218079
17649.996094 -2975.499756 816.782532
17639.996094 -625.501709 821.018066
17639.996094 -2975.501465 819.582520
17639.996094 -625.502930 823.018127
17639.996094 -2975.502686 821.582581
17629.996094 -625.503540 824.018127
17629.996094 -2975.503418 822.582581
17499.996094 -2975.511719 836.482544
17499.996094 -625.512024 837.918091
17489.996094 -625.513062 839.618103
17489.996094 -2975.512939 838.182556
17489.996094 -625.515259 843.218079
17489.996094 -2975.515137 841.782532
17479.996094 -625.518372 848.318115
17479.996094 -2975.518066 846.882568
17479.996094 -625.522278 854.718079
17479.996094 -2975.521973 853.282532
17469.996094 -625.526672 861.918091
17469.996094 -2975.526367 860.482544
17469.996094 -625.531433 869.718140
17469.996094 -2975.531250 868.282593
17469.996094 -2975.689941 1128.182495
17469.996094 -625.690247 1129.618042
17469.996094 -625.695129 1137.618042
17469.996094 -2975.694824 1136.182495
17479.996094 -625.699402 1144.618042
17479.996094 -2975.699219 1143.182495
17479.996094 -625.703064 1150.618042
17479.996094 -2975.702881 1149.182495
17489.996094 -625.706116 1155.618042
17489.996094 -2975.705811 1154.182495
17489.996094 -625.708557 1159.618042
17489.996094 -2975.708252 1158.182495
17499.996094 -625.709778 1161.618042
17499.996094 -2975.709473 1160.182495
0
184
6 2
12 6
12 2
12 1
17 1
48 19
51 19
51 17
52 17
32 28
32 26
34 26
34 24
37 24
37 23
19 23
37 19
38 19
40 19
12 17
42 19
19 46
44 19
54 17
56 17
58 17
17 62
60 17
29 33
22 29
22 33
22 35
18 35
50 16
49 16
49 18
47 18
22 18
3 7
3 9
0 9
0 11
63 11
63 13
16 13
63 16
61 16
59 16
45 18
43 18
41 18
18 36
39 18
57 16
16 53
55 16
62 1
63 1
0 63
63 61
62 63
62 61
60 62
61 59
60 61
60 59
58 60
59 57
58 59
58 57
56 58
57 55
56 57
56 55
54 56
55 53
54 55
54 53
52 54
53 50
52 53
52 50
51 52
48 51
51 50
49 51
50 49
49 47
48 49
48 47
46 48
47 45
46 47
46 45
44 46
45 43
44 45
44 43
42 44
43 41
42 43
42 41
40 42
41 39
40 41
40 39
38 40
39 36
38 39
38 36
37 38
34 37
37 36
35 37
36 35
35 33
34 35
34 33
32 34
33 31
32 33
32 31
30 32
31 29
30 31
30 29
28 30
29 27
28 29
28 27
26 28
27 25
26 27
26 25
24 26
25 22
24 25
24 22
23 24
21 23
23 22
20 23
22 20
19 21
21 20
18 21
20 18
17 19
19 18
16 19
18 16
15 17
17 16
14 17
16 14
12 15
15 14
13 15
14 13
13 11
12 13
12 11
10 12
11 9
10 11
10 9
8 10
9 7
8 9
8 7
6 8
7 5
6 7
6 5
4 6
5 3
4 5
4 3
2 4
3 0
2 3
2 0
1 2
0 1
120
3 184 183 182
3 -182 181 180
3 -181 179 178
3 -178 177 176
3 -177 175 174
3 -174 173 172
3 -173 171 170
3 -170 169 168
3 -169 167 166
3 -166 165 164
3 -165 163 162
3 -162 161 160
3 159 158 157
3 -158 -161 156
3 155 154 153
3 -154 -157 152
3 151 150 149
3 -150 -153 148
3 147 146 145
3 -146 -149 144
3 143 142 141
3 -142 -145 140
3 -141 139 138
3 -138 137 136
3 -137 135 134
3 -134 133 132
3 -133 131 130
3 -130 129 128
3 -129 127 126
3 -126 125 124
3 -125 123 122
3 -122 121 120
3 -121 119 118
3 -118 117 116
3 115 114 113
3 -114 -117 112
3 -113 111 110
3 -110 109 108
3 -109 107 106
3 -106 105 104
3 -105 103 102
3 -102 101 100
3 -101 99 98
3 -98 97 96
3 -97 95 94
3 -94 93 92
3 -93 91 90
3 -90 89 88
3 87 86 85
3 -86 -89 84
3 -85 83 82
3 -82 81 80
3 -81 79 78
3 -78 77 76
3 -77 75 74
3 -74 73 72
3 -73 71 70
3 -70 69 68
3 -69 67 66
3 -66 65 64
3 -65 63 62
3 -62 61 60
3 59 58 -184
3 -58 -61 57
3 -76 56 55
3 -56 -72 54
3 -108 53 52
3 -104 51 -53
3 -51 -100 50
3 -50 -96 49
3 -68 48 -54
3 -48 -64 47
3 -47 -60 46
3 -155 45 -159
3 -45 -46 44
3 -44 43 -160
3 -43 -59 42
3 -42 41 -164
3 -41 -180 40
3 -40 39 -168
3 -39 -176 -172
3 -147 -143 38
3 -92 37 -49
3 -37 -88 36
3 -36 35 -151
3 -35 -87 34
3 -34 -80 -55
3 -52 33 -115
3 -33 -38 32
3 -32 31 -116
3 -31 30 29
3 -29 -124 -120
3 -63 28 27
3 -67 26 -28
3 -26 -71 25
3 -25 -75 24
3 -95 23 22
3 -23 -99 21
3 -152 -156 20
3 -103 19 -21
3 -19 -107 18
3 -18 -111 17
3 -144 16 -140
3 -16 -17 15
3 -15 14 -139
3 -14 -112 13
3 -13 12 -135
3 -12 -119 11
3 -11 10 -131
3 -10 -123 -127
3 -79 9 -24
3 -9 -83 8
3 -8 7 -148
3 -7 -84 6
3 -6 -91 -22
3 -27 5 -57
3 -5 -20 4
3 -4 3 -183
3 -3 2 1
3 -1 -175 -179
0
0
24
*
64
24429.996094 -2975.718018 1174.182495
24429.996094 -625.718323 1175.618042
24439.996094 -625.718994 1176.618042
24439.996094 -2975.718750 1175.182495
24439.996094 -625.720215 1178.618042
24439.996094 -2975.719971 1177.182495
24449.996094 -625.721436 1180.618042
24449.996094 -2975.721191 1179.182495
24449.996094 -625.723877 1184.618042
24449.996094 -2975.723633 1183.182495
24449.996094 -625.726318 1188.618042
24449.996094 -2975.726074 1187.182495
24449.996094 -625.728760 1192.618042
24449.996094 -2975.728516 1191.182495
24449.996094 -2975.732910 1198.182495
24449.996094 -625.733032 1199.618042
24249.996094 -2975.732910 1198.182495
24249.996094 -625.733032 1199.618042
24249.996094 -2975.488525 798.182556
24249.996094 -625.488647 799.618103
24449.996094 -2975.488525 798.182556
24449.996094 -625.488647 799.618103
24449.996094 -2975.492432 804.682556
24449.996094 -625.492615 806.118103
24449.996094 -625.495300 810.518066
24449.996094 -2975.495117 809.082520
24449.996094 -625.497803 814.618103
24449.996094 -2975.497559 813.182556
24449.996094 -625.500000 818.218079
24449.996094 -2975.499756 816.782532
24439.996094 -625.501709 821.018066
24439.996094 -2975.501465 819.582520
24439.996094 -625.502930 823.018127
24439.996094 -2975.502686 821.582581
24429.996094 -625.503540 824.018127
24429.996094 -2975.503418 822.582581
24299.996094 -2975.511719 836.482544
24299.996094 -625.512024 837.918091
24289.996094 -625.513062 839.618103
24289.996094 -2975.512939 838.182556
24289.996094 -625.515259 843.218079
24289.996094 -2975.515137 841.782532
24279.996094 -625.518372 848.318115
24279.996094 -2975.518066 846.882568
24279.996094 -625.522278 854.718079
24279.996094 -2975.521973 853.282532
24269.996094 -625.526672 861.918091
24269.996094 -2975.526367 860.482544
24269.996094 -625.531433 869.718140
24269.996094 -2975.531250 868.282593
24269.996094 -2975.689941 1128.182495
24269.996094 -625.690247 1129.618042
24269.996094 -625.695129 1137.618042
24269.996094 -2975.694824 1136.182495
24279.996094 -625.699402 1144.618042
24279.996094 -2975.699219 1143.182495
24279.996094 -625.703064 1150.618042
24279.996094 -2975.702881 1149.182495
24289.996094 -625.706116 1155.618042
24289.996094 -2975.705811 1154.182495
24289.996094 -625.708557 1159.618042
24289.996094 -2975.708252 1158.182495
24299.996094 -625.709778 1161.618042
24299.996094 -2975.709473 1160.182495
0
184
6 2
12 6
12 2
12 1
17 1
48 19
51 19
51 17
52 17
32 28
32 26
34 26
34 24
37 24
37 23
19 23
37 19
38 19
40 19
12 17
42 19
19 46
44 19
54 17
56 17
58 17
17 62
60 17
29 33
22 29
22 33
22 35
18 35
50 16
49 16
49 18
47 18
22 18
3 7
3 9
0 9
0 11
63 11
63 13
16 13
63 16
61 16
59 16
45 18
43 18
41 18
18 36
39 18
57 16
16 53
55 16
62 1
63 1
0 63
63 61
62 63
62 61
60 62
61 59
60 61
60 59
58 60
59 57
58 59
58 57
56 58
57 55
56 57
56 55
54 56
55 53
54 55
54 53
52 54
53 50
52 53
52 50
51 52
48 51
51 50
49 51
50 49
49 47
48 49
48 47
46 48
47 45
46 47
46 45
44 46
45 43
44 45
44 43
42 44
43 41
42 43
42 41
40 42
41 39
40 41
40 39
38 40
39 36
38 39
38 36
37 38
34 37
37 36
35 37
36 35
35 33
34 35
34 33
32 34
33 31
32 33
32 31
30 32
31 29
30 31
30 29
28 30
29 27
28 29
28 27
26 28
27 25
26 27
26 25
24 26
25 22
24 25
24 22
23 24
21 23
23 22
20 23
22 20
19 21
21 20
18 21
20 18
17 19
19 18
16 19
18 16
15 17
17 16
14 17
16 14
12 15
15 14
13 15
14 13
13 11
12 13
12 11
10 12
11 9
10 11
10 9
8 10
9 7
8 9
8 7
6 8
7 5
6 7
6 5
4 6
5 3
4 5
4 3
2 4
3 0
2 3
2 0
1 2
0 1
120
3 184 183 182
3 -182 181 180
3 -181 179 178
3 -178 177 176
3 -177 175 174
3 -174 173 172
3 -173 171 170
3 -170 169 168
3 -169 167 166
3 -166 165 164
3 -165 163 162
3 -162 161 160
3 159 158 157
3 -158 -161 156
3 155 154 153
3 -154 -157 152
3 151 150 149
3 -150 -153 148
3 147 146 145
3 -146 -149 144
3 143 142 141
3 -142 -145 140
3 -141 139 138
3 -138 137 136
3 -137 135 134
3 -134 133 132
3 -133 131 130
3 -130 129 128
3 -129 127 126
3 -126 125 124
3 -125 123 122
3 -122 121 120
3 -121 119 118
3 -118 117 116
3 115 114 113
3 -114 -117 112
3 -113 111 110
3 -110 109 108
3 -109 107 106
3 -106 105 104
3 -105 103 102
3 -102 101 100
3 -101 99 98
3 -98 97 96
3 -97 95 94
3 -94 93 92
3 -93 91 90
3 -90 89 88
3 87 86 85
3 -86 -89 84
3 -85 83 82
3 -82 81 80
3 -81 79 78
3 -78 77 76
3 -77 75 74
3 -74 73 72
3 -73 71 70
3 -70 69 68
3 -69 67 66
3 -66 65 64
3 -65 63 62
3 -62 61 60
3 59 58 -184
3 -58 -61 57
3 -76 56 55
3 -56 -72 54
3 -108 53 52
3 -104 51 -53
3 -51 -100 50
3 -50 -96 49
3 -68 48 -54
3 -48 -64 47
3 -47 -60 46
3 -155 45 -159
3 -45 -46 44
3 -44 43 -160
3 -43 -59 42
3 -42 41 -164
3 -41 -180 40
3 -40 39 -168
3 -39 -176 -172
3 -147 -143 38
3 -92 37 -49
3 -37 -88 36
3 -36 35 -151
3 -35 -87 34
3 -34 -80 -55
3 -52 33 -115
3 -33 -38 32
3 -32 31 -116
3 -31 30 29
3 -29 -124 -120
3 -63 28 27
3 -67 26 -28
3 -26 -71 25
3 -25 -75 24
3 -95 23 22
3 -23 -99 21
3 -152 -156 20
3 -103 19 -21
3 -19 -107 18
3 -18 -111 17
3 -144 16 -140
3 -16 -17 15
3 -15 14 -139
3 -14 -112 13
3 -13 12 -135
3 -12 -119 11
3 -11 10 -131
3 -10 -123 -127
3 -79 9 -24
3 -9 -83 8
3 -8 7 -148
3 -7 -84 6
3 -6 -91 -22
3 -27 5 -57
3 -5 -20 4
3 -4 3 -183
3 -3 2 1
3 -1 -175 -179
0
0
