12
0
0
0
1
5
*
48
3700.000000 1475.000000 329.154877
3700.000000 1994.933105 1444.154907
3700.000000 1632.410156 1613.201904
3700.000000 1090.000000 449.999908
3700.000000 910.000061 449.999939
3700.000000 367.590118 1613.202026
3700.000000 525.000000 329.154968
3700.000000 5.067110 1444.155029
300.000000 525.000000 329.154968
300.000000 5.067110 1444.155029
300.000000 367.590118 1613.202026
300.000000 910.000061 449.999939
300.000000 1090.000000 449.999908
300.000000 1632.410156 1613.201904
300.000000 1475.000000 329.154877
300.000000 1994.933105 1444.154907
4000.000000 525.000000 329.154968
4000.000000 5.067110 1444.155029
4000.000000 367.590118 1613.202026
4000.000000 910.000061 449.999939
4000.000000 1090.000000 449.999908
4000.000000 1475.000000 329.154877
4000.000000 1632.410156 1613.201904
4000.000000 1994.933105 1444.154907
4000.000000 2000.000000 -0.000151
4000.000000 0.000000 0.000000
0.000000 1475.000000 329.154877
0.000000 1994.933105 1444.154907
0.000000 1632.410156 1613.201904
0.000000 1090.000000 449.999908
0.000000 910.000061 449.999939
0.000000 525.000000 329.154968
0.000000 367.590118 1613.202026
0.000000 5.067110 1444.155029
0.000000 2000.000000 -0.000151
0.000000 0.000000 0.000000
3700.000000 525.000000 299.999969
4000.000000 525.000000 299.999969
4000.000000 0.000023 300.000000
300.000000 1475.000000 299.999878
0.000000 1475.000000 299.999878
0.000000 2000.000000 299.999847
0.000000 0.000023 300.000000
0.000000 525.000000 299.999969
300.000000 525.000000 299.999969
4000.000000 2000.000000 299.999847
4000.000000 1475.000000 299.999878
3700.000000 1475.000000 299.999878
0
138
47 46
46 45
45 47
44 43
43 42
42 44
41 40
40 39
39 41
38 37
37 36
36 38
45 41
41 47
39 47
39 36
36 47
39 44
44 36
44 38
42 38
43 35
35 42
43 40
40 35
40 34
34 35
41 34
33 32
32 31
31 33
32 30
30 31
29 28
28 27
27 29
27 26
26 29
26 40
40 29
40 30
30 29
43 30
43 31
42 25
25 38
35 25
25 24
24 45
45 25
46 25
46 37
37 25
23 22
22 21
21 23
22 20
20 21
19 18
18 17
17 19
17 16
16 19
16 37
37 19
37 20
20 19
46 20
46 21
45 34
24 34
25 34
15 14
14 27
27 15
14 26
13 15
15 28
28 13
12 13
13 29
29 12
11 12
12 30
30 11
10 11
11 32
32 10
9 10
10 33
33 9
8 9
9 31
31 8
44 8
8 43
14 39
39 26
13 14
12 14
9 11
8 11
44 11
44 12
39 12
7 6
6 17
17 7
6 16
5 7
7 18
18 5
4 5
5 19
19 4
3 4
4 20
20 3
2 3
3 22
22 2
1 2
2 23
23 1
0 1
1 21
21 0
47 0
0 46
6 36
36 16
5 6
4 6
1 3
0 3
47 3
47 4
36 4
92
3 1 2 3
3 4 5 6
3 7 8 9
3 10 11 12
3 13 14 -3
3 -14 -9 15
3 -15 16 17
3 -16 18 19
3 -19 20 -12
3 -20 -6 21
3 -5 22 23
3 -22 24 25
3 -25 26 27
3 -26 -7 28
3 29 30 31
3 -30 32 33
3 34 35 36
3 37 38 -36
3 -38 39 40
3 -40 41 42
3 -41 -24 43
3 -43 44 -33
3 -21 45 46
3 -45 -23 47
3 48 49 50
3 -2 51 -50
3 -51 52 53
3 -53 -10 -46
3 54 55 56
3 -55 57 58
3 59 60 61
3 62 63 -61
3 -63 64 65
3 -65 66 67
3 -66 -52 68
3 -68 69 -58
3 -13 70 -28
3 -70 -49 71
3 -48 72 -71
3 -72 -47 -27
3 73 74 75
3 -74 76 -37
3 77 78 79
3 -78 -75 -35
3 80 81 82
3 -81 -79 -34
3 83 84 85
3 -84 -82 -42
3 86 87 88
3 -87 -85 -32
3 89 90 91
3 -90 -88 -29
3 92 93 94
3 -93 -91 -31
3 95 96 -4
3 -96 -94 -44
3 97 98 -76
3 -98 -8 -39
3 -77 99 -73
3 -99 -80 100
3 -86 -89 101
3 -92 102 -101
3 -102 -95 103
3 -103 104 -83
3 -104 -18 105
3 -105 -97 -100
3 106 107 108
3 -107 109 -62
3 110 111 112
3 -111 -108 -60
3 113 114 115
3 -114 -112 -59
3 116 117 118
3 -117 -115 -67
3 119 120 121
3 -120 -118 -57
3 122 123 124
3 -123 -121 -54
3 125 126 127
3 -126 -124 -56
3 128 129 -1
3 -129 -127 -69
3 130 131 -109
3 -131 -11 -64
3 -110 132 -106
3 -132 -113 133
3 -119 -122 134
3 -125 135 -134
3 -135 -128 136
3 -136 137 -116
3 -137 -17 138
3 -138 -130 -133
0
0
