12
0
0
0
1
30
*
936
-7844.959961 -1016.632324 733.353027
-7859.559570 -1016.632324 322.544983
-7694.065430 -1016.632324 1015.954041
-7844.959961 2059.840820 733.353027
-7859.559570 2059.840820 322.544983
-7822.032227 2059.840820 1064.836060
-7694.065430 2059.840820 1015.954041
-7822.032227 1079.426025 1064.836060
-7859.559570 1079.426025 322.544983
-7844.959961 1079.426025 733.353027
-7694.065430 1079.426025 1015.954041
-7577.276367 1079.426025 1348.783936
-7577.276367 2059.840820 1348.783936
-16470.242188 -1997.046753 1019.759033
-16507.769531 -1997.046875 277.468994
-16493.167969 -1997.046875 688.276001
-16342.274414 -1997.046753 970.877991
-16493.167969 -1016.633240 688.276001
-16507.769531 -1016.633240 277.468994
-16470.242188 -1016.633240 1019.759033
-16342.274414 -1016.633240 970.877991
-15674.364258 -1895.624268 154.924011
-16003.440430 -1895.624268 240.307999
-16244.342773 -1895.624268 473.583984
-16332.520508 -1895.624268 792.244019
-16244.342773 -1895.624268 1110.905029
-16003.440430 -1895.624268 1344.182007
-15674.364258 -1895.624268 1429.567017
-15345.288086 -1895.624268 1344.182007
-15104.387695 -1895.624268 1110.905029
-15016.209961 -1895.624268 792.244019
-15104.387695 -1895.624268 473.583984
-15345.288086 -1895.624268 240.307999
-15345.288086 -915.210754 240.307999
-15104.387695 -915.210754 473.583008
-15016.209961 -915.210754 792.244019
-15104.387695 -915.210754 1110.905029
-15345.288086 -915.210754 1344.182007
-15674.364258 -915.210754 1429.567017
-16003.440430 -915.210815 1344.182007
-16244.342773 -915.210815 1110.905029
-16332.520508 -915.210815 792.244019
-16244.342773 -915.210815 473.583008
-16003.440430 -915.210815 240.307999
-15674.364258 -915.210754 154.924011
-16493.167969 2059.839600 688.276001
-16507.769531 2059.839600 277.468994
-16470.242188 2059.839600 1019.759033
-16342.274414 2059.839600 970.877991
-16470.242188 1079.424805 1019.759033
-16507.769531 1079.424805 277.468994
-16493.167969 1079.424805 688.276001
-16342.274414 1079.424805 970.877991
-16225.487305 1079.424805 1303.708008
-16225.487305 2059.839600 1303.708008
-15824.485352 1079.424805 1464.037964
-15824.485352 2059.839600 1464.037964
-15064.235352 2059.839600 1264.098999
-15064.235352 1079.424805 1264.098999
-15374.688477 1079.424805 1457.788940
-15374.688477 2059.839600 1457.788940
-15345.288086 1958.417236 240.307999
-15104.387695 1958.417236 473.583984
-15016.209961 1958.417236 792.244019
-15104.387695 1958.417236 1110.905029
-15345.288086 1958.417236 1344.182007
-15674.364258 1958.417236 1429.567017
-16003.440430 1958.417236 1344.182007
-16244.342773 1958.417236 1110.905029
-16332.520508 1958.417236 792.244019
-16244.342773 1958.417236 473.583984
-16003.440430 1958.417236 240.307999
-15674.364258 1958.417236 154.924011
-15674.364258 978.002380 154.924011
-16003.440430 978.002380 240.307999
-16244.342773 978.002380 473.583984
-16332.520508 978.002380 792.244019
-16244.342773 978.002380 1110.905029
-16003.440430 978.002380 1344.182007
-15674.364258 978.002380 1429.567017
-15345.288086 978.002380 1344.182007
-15104.387695 978.002380 1110.905029
-15016.209961 978.002380 792.244019
-15104.387695 978.002380 473.583984
-15345.288086 978.002380 240.307999
-14892.565430 -1997.046753 1042.296997
-14930.096680 -1997.046753 300.006989
-14915.493164 -1997.046753 710.815002
-14764.598633 -1997.046753 993.416016
-14915.493164 -1016.633179 710.815002
-14930.096680 -1016.633179 300.006989
-14892.565430 -1016.633057 1042.296997
-14764.598633 -1016.633057 993.416016
-14915.493164 2059.839600 710.815002
-14930.096680 2059.839600 300.006989
-14892.565430 2059.839600 1042.296997
-14764.598633 2059.839600 993.416016
-14892.565430 1079.424805 1042.296997
-14930.096680 1079.424805 300.006989
-14915.493164 1079.424805 710.815002
-14764.598633 1079.424805 993.416016
-14647.809570 1079.424805 1326.245972
-14647.809570 2059.839600 1326.245972
-14246.811523 1079.425293 1486.575928
-14246.811523 2059.840088 1486.575928
-13486.559570 2059.840088 1286.636963
-13486.559570 1079.425293 1286.636963
-13797.012695 1079.425293 1480.327026
-13797.012695 2059.840088 1480.327026
-13767.608398 1958.417480 262.847015
-13526.708008 1958.417480 496.122009
-13438.530273 1958.417480 814.782959
-13526.708008 1958.417480 1133.442993
-13767.608398 1958.417480 1366.719971
-14096.690430 1958.417480 1452.105103
-14425.766602 1958.417480 1366.719971
-14666.668945 1958.417236 1133.442993
-14754.844727 1958.417236 814.782959
-14666.668945 1958.417236 496.122009
-14425.766602 1958.417480 262.847015
-14096.690430 1958.417480 177.461990
-14096.690430 978.002747 177.461990
-14425.766602 978.002747 262.847015
-14666.668945 978.002380 496.122009
-14754.844727 978.002380 814.782959
-14666.668945 978.002380 1133.442993
-14425.766602 978.002747 1366.719971
-14096.690430 978.002747 1452.105103
-13767.608398 978.002747 1366.719971
-13526.708008 978.002747 1133.442993
-13438.530273 978.002747 814.782959
-13526.708008 978.002747 496.122009
-13767.608398 978.002747 262.847015
-13438.530273 -1895.624023 814.782959
-13526.708008 -1895.624023 496.122009
-13767.608398 -1895.624023 262.846008
-14096.690430 -1895.624023 177.461990
-14425.766602 -1895.624023 262.846008
-14666.668945 -1895.624023 496.122009
-14754.844727 -1895.624023 814.782959
-14666.668945 -1895.624023 1133.442993
-14425.766602 -1895.624023 1366.719971
-14096.690430 -1895.624023 1452.105103
-13767.608398 -1895.624023 1366.719971
-13526.708008 -1895.624023 1133.442993
-13767.608398 -915.210571 262.846008
-13526.708008 -915.210571 496.122009
-13438.530273 -915.210571 814.782959
-13526.708008 -915.210571 1133.442993
-13767.608398 -915.210571 1366.719971
-14096.690430 -915.210571 1452.105103
-14425.766602 -915.210693 1366.719971
-14666.668945 -915.210693 1133.442993
-14754.844727 -915.210693 814.782959
-14666.668945 -915.210693 496.122009
-14425.766602 -915.210693 262.846008
-14096.690430 -915.210571 177.461990
-7176.278320 1079.426025 1509.114014
-7176.278320 2059.840820 1509.114014
-6416.026367 2059.840820 1309.175049
-6416.026367 1079.426025 1309.175049
-6726.479492 1079.426025 1502.866089
-6726.479492 2059.840820 1502.866089
-6697.077148 1958.418213 285.385010
-6456.174805 1958.418213 518.660034
-6367.999023 1958.418213 837.320984
-6456.174805 1958.418213 1155.982056
-6697.077148 1958.418213 1389.259033
-7026.153320 1958.418213 1474.643921
-7355.233398 1958.418213 1389.259033
-7596.133789 1958.418213 1155.982056
-7684.311523 1958.418213 837.320984
-7596.133789 1958.418213 518.660034
-7355.233398 1958.418213 285.385010
-7026.153320 1958.418213 200.000000
-7026.153320 978.003479 200.000000
-7355.233398 978.003479 285.385010
-7596.133789 978.003479 518.660034
-7684.311523 978.003479 837.320984
-7596.133789 978.003479 1155.982056
-7355.233398 978.003479 1389.259033
-7026.153320 978.003479 1474.643921
-6697.077148 978.003479 1389.259033
-6456.174805 978.003479 1155.982056
-6367.999023 978.003479 837.320984
-6456.174805 978.003479 518.660034
-6697.077148 978.003479 285.385010
-16225.487305 -1997.046753 1303.708008
-16225.487305 -1016.633240 1303.708008
-15824.485352 -1997.046753 1464.037964
-15824.485352 -1016.633240 1464.037964
-15064.235352 -1997.046753 1264.098999
-15374.688477 -1997.046753 1457.788940
-15374.688477 -1016.633179 1457.788940
-15064.235352 -1016.633179 1264.098999
-14647.809570 -1997.046631 1326.244995
-14647.809570 -1016.633057 1326.245972
-14246.811523 -1997.046631 1486.575928
-14246.811523 -1016.633057 1486.575928
-13486.559570 -1997.046631 1286.635986
-13797.012695 -1997.046631 1480.327026
-13797.012695 -1016.632935 1480.327026
-13486.559570 -1016.632935 1286.635986
-7822.032227 -1016.632324 1064.836060
-7577.276367 -1016.632202 1348.783936
-7176.278320 -1997.045898 1509.114014
-7176.278320 -1016.632202 1509.114014
-6416.026367 -1997.045654 1309.175049
-6726.479492 -1997.045654 1502.866089
-6726.479492 -1016.632141 1502.866089
-6416.026367 -1016.632141 1309.175049
-16730.035156 1950.104248 1502.199951
-16730.035156 -1853.504395 1502.199951
-16730.035156 -1853.504395 735.898987
-16730.035156 1950.104248 735.898987
-16556.984375 -1853.504395 1502.199951
-16556.984375 1950.104248 1502.199951
-16556.984375 1950.104248 735.898987
-16556.984375 -1853.504395 735.898987
-13274.069336 2198.507568 1502.199951
-13274.069336 -2169.520996 1502.199951
-13274.069336 -2169.520996 871.128052
-13274.069336 2198.507568 871.128052
-8412.229492 -2169.520508 1502.199951
-8412.229492 2198.508057 1502.199951
-8412.229492 2198.508057 871.128052
-8412.229492 -2169.520508 871.128052
-16713.898438 -2170.958252 1599.109985
-16713.898438 -2170.958252 1502.199951
-16713.898438 2199.942871 1599.109985
-16713.898438 2199.942871 1502.199951
-7822.032227 -1997.045898 1064.836060
-7577.276367 -1997.045898 1348.783936
-7859.559570 -1997.045898 322.544983
-7844.959961 -1997.045898 733.353027
-7694.065430 -1997.045898 1015.954041
-6367.999023 -1895.623169 837.320984
-6456.174805 -1895.623169 518.660034
-6697.077148 -1895.623169 285.384003
-7026.153320 -1895.623291 200.000000
-7355.233398 -1895.623291 285.384003
-7596.133789 -1895.623291 518.660034
-7684.311523 -1895.623291 837.320984
-7596.133789 -1895.623291 1155.982056
-7355.233398 -1895.623291 1389.258057
-7026.153320 -1895.623291 1474.643921
-6697.077148 -1895.623169 1389.258057
-6456.174805 -1895.623169 1155.982056
-7684.311523 -915.209961 837.320984
-7596.133789 -915.209839 518.660034
-7355.233398 -915.209839 285.384003
-7026.153320 -915.209839 200.000000
-6697.077148 -915.209717 285.384003
-6456.174805 -915.209717 518.660034
-6367.999023 -915.209717 837.320984
-6456.174805 -915.209717 1155.982056
-6697.077148 -915.209717 1389.258057
-7026.153320 -915.209839 1474.643921
-7355.233398 -915.209839 1389.258057
-7596.133789 -915.209839 1155.982056
3130.238281 -1016.631042 733.353027
3115.637695 -1016.631042 322.544983
3281.133789 -1016.631042 1015.954041
3130.238281 2059.841797 733.353027
3115.637695 2059.841797 322.544983
3153.166016 2059.841797 1064.836060
3281.133789 2059.841797 1015.954041
3153.166016 1079.427002 1064.836060
3115.637695 1079.427002 322.544983
3130.238281 1079.427002 733.353027
3281.133789 1079.427002 1015.954041
3397.921875 1079.427002 1348.783936
3397.921875 2059.841797 1348.783936
-5495.043945 -1997.045654 1019.759033
-5532.571289 -1997.045654 277.468994
-5517.971680 -1997.045654 688.276001
-5367.075195 -1997.045654 970.877991
-5517.971680 -1016.632080 688.276001
-5532.571289 -1016.632080 277.468994
-5495.043945 -1016.632080 1019.759033
-5367.075195 -1016.632080 970.877991
-4699.165039 -1895.623047 154.924011
-5028.245117 -1895.623047 240.307999
-5269.143555 -1895.623169 473.583984
-5357.323242 -1895.623169 792.244019
-5269.143555 -1895.623169 1110.905029
-5028.245117 -1895.623047 1344.182007
-4699.165039 -1895.623047 1429.567017
-4370.088867 -1895.623047 1344.182007
-4129.188477 -1895.623047 1110.905029
-4041.012695 -1895.623047 792.244019
-4129.188477 -1895.623047 473.583984
-4370.088867 -1895.623047 240.307999
-4370.088867 -915.209473 240.307999
-4129.188477 -915.209473 473.583008
-4041.012695 -915.209473 792.244019
-4129.188477 -915.209473 1110.905029
-4370.088867 -915.209473 1344.182007
-4699.165039 -915.209595 1429.567017
-5028.245117 -915.209595 1344.182007
-5269.143555 -915.209656 1110.905029
-5357.323242 -915.209656 792.244019
-5269.143555 -915.209656 473.583008
-5028.245117 -915.209595 240.307999
-4699.165039 -915.209595 154.924011
-5517.971680 2059.840820 688.276001
-5532.571289 2059.840820 277.468994
-5495.043945 2059.840820 1019.759033
-5367.075195 2059.840820 970.877991
-5495.043945 1079.426025 1019.759033
-5532.571289 1079.426025 277.468994
-5517.971680 1079.426025 688.276001
-5367.075195 1079.426025 970.877991
-5250.288086 1079.426025 1303.708008
-5250.288086 2059.840820 1303.708008
-4849.290039 1079.426025 1464.037964
-4849.290039 2059.840820 1464.037964
-4089.038086 2059.841064 1264.098999
-4089.038086 1079.426270 1264.098999
-4399.493164 1079.426270 1457.788940
-4399.493164 2059.841064 1457.788940
-4370.088867 1958.418701 240.307999
-4129.188477 1958.418701 473.583984
-4041.012695 1958.418701 792.244019
-4129.188477 1958.418701 1110.905029
-4370.088867 1958.418701 1344.182007
-4699.165039 1958.418701 1429.567017
-5028.245117 1958.418213 1344.182007
-5269.143555 1958.418213 1110.905029
-5357.323242 1958.418213 792.244019
-5269.143555 1958.418213 473.583984
-5028.245117 1958.418213 240.307999
-4699.165039 1958.418701 154.924011
-4699.165039 978.003845 154.924011
-5028.245117 978.003479 240.307999
-5269.143555 978.003479 473.583984
-5357.323242 978.003479 792.244019
-5269.143555 978.003479 1110.905029
-5028.245117 978.003479 1344.182007
-4699.165039 978.003845 1429.567017
-4370.088867 978.003845 1344.182007
-4129.188477 978.003845 1110.905029
-4041.012695 978.003845 792.244019
-4129.188477 978.003845 473.583984
-4370.088867 978.003845 240.307999
-3917.368164 -1997.045410 1042.296997
-3954.897461 -1997.045410 300.006989
-3940.295898 -1997.045410 710.815002
-3789.401367 -1997.045410 993.416016
-3940.295898 -1016.631836 710.815002
-3954.897461 -1016.631836 300.006989
-3917.368164 -1016.631836 1042.296997
-3789.401367 -1016.631836 993.416016
-3940.295898 2059.841064 710.815002
-3954.897461 2059.841064 300.006989
-3917.368164 2059.841064 1042.296997
-3789.401367 2059.841064 993.416016
-3917.368164 1079.426270 1042.296997
-3954.897461 1079.426270 300.006989
-3940.295898 1079.426270 710.815002
-3789.401367 1079.426270 993.416016
-3672.614258 1079.426270 1326.245972
-3672.614258 2059.841064 1326.245972
-3271.614258 1079.426270 1486.575928
-3271.614258 2059.841064 1486.575928
-2511.360352 2059.841064 1286.636963
-2511.360352 1079.426270 1286.636963
-2821.813477 1079.426270 1480.327026
-2821.813477 2059.841064 1480.327026
-2792.413086 1958.418701 262.847015
-2551.510742 1958.418701 496.122009
-2463.333008 1958.418701 814.782959
-2551.510742 1958.418701 1133.442993
-2792.413086 1958.418701 1366.719971
-3121.491211 1958.418701 1452.105103
-3450.569336 1958.418701 1366.719971
-3691.469727 1958.418701 1133.442993
-3779.647461 1958.418701 814.782959
-3691.469727 1958.418701 496.122009
-3450.569336 1958.418701 262.847015
-3121.491211 1958.418701 177.461990
-3121.491211 978.003845 177.461990
-3450.569336 978.003845 262.847015
-3691.469727 978.003845 496.122009
-3779.647461 978.003845 814.782959
-3691.469727 978.003845 1133.442993
-3450.569336 978.003845 1366.719971
-3121.491211 978.003845 1452.105103
-2792.413086 978.003845 1366.719971
-2551.510742 978.003845 1133.442993
-2463.333008 978.003845 814.782959
-2551.510742 978.003845 496.122009
-2792.413086 978.003845 262.847015
-2463.333008 -1895.622803 814.782959
-2551.510742 -1895.622803 496.122009
-2792.413086 -1895.622803 262.846008
-3121.491211 -1895.622803 177.461990
-3450.569336 -1895.622803 262.846008
-3691.469727 -1895.622803 496.122009
-3779.647461 -1895.623047 814.782959
-3691.469727 -1895.622803 1133.442993
-3450.569336 -1895.622803 1366.719971
-3121.491211 -1895.622803 1452.105103
-2792.413086 -1895.622803 1366.719971
-2551.510742 -1895.622803 1133.442993
-2792.413086 -915.209351 262.846008
-2551.510742 -915.209290 496.122009
-2463.333008 -915.209290 814.782959
-2551.510742 -915.209290 1133.442993
-2792.413086 -915.209351 1366.719971
-3121.491211 -915.209351 1452.105103
-3450.569336 -915.209351 1366.719971
-3691.469727 -915.209473 1133.442993
-3779.647461 -915.209473 814.782959
-3691.469727 -915.209473 496.122009
-3450.569336 -915.209351 262.846008
-3121.491211 -915.209351 177.461990
3798.919922 1079.427002 1509.114014
3798.919922 2059.841797 1509.114014
4559.172852 2059.841797 1309.175049
4559.172852 1079.427002 1309.175049
4248.717773 1079.427002 1502.866089
4248.717773 2059.841797 1502.866089
4278.122070 1958.419434 285.385010
4519.023438 1958.419434 518.660034
4607.200195 1958.419434 837.320984
4519.023438 1958.419434 1155.982056
4278.122070 1958.419434 1389.259033
3949.042969 1958.419434 1474.643921
3619.965820 1958.419434 1389.259033
3379.064453 1958.419434 1155.982056
3290.887695 1958.419434 837.320984
3379.064453 1958.419434 518.660034
3619.965820 1958.419434 285.385010
3949.042969 1958.419434 200.000000
3949.042969 978.004578 200.000000
3619.965820 978.004578 285.385010
3379.064453 978.004578 518.660034
3290.887695 978.004578 837.320984
3379.064453 978.004578 1155.982056
3619.965820 978.004578 1389.259033
3949.042969 978.004578 1474.643921
4278.122070 978.004578 1389.259033
4519.023438 978.004578 1155.982056
4607.200195 978.004578 837.320984
4519.023438 978.004578 518.660034
4278.122070 978.004578 285.385010
-5250.288086 -1997.045654 1303.708008
-5250.288086 -1016.632080 1303.708008
-4849.290039 -1997.045410 1464.037964
-4849.290039 -1016.631958 1464.037964
-4089.038086 -1997.045410 1264.098999
-4399.493164 -1997.045410 1457.788940
-4399.493164 -1016.631836 1457.788940
-4089.038086 -1016.631836 1264.098999
-3672.614258 -1997.045410 1326.244995
-3672.614258 -1016.631836 1326.245972
-3271.614258 -1997.045288 1486.575928
-3271.614258 -1016.631775 1486.575928
-2511.360352 -1997.045288 1286.635986
-2821.813477 -1997.045288 1480.327026
-2821.813477 -1016.631775 1480.327026
-2511.360352 -1016.631714 1286.635986
3153.166016 -1016.631042 1064.836060
3397.921875 -1016.631042 1348.783936
3798.919922 -1997.044556 1509.114014
3798.919922 -1016.630981 1509.114014
4559.172852 -1997.044556 1309.175049
4248.717773 -1997.044556 1502.866089
4248.717773 -1016.630981 1502.866089
4559.172852 -1016.630859 1309.175049
-5754.834961 1950.105225 1502.199951
-5754.834961 -1853.503052 1502.199951
-5754.834961 -1853.503052 735.898987
-5754.834961 1950.105225 735.898987
-5581.788086 -1853.503052 1502.199951
-5581.788086 1950.105225 1502.199951
-5581.788086 1950.105225 735.898987
-5581.788086 -1853.503052 735.898987
-2298.870117 2198.508789 1502.199951
-2298.870117 -2169.519775 1502.199951
-2298.870117 -2169.519775 871.128052
-2298.870117 2198.508789 871.128052
2562.967773 -2169.519287 1502.199951
2562.967773 2198.509521 1502.199951
2562.967773 2198.509521 871.128052
2562.967773 -2169.519287 871.128052
-5738.700195 -2170.957275 1599.109985
-5738.700195 -2170.957275 1502.199951
-5738.700195 2199.943848 1599.109985
-5738.700195 2199.943848 1502.199951
3153.166016 -1997.044556 1064.836060
3397.921875 -1997.044556 1348.783936
3115.637695 -1997.044556 322.544983
3130.238281 -1997.044556 733.353027
3281.133789 -1997.044556 1015.954041
4607.200195 -1895.621826 837.320984
4519.023438 -1895.622070 518.660034
4278.122070 -1895.622070 285.384003
3949.042969 -1895.622070 200.000000
3619.965820 -1895.622070 285.384003
3379.064453 -1895.622070 518.660034
3290.887695 -1895.622070 837.320984
3379.064453 -1895.622070 1155.982056
3619.965820 -1895.622070 1389.258057
3949.042969 -1895.622070 1474.643921
4278.122070 -1895.622070 1389.258057
4519.023438 -1895.622070 1155.982056
3290.887695 -915.208618 837.320984
3379.064453 -915.208618 518.660034
3619.965820 -915.208618 285.384003
3949.042969 -915.208557 200.000000
4278.122070 -915.208557 285.384003
4519.023438 -915.208496 518.660034
4607.200195 -915.208496 837.320984
4519.023438 -915.208496 1155.982056
4278.122070 -915.208557 1389.258057
3949.042969 -915.208557 1474.643921
3619.965820 -915.208618 1389.258057
3379.064453 -915.208618 1155.982056
14105.436523 -1016.629883 733.353027
14090.834961 -1016.629883 322.544983
14256.331055 -1016.629761 1015.954041
14105.435547 2059.843018 733.353027
14090.834961 2059.843018 322.544983
14128.364258 2059.843018 1064.836060
14256.331055 2059.843018 1015.954041
14128.364258 1079.428223 1064.836060
14090.834961 1079.428223 322.544983
14105.435547 1079.428223 733.353027
14256.331055 1079.428223 1015.954041
14373.120117 1079.428223 1348.783936
14373.120117 2059.843018 1348.783936
5480.155273 -1997.044434 1019.759033
5442.625977 -1997.044434 277.468994
5457.227539 -1997.044434 688.276001
5608.122070 -1997.044434 970.877991
5457.227539 -1016.630737 688.276001
5442.625977 -1016.630737 277.468994
5480.155273 -1016.630737 1019.759033
5608.122070 -1016.630737 970.877991
6276.032227 -1895.621704 154.924011
5946.954102 -1895.621826 240.307999
5706.052734 -1895.621826 473.583984
5617.875977 -1895.621826 792.244019
5706.052734 -1895.621826 1110.905029
5946.954102 -1895.621826 1344.182007
6276.032227 -1895.621704 1429.567017
6605.108398 -1895.621704 1344.182007
6846.007813 -1895.621704 1110.905029
6934.185547 -1895.621704 792.244019
6846.007813 -1895.621704 473.583984
6605.108398 -1895.621704 240.307999
6605.108398 -915.208252 240.307999
6846.007813 -915.208252 473.583008
6934.185547 -915.208191 792.244019
6846.007813 -915.208252 1110.905029
6605.108398 -915.208252 1344.182007
6276.032227 -915.208252 1429.567017
5946.954102 -915.208374 1344.182007
5706.052734 -915.208374 1110.905029
5617.875977 -915.208374 792.244019
5706.052734 -915.208374 473.583008
5946.954102 -915.208374 240.307999
6276.032227 -915.208252 154.924011
5457.227539 2059.842285 688.276001
5442.625977 2059.842285 277.468994
5480.155273 2059.842285 1019.759033
5608.122070 2059.842285 970.877991
5480.155273 1079.427490 1019.759033
5442.625977 1079.427490 277.468994
5457.227539 1079.427490 688.276001
5608.122070 1079.427490 970.877991
5724.910156 1079.427490 1303.708008
5724.910156 2059.842285 1303.708008
6125.909180 1079.427490 1464.037964
6125.909180 2059.842285 1464.037964
6886.159180 2059.842285 1264.098999
6886.159180 1079.427490 1264.098999
6575.706055 1079.427490 1457.788940
6575.706055 2059.842285 1457.788940
6605.108398 1958.419678 240.307999
6846.007813 1958.419678 473.583984
6934.185547 1958.419678 792.244019
6846.007813 1958.419678 1110.905029
6605.108398 1958.419678 1344.182007
6276.032227 1958.419678 1429.567017
5946.954102 1958.419678 1344.182007
5706.052734 1958.419678 1110.905029
5617.875977 1958.419678 792.244019
5706.052734 1958.419678 473.583984
5946.954102 1958.419678 240.307999
6276.032227 1958.419678 154.924011
6276.032227 978.004944 154.924011
5946.954102 978.004944 240.307999
5706.052734 978.004944 473.583984
5617.875977 978.004944 792.244019
5706.052734 978.004944 1110.905029
5946.954102 978.004944 1344.182007
6276.032227 978.004944 1429.567017
6605.108398 978.004944 1344.182007
6846.007813 978.004944 1110.905029
6934.185547 978.004944 792.244019
6846.007813 978.004944 473.583984
6605.108398 978.004944 240.307999
7057.830078 -1997.044189 1042.296997
7020.300781 -1997.044189 300.006989
7034.902344 -1997.044189 710.815002
7185.796875 -1997.044189 993.416016
7034.902344 -1016.630615 710.815002
7020.300781 -1016.630615 300.006989
7057.830078 -1016.630615 1042.296997
7185.796875 -1016.630615 993.416016
7034.902344 2059.842285 710.815002
7020.300781 2059.842285 300.006989
7057.830078 2059.842285 1042.296997
7185.796875 2059.842285 993.416016
7057.830078 1079.427490 1042.296997
7020.300781 1079.427490 300.006989
7034.902344 1079.427490 710.815002
7185.796875 1079.427490 993.416016
7302.584961 1079.427490 1326.245972
7302.584961 2059.842285 1326.245972
7703.583984 1079.427490 1486.575928
7703.583984 2059.842285 1486.575928
8463.837891 2059.842529 1286.636963
8463.837891 1079.427734 1286.636963
8153.382813 1079.427734 1480.327026
8153.382813 2059.842529 1480.327026
8182.786621 1958.420166 262.847015
8423.685547 1958.420166 496.122009
8511.865234 1958.420166 814.782959
8423.685547 1958.420166 1133.442993
8182.786621 1958.420166 1366.719971
7853.707031 1958.419678 1452.105103
7524.628906 1958.419678 1366.719971
7283.727539 1958.419678 1133.442993
7195.550781 1958.419678 814.782959
7283.727539 1958.419678 496.122009
7524.628906 1958.419678 262.847015
7853.707031 1958.419678 177.461990
7853.707031 978.004944 177.461990
7524.628906 978.004944 262.847015
7283.727539 978.004944 496.122009
7195.550781 978.004944 814.782959
7283.727539 978.004944 1133.442993
7524.628906 978.004944 1366.719971
7853.707031 978.004944 1452.105103
8182.786621 978.005310 1366.719971
8423.685547 978.005310 1133.442993
8511.865234 978.005310 814.782959
8423.685547 978.005310 496.122009
8182.786621 978.005310 262.847015
8511.865234 -1895.621582 814.782959
8423.685547 -1895.621582 496.122009
8182.786621 -1895.621582 262.846008
7853.707031 -1895.621582 177.461990
7524.628906 -1895.621704 262.846008
7283.727539 -1895.621704 496.122009
7195.550781 -1895.621704 814.782959
7283.727539 -1895.621704 1133.442993
7524.628906 -1895.621704 1366.719971
7853.707031 -1895.621582 1452.105103
8182.786621 -1895.621582 1366.719971
8423.685547 -1895.621582 1133.442993
8182.786621 -915.208130 262.846008
8423.685547 -915.208130 496.122009
8511.865234 -915.208130 814.782959
8423.685547 -915.208130 1133.442993
8182.786621 -915.208130 1366.719971
7853.707031 -915.208130 1452.105103
7524.628906 -915.208191 1366.719971
7283.727539 -915.208191 1133.442993
7195.550781 -915.208191 814.782959
7283.727539 -915.208191 496.122009
7524.628906 -915.208191 262.846008
7853.707031 -915.208130 177.461990
14774.118164 1079.428467 1509.114014
14774.118164 2059.843262 1509.114014
15534.371094 2059.843262 1309.175049
15534.371094 1079.428467 1309.175049
15223.916016 1079.428467 1502.866089
15223.916016 2059.843262 1502.866089
15253.319336 1958.420898 285.385010
15494.220703 1958.420898 518.660034
15582.398438 1958.420898 837.320984
15494.220703 1958.420898 1155.982056
15253.319336 1958.420898 1389.259033
14924.241211 1958.420898 1474.643921
14595.164063 1958.420898 1389.259033
14354.261719 1958.420410 1155.982056
14266.084961 1958.420410 837.320984
14354.261719 1958.420410 518.660034
14595.164063 1958.420898 285.385010
14924.241211 1958.420898 200.000000
14924.241211 978.006042 200.000000
14595.164063 978.006042 285.385010
14354.261719 978.005676 518.660034
14266.084961 978.005676 837.320984
14354.261719 978.005676 1155.982056
14595.164063 978.006042 1389.259033
14924.241211 978.006042 1474.643921
15253.319336 978.006042 1389.259033
15494.220703 978.006042 1155.982056
15582.398438 978.006042 837.320984
15494.220703 978.006042 518.660034
15253.319336 978.006042 285.385010
15865.830078 690.644714 1502.199951
15865.830078 690.644714 1096.510986
15865.830078 2042.939697 1502.199951
15865.830078 2042.939697 1096.510986
16767.361328 690.644714 1502.199951
16767.361328 2042.939697 1502.199951
16767.361328 2042.939697 1096.510986
16767.361328 690.644714 1096.510986
16584.644531 -1016.629578 733.353027
16570.044922 -1016.629578 322.544983
16735.541016 -1016.629517 1015.954041
16584.644531 2059.843262 733.353027
16570.044922 2059.843262 322.544983
16607.574219 2059.843262 1064.836060
16735.541016 2059.843262 1015.954041
16607.574219 1079.428467 1064.836060
16570.044922 1079.428467 322.544983
16584.644531 1079.428467 733.353027
16735.541016 1079.428467 1015.954041
16852.328125 1079.428467 1348.783936
16852.328125 2059.843262 1348.783936
17253.328125 1079.428467 1509.114014
17253.326172 2059.843262 1509.114014
18013.582031 2059.843750 1309.175049
18013.582031 1079.428955 1309.175049
17703.125000 1079.428467 1502.866089
17703.125000 2059.843262 1502.866089
17732.527344 1958.420898 285.385010
17973.431641 1958.421143 518.660034
18061.607422 1958.421143 837.320984
17973.431641 1958.421143 1155.982056
17732.527344 1958.420898 1389.259033
17403.451172 1958.420898 1474.643921
17074.373047 1958.420898 1389.259033
16833.470703 1958.420898 1155.982056
16745.294922 1958.420898 837.320984
16833.470703 1958.420898 518.660034
17074.373047 1958.420898 285.385010
17403.451172 1958.420898 200.000000
17403.451172 978.006042 200.000000
17074.373047 978.006042 285.385010
16833.470703 978.006042 518.660034
16745.294922 978.006042 837.320984
16833.470703 978.006042 1155.982056
17074.373047 978.006042 1389.259033
17403.451172 978.006042 1474.643921
17732.527344 978.006042 1389.259033
17973.431641 978.006409 1155.982056
18061.607422 978.006409 837.320984
17973.431641 978.006409 518.660034
17732.527344 978.006042 285.385010
18768.441406 2510.841309 2928.502930
18748.421875 2081.106201 2963.644043
18748.421875 2081.106201 3045.041992
18870.041016 2510.841309 2928.502930
18856.193359 2081.106201 2963.644043
18856.193359 2081.106201 3045.041992
18768.441406 2815.641113 2318.903076
18768.441406 2887.078613 2903.103027
18768.441406 2510.841309 2318.903076
18768.441406 2510.841309 3030.103027
18870.041016 2887.078613 2903.103027
18832.609375 2815.641113 2345.639893
18832.609375 2510.841309 2345.639893
18870.041016 2510.841309 3030.103027
18770.224609 -2365.958984 2928.502930
18750.205078 -1936.223877 3045.041992
18750.205078 -1936.223877 2963.644043
18857.976563 -1936.223877 3045.041992
18857.976563 -1936.223877 2963.644043
18871.824219 -2365.958984 2928.502930
18770.224609 -2742.196289 2903.103027
18770.224609 -2670.758789 2318.903076
18770.224609 -2365.958984 3030.103027
18770.224609 -2365.958984 2318.903076
18871.824219 -2742.196289 2903.103027
18871.824219 -2365.958984 3030.103027
18834.392578 -2365.958984 2345.639893
18834.392578 -2670.758789 2345.639893
17253.328125 -1997.043091 1509.114014
17253.328125 -1016.629517 1509.114014
18013.582031 -1997.042969 1309.175049
17703.125000 -1997.042969 1502.866089
17703.125000 -1016.629395 1502.866089
18013.582031 -1016.629395 1309.175049
18995.371094 -1980.140869 3566.689941
19349.289063 -1980.140869 2369.967041
19442.273438 -1980.140869 1017.757996
18452.416016 -1980.140991 3600.794189
19158.716797 -1980.140869 708.410034
18089.808594 -1980.140991 700.181030
18122.244141 -1980.140991 1146.432983
17773.787109 -1980.140991 1655.442017
17172.126953 -1980.140991 1677.979980
17095.675781 -1980.140991 3641.072998
17821.091797 -1980.140991 3682.872070
18061.607422 -1895.620361 837.320984
17973.431641 -1895.620361 518.660034
17732.527344 -1895.620361 285.384003
17403.451172 -1895.620605 200.000000
17074.373047 -1895.620605 285.384003
16833.470703 -1895.620605 518.660034
16745.294922 -1895.620605 837.320984
16833.470703 -1895.620605 1155.982056
17074.373047 -1895.620605 1389.258057
17403.451172 -1895.620605 1474.642944
17732.527344 -1895.620361 1389.258057
17973.431641 -1895.620361 1155.982056
16833.470703 -915.207092 1155.982056
16745.294922 -915.207092 837.320984
16833.470703 -915.207092 518.660034
17074.373047 -915.207092 285.384003
17403.451172 -915.207092 200.000000
17732.527344 -915.207031 285.384003
17973.431641 -915.207031 518.660034
18061.607422 -915.207031 837.320984
17973.431641 -915.207031 1155.982056
17732.527344 -915.207031 1389.258057
17403.451172 -915.207092 1474.643921
17074.373047 -915.207092 1389.258057
5724.910156 -1997.044434 1303.708008
5724.910156 -1016.630737 1303.708008
6125.909180 -1997.044434 1464.037964
6125.909180 -1016.630676 1464.037964
6886.159180 -1997.044189 1264.098999
6575.706055 -1997.044189 1457.788940
6575.706055 -1016.630676 1457.788940
6886.159180 -1016.630676 1264.098999
7302.584961 -1997.044189 1326.244995
7302.584961 -1016.630615 1326.245972
7703.583984 -1997.044189 1486.575928
7703.583984 -1016.630615 1486.575928
8463.837891 -1997.043945 1286.635986
8153.382813 -1997.043945 1480.327026
8153.382813 -1016.630493 1480.327026
8463.837891 -1016.630493 1286.635986
14128.364258 -1016.629883 1064.836060
14373.120117 -1016.629761 1348.783936
14774.118164 -1997.043213 1509.114014
14774.118164 -1016.629761 1509.114014
15534.371094 -1997.043213 1309.175049
15223.916016 -1997.043213 1502.866089
15223.916016 -1016.629639 1502.866089
15534.371094 -1016.629639 1309.175049
17106.146484 -424.999512 2145.719971
17106.146484 -424.999512 1681.505005
16136.169922 -424.999695 2145.719971
16136.169922 -424.999695 1681.505005
17106.146484 318.762085 2145.719971
16136.169922 318.761902 2145.719971
16136.169922 318.761902 1681.505005
17106.146484 318.762085 1681.505005
16852.330078 -1016.629517 1348.783936
16607.574219 -1016.629578 1064.836060
16805.728516 -1980.141113 1454.761963
16643.626953 -1980.141113 1454.761963
17019.318359 -1980.140991 3110.915039
5220.363281 1950.106689 1502.199951
5220.363281 -1853.501953 1502.199951
5220.363281 -1853.501953 735.898987
5220.363281 1950.106689 735.898987
5393.409180 -1853.501953 1502.199951
5393.409180 1950.106689 1502.199951
5393.409180 1950.106689 735.898987
5393.409180 -1853.501953 735.898987
8676.326172 2198.510254 1502.199951
8676.326172 -2169.518555 1502.199951
8676.326172 -2169.518555 871.128052
8676.326172 2198.510254 871.128052
13538.166016 -2169.518066 1502.199951
13538.166016 2198.510498 1502.199951
13538.166016 2198.510498 871.128052
13538.166016 -2169.518066 871.128052
5236.498047 -2170.956055 1599.109985
5236.498047 -2170.956055 1502.199951
5236.498047 2199.945313 1599.109985
5236.498047 2199.945313 1502.199951
16211.696289 -2170.954590 1599.109985
16211.696289 2199.946533 1599.109985
16211.696289 2199.946533 1502.199951
16211.696289 -2170.954590 1502.199951
14128.364258 -1997.043457 1064.836060
14373.120117 -1997.043213 1348.783936
14090.834961 -1997.043457 322.544983
14105.436523 -1997.043457 733.353027
14256.331055 -1997.043457 1015.954041
15582.398438 -1895.620850 837.320984
15494.221680 -1895.620850 518.660034
15253.319336 -1895.620850 285.384003
14924.241211 -1895.620850 200.000000
14595.164063 -1895.620850 285.384003
14354.261719 -1895.620850 518.660034
14266.084961 -1895.620972 837.320984
14354.261719 -1895.620850 1155.982056
14595.164063 -1895.620850 1389.258057
14924.241211 -1895.620850 1474.643921
15253.319336 -1895.620850 1389.258057
15494.221680 -1895.620850 1155.982056
14266.084961 -915.207397 837.320984
14354.261719 -915.207397 518.660034
14595.164063 -915.207397 285.384003
14924.241211 -915.207397 200.000000
15253.319336 -915.207275 285.384003
15494.221680 -915.207275 518.660034
15582.398438 -915.207275 837.320984
15494.221680 -915.207275 1155.982056
15253.319336 -915.207275 1389.258057
14924.241211 -915.207397 1474.643921
14595.164063 -915.207397 1389.258057
14354.261719 -915.207397 1155.982056
16607.574219 -1997.043091 1064.836060
16852.330078 -1997.043091 1348.783936
16570.044922 -1997.043091 322.544983
16584.644531 -1997.043091 733.353027
16735.541016 -1997.043091 1015.954041
17821.083984 2076.746826 3682.868896
17095.677734 2076.746826 3641.069824
19158.712891 2076.747314 708.408020
18089.802734 2076.747314 700.181030
19442.273438 2076.747314 1017.757996
19349.285156 2076.747314 2369.969971
18995.375000 2076.747314 3566.693115
18122.242188 2076.747314 1146.432007
18452.417969 2076.747314 3600.791992
16643.619141 2076.746826 1454.761963
16805.734375 2076.746826 1454.761963
17773.785156 2076.746826 1655.446045
17019.318359 2076.746826 3110.912109
17172.126953 2076.746826 1677.984009
0
1831
935 934
934 933
933 935
935 932
932 931
931 935
931 934
933 930
930 929
929 933
934 930
930 928
928 927
927 930
927 929
927 926
926 929
926 925
925 929
926 924
924 925
934 923
923 922
922 934
922 930
921 920
920 919
919 921
921 918
918 917
917 921
921 917
917 920
920 921
916 915
915 914
914 913
913 912
912 911
911 910
910 909
909 908
908 907
907 906
906 905
905 916
904 903
903 902
902 901
901 900
900 899
899 898
898 897
897 896
896 895
895 894
894 893
893 904
892 891
891 890
890 892
892 889
889 888
888 892
892 888
888 891
891 892
887 886
886 885
885 884
884 887
886 883
883 882
882 885
881 887
884 880
880 881
882 880
881 883
879 878
878 877
877 876
876 879
875 874
874 873
873 872
872 875
874 879
876 873
877 872
871 870
870 869
869 868
868 871
867 866
866 865
865 864
864 867
866 871
868 865
869 864
863 934
931 862
862 863
932 861
861 862
860 917
917 918
918 859
859 860
858 857
857 856
856 855
855 858
857 854
854 853
853 856
854 852
852 851
851 853
851 855
858 852
913 903
904 912
914 902
915 901
916 900
850 849
849 848
848 847
847 850
846 845
845 848
849 846
846 844
844 889
889 845
843 888
888 889
844 843
844 889
842 841
841 840
840 839
839 842
838 837
837 840
841 838
838 836
836 835
835 837
834 833
833 832
832 831
831 834
830 829
829 832
833 830
830 828
828 827
827 829
826 825
825 824
824 823
823 822
822 821
821 820
820 819
819 818
818 817
817 816
816 815
815 826
814 813
813 812
812 811
811 810
810 809
809 808
808 807
807 806
806 805
805 804
804 803
803 814
802 922
923 801
801 802
935 800
800 861
863 801
799 933
929 798
798 799
799 800
797 925
924 796
796 797
798 795
795 799
798 797
796 798
796 794
794 798
794 795
794 793
793 795
792 795
793 792
799 802
801 799
795 802
863 799
863 800
861 863
824 813
814 823
825 812
826 811
815 810
791 790
790 789
789 788
788 791
787 786
786 789
790 787
787 859
859 918
918 786
795 930
792 928
793 927
794 926
785 784
784 783
783 782
782 785
784 781
781 780
780 783
781 779
779 778
778 780
779 785
782 778
777 776
776 775
775 783
783 777
776 774
774 773
773 775
774 772
772 780
780 773
772 777
783 780
771 770
770 769
769 768
768 771
767 766
766 770
771 767
765 764
764 766
767 765
769 764
765 768
763 762
762 761
761 771
771 763
760 759
759 762
763 760
767 758
758 759
760 767
761 758
767 771
757 756
756 755
755 754
754 753
753 752
752 751
751 750
750 749
749 748
748 747
747 746
746 757
745 744
744 743
743 742
742 741
741 740
740 739
739 738
738 737
737 736
736 735
735 734
734 745
734 757
746 745
735 756
736 755
737 754
738 753
739 752
740 751
741 750
742 749
743 748
744 747
733 732
732 731
731 730
730 733
733 729
729 728
728 732
727 726
726 728
729 727
725 724
724 723
723 725
725 726
726 722
722 725
725 722
722 724
724 725
721 720
720 727
727 721
721 719
719 718
718 721
721 718
718 720
720 721
727 720
720 722
722 726
724 719
719 723
723 724
724 722
720 724
720 722
724 720
720 719
719 724
719 720
720 718
718 719
820 805
806 819
821 804
822 803
816 809
817 808
818 807
717 860
860 859
859 717
717 716
716 715
715 717
717 715
715 860
860 717
715 917
917 860
860 715
715 716
716 919
919 715
715 919
919 917
917 715
917 919
919 920
920 917
714 713
713 712
712 711
711 714
713 710
710 709
709 712
710 708
708 707
707 709
708 714
711 707
706 705
705 704
704 703
703 702
702 701
701 700
700 699
699 698
698 697
697 696
696 695
695 706
694 693
693 692
692 691
691 690
690 689
689 688
688 687
687 686
686 685
685 684
684 683
683 694
683 706
695 694
684 705
685 704
686 703
687 702
688 701
689 700
696 693
682 681
681 680
680 679
679 682
682 678
678 677
677 681
909 895
896 908
910 894
911 893
897 907
676 675
675 674
674 673
673 672
672 671
671 670
670 669
669 668
668 667
667 666
666 665
665 676
664 663
663 662
662 661
661 660
660 659
659 658
658 657
657 656
656 655
655 654
654 653
653 664
870 867
652 651
651 650
650 649
649 648
648 647
647 646
646 645
645 644
644 643
643 642
642 641
641 652
640 639
639 638
638 637
637 636
636 635
635 634
634 633
633 632
632 631
631 630
630 629
629 640
629 652
641 640
633 648
649 632
634 647
635 646
636 645
637 644
638 643
639 642
628 627
627 626
626 625
625 628
628 624
624 623
623 627
622 621
621 623
624 622
620 619
619 618
618 620
620 621
621 617
617 620
617 619
616 615
615 622
622 616
616 614
614 613
613 616
616 613
613 615
615 616
622 615
615 617
621 617
622 621
619 614
614 618
619 618
617 615
615 619
617 619
619 615
615 614
614 619
614 615
615 613
613 614
669 663
664 668
670 662
671 661
672 660
673 659
674 658
675 657
676 656
612 611
611 836
836 612
612 610
610 609
609 612
612 609
609 611
611 612
608 607
607 606
606 608
608 835
835 605
605 608
608 605
605 607
607 608
611 605
605 835
836 611
836 835
607 610
610 606
606 607
607 605
605 611
611 607
607 611
611 610
610 607
610 611
611 609
609 610
604 603
603 602
602 601
601 600
600 599
599 598
598 597
597 596
596 595
595 594
594 593
593 604
592 591
591 590
590 589
589 588
588 587
587 586
586 585
585 584
584 583
583 582
582 581
581 592
581 604
593 592
582 603
583 602
584 601
585 600
586 599
587 598
588 597
589 596
590 595
591 594
580 579
579 578
578 577
577 580
580 576
576 575
575 579
574 573
573 575
576 574
572 571
571 570
570 572
572 573
573 569
569 572
569 571
568 567
567 574
574 568
568 566
566 565
565 568
568 565
565 567
567 568
574 567
567 569
573 569
574 573
571 566
566 570
571 570
569 567
567 571
569 571
571 567
567 566
566 571
566 567
567 565
565 566
564 563
563 562
562 561
561 560
560 559
559 558
558 557
557 556
556 555
555 554
554 553
553 564
552 551
551 550
550 549
549 548
548 547
547 546
546 545
545 544
544 543
543 542
542 541
541 552
553 552
541 564
554 551
555 550
556 549
557 548
558 547
559 546
560 545
561 544
562 543
563 542
540 539
539 828
828 540
540 538
538 537
537 540
540 537
537 539
539 540
536 535
535 534
534 536
536 827
827 533
533 536
536 533
533 535
535 536
539 533
533 827
828 539
828 827
535 538
538 534
534 535
535 533
533 539
539 535
535 539
539 538
538 535
538 539
539 537
537 538
878 875
690 699
691 698
692 697
532 531
531 677
678 532
530 529
529 528
528 530
530 531
531 527
527 530
530 527
527 529
529 530
526 525
525 532
532 526
526 524
524 523
523 526
526 523
523 525
525 526
532 525
525 527
527 531
532 531
529 524
524 528
528 529
529 527
527 525
525 529
529 525
525 524
524 529
524 525
525 523
523 524
905 899
906 898
522 843
843 844
844 522
522 521
521 520
520 522
522 520
520 843
843 522
520 888
888 843
843 520
520 521
521 890
890 520
520 890
890 888
888 520
888 890
890 891
891 888
630 651
631 650
665 655
666 654
667 653
519 518
518 517
517 516
516 515
515 514
514 513
513 512
512 511
511 510
510 509
509 508
508 519
507 506
506 505
505 504
504 503
503 502
502 501
501 500
500 499
499 498
498 497
497 496
496 507
495 494
494 493
493 495
495 492
492 491
491 495
495 491
491 494
494 495
883 490
490 489
489 882
882 883
488 881
881 880
880 487
487 488
880 882
489 487
488 490
883 881
486 485
485 484
484 483
483 486
482 481
481 480
480 479
479 482
481 486
483 480
484 479
478 477
477 476
476 475
475 478
474 473
473 472
472 471
471 474
473 478
475 472
476 471
516 506
507 515
517 505
518 504
519 503
470 469
469 468
468 467
467 470
466 465
465 468
469 466
466 464
464 492
492 465
463 491
491 492
464 463
464 492
462 461
461 460
460 459
459 462
458 457
457 460
461 458
458 456
456 455
455 457
454 453
453 452
452 451
451 454
450 449
449 452
453 450
450 448
448 447
447 449
446 445
445 444
444 443
443 442
442 441
441 440
440 439
439 438
438 437
437 436
436 435
435 446
434 433
433 432
432 431
431 430
430 429
429 428
428 427
427 426
426 425
425 424
424 423
423 434
423 446
435 434
424 445
425 444
426 443
427 442
428 441
429 440
436 433
422 421
421 420
420 419
419 422
422 418
418 417
417 421
512 498
499 511
513 497
514 496
500 510
416 415
415 414
414 413
413 412
412 411
411 410
410 409
409 408
408 407
407 406
406 405
405 416
404 403
403 402
402 401
401 400
400 399
399 398
398 397
397 396
396 395
395 394
394 393
393 404
477 474
392 391
391 390
390 389
389 388
388 387
387 386
386 385
385 384
384 383
383 382
382 381
381 392
380 379
379 378
378 377
377 376
376 375
375 374
374 373
373 372
372 371
371 370
370 369
369 380
369 392
381 380
373 388
389 372
374 387
375 386
376 385
377 384
378 383
379 382
368 367
367 366
366 365
365 368
368 364
364 363
363 367
362 361
361 363
364 362
360 359
359 358
358 360
360 361
361 357
357 360
357 359
356 355
355 362
362 356
356 354
354 353
353 356
356 353
353 355
355 356
362 355
355 357
361 357
362 361
359 354
354 358
359 358
357 355
355 359
357 359
359 355
355 354
354 359
354 355
355 353
353 354
409 403
404 408
410 402
411 401
412 400
413 399
414 398
415 397
416 396
352 351
351 456
456 352
352 350
350 349
349 352
352 349
349 351
351 352
348 347
347 346
346 348
348 455
455 345
345 348
348 345
345 347
347 348
351 345
345 455
456 351
456 455
347 350
350 346
346 347
347 345
345 351
351 347
347 351
351 350
350 347
350 351
351 349
349 350
344 343
343 342
342 341
341 340
340 339
339 338
338 337
337 336
336 335
335 334
334 333
333 344
332 331
331 330
330 329
329 328
328 327
327 326
326 325
325 324
324 323
323 322
322 321
321 332
321 344
333 332
322 343
323 342
324 341
325 340
326 339
327 338
328 337
329 336
330 335
331 334
320 319
319 318
318 317
317 320
320 316
316 315
315 319
314 313
313 315
316 314
312 311
311 310
310 312
312 313
313 309
309 312
309 311
308 307
307 314
314 308
308 306
306 305
305 308
308 305
305 307
307 308
314 307
307 309
313 309
314 313
311 306
306 310
311 310
309 307
307 311
309 311
311 307
307 306
306 311
306 307
307 305
305 306
304 303
303 302
302 301
301 300
300 299
299 298
298 297
297 296
296 295
295 294
294 293
293 304
292 291
291 290
290 289
289 288
288 287
287 286
286 285
285 284
284 283
283 282
282 281
281 292
293 292
281 304
294 291
295 290
296 289
297 288
298 287
299 286
300 285
301 284
302 283
303 282
280 279
279 448
448 280
280 278
278 277
277 280
280 277
277 279
279 280
276 275
275 274
274 276
276 447
447 273
273 276
276 273
273 275
275 276
279 273
273 447
448 279
448 447
275 278
278 274
274 275
275 273
273 279
279 275
275 279
279 278
278 275
278 279
279 277
277 278
485 482
430 439
431 438
432 437
272 271
271 417
418 272
270 269
269 268
268 270
270 271
271 267
267 270
270 267
267 269
269 270
266 265
265 272
272 266
266 264
264 263
263 266
266 263
263 265
265 266
272 265
265 267
267 271
272 271
269 264
264 268
268 269
269 267
267 265
265 269
269 265
265 264
264 269
264 265
265 263
263 264
508 502
509 501
262 463
463 464
464 262
262 261
261 260
260 262
262 260
260 463
463 262
260 491
491 463
463 260
260 261
261 493
493 260
260 493
493 491
491 260
491 493
493 494
494 491
370 391
371 390
405 395
406 394
407 393
259 258
258 257
257 256
256 255
255 254
254 253
253 252
252 251
251 250
250 249
249 248
248 259
247 246
246 245
245 244
244 243
243 242
242 241
241 240
240 239
239 238
238 237
237 236
236 247
235 234
234 233
233 235
235 232
232 231
231 235
235 231
231 234
234 235
490 230
230 229
229 489
489 490
228 488
488 487
487 227
227 228
487 489
229 227
228 230
490 488
226 225
225 224
224 223
223 226
222 221
221 220
220 219
219 222
221 226
223 220
224 219
218 217
217 216
216 215
215 218
214 213
213 212
212 211
211 214
213 218
215 212
216 211
256 246
247 255
257 245
258 244
259 243
210 209
209 208
208 207
207 210
206 205
205 208
209 206
206 204
204 232
232 205
203 231
231 232
204 203
204 232
202 201
201 200
200 199
199 202
198 197
197 200
201 198
198 196
196 195
195 197
194 193
193 192
192 191
191 194
190 189
189 192
193 190
190 188
188 187
187 189
186 185
185 184
184 183
183 182
182 181
181 180
180 179
179 178
178 177
177 176
176 175
175 186
174 173
173 172
172 171
171 170
170 169
169 168
168 167
167 166
166 165
165 164
164 163
163 174
163 186
175 174
164 185
165 184
166 183
167 182
168 181
169 180
176 173
162 161
161 160
160 159
159 162
162 158
158 157
157 161
252 238
239 251
253 237
254 236
240 250
156 155
155 154
154 153
153 152
152 151
151 150
150 149
149 148
148 147
147 146
146 145
145 156
144 143
143 142
142 141
141 140
140 139
139 138
138 137
137 136
136 135
135 134
134 133
133 144
217 214
132 131
131 130
130 129
129 128
128 127
127 126
126 125
125 124
124 123
123 122
122 121
121 132
120 119
119 118
118 117
117 116
116 115
115 114
114 113
113 112
112 111
111 110
110 109
109 120
109 132
121 120
113 128
129 112
114 127
115 126
116 125
117 124
118 123
119 122
108 107
107 106
106 105
105 108
108 104
104 103
103 107
102 101
101 103
104 102
100 99
99 98
98 100
100 101
101 97
97 100
97 99
96 95
95 102
102 96
96 94
94 93
93 96
96 93
93 95
95 96
102 95
95 97
101 97
102 101
99 94
94 98
99 98
97 95
95 99
97 99
99 95
95 94
94 99
94 95
95 93
93 94
149 143
144 148
150 142
151 141
152 140
153 139
154 138
155 137
156 136
92 91
91 196
196 92
92 90
90 89
89 92
92 89
89 91
91 92
88 87
87 86
86 88
88 195
195 85
85 88
88 85
85 87
87 88
91 85
85 195
196 91
196 195
87 90
90 86
86 87
87 85
85 91
91 87
87 91
91 90
90 87
90 91
91 89
89 90
84 83
83 82
82 81
81 80
80 79
79 78
78 77
77 76
76 75
75 74
74 73
73 84
72 71
71 70
70 69
69 68
68 67
67 66
66 65
65 64
64 63
63 62
62 61
61 72
61 84
73 72
62 83
63 82
64 81
65 80
66 79
67 78
68 77
69 76
70 75
71 74
60 59
59 58
58 57
57 60
60 56
56 55
55 59
54 53
53 55
56 54
52 51
51 50
50 52
52 53
53 49
49 52
49 51
48 47
47 54
54 48
48 46
46 45
45 48
48 45
45 47
47 48
54 47
47 49
53 49
54 53
51 46
46 50
51 50
49 47
47 51
49 51
51 47
47 46
46 51
46 47
47 45
45 46
44 43
43 42
42 41
41 40
40 39
39 38
38 37
37 36
36 35
35 34
34 33
33 44
32 31
31 30
30 29
29 28
28 27
27 26
26 25
25 24
24 23
23 22
22 21
21 32
33 32
21 44
34 31
35 30
36 29
37 28
38 27
39 26
40 25
41 24
42 23
43 22
20 19
19 188
188 20
20 18
18 17
17 20
20 17
17 19
19 20
16 15
15 14
14 16
16 187
187 13
13 16
16 13
13 15
15 16
19 13
13 187
188 19
188 187
15 18
18 14
14 15
15 13
13 19
19 15
15 19
19 18
18 15
18 19
19 17
17 18
225 222
170 179
171 178
172 177
12 11
11 157
158 12
10 9
9 8
8 10
10 11
11 7
7 10
10 7
7 9
9 10
6 5
5 12
12 6
6 4
4 3
3 6
6 3
3 5
5 6
12 5
5 7
7 11
12 11
9 4
4 8
8 9
9 7
7 5
5 9
9 5
5 4
4 9
4 5
5 3
3 4
248 242
249 241
2 203
203 204
204 2
2 1
1 0
0 2
2 0
0 203
203 2
0 231
231 203
203 0
0 1
1 233
233 0
0 233
233 231
231 0
231 233
233 234
234 231
110 131
111 130
145 135
146 134
147 133
889
3 -1825 -1824 -1826
3 1824 1825 1826
3 -1822 -1821 -1823
3 1821 1822 1823
3 -1819 -1818 -1820
3 1818 1819 1820
3 -1816 -1815 -1817
3 1815 1816 1817
3 -1813 -1812 -1814
3 1812 1813 1814
3 -1810 -1809 -1811
3 1809 1810 1811
3 -1807 -1806 -1808
3 1806 1807 1808
3 -1802 -1801 -1803
3 1801 1802 1803
3 -1799 -1798 -1800
3 1798 1799 1800
3 -1796 -1795 -1797
3 1795 1796 1797
3 -1793 -1792 -1794
3 1792 1793 1794
3 -1786 -1785 -1787
3 1785 1786 1787
3 -1783 -1782 -1784
3 1782 1783 1784
3 -1780 -1779 -1781
3 1779 1780 1781
3 -1777 -1776 -1778
3 1776 1777 1778
3 -1774 -1773 -1775
3 1773 1774 1775
3 -1771 -1770 -1772
3 1770 1771 1772
3 -1761 -1760 -1762
3 1760 1761 1762
3 -1758 -1757 -1759
3 1757 1758 1759
3 -1755 -1754 -1756
3 1754 1755 1756
3 -1752 -1751 -1753
3 1751 1752 1753
3 -1745 -1744 -1746
3 1744 1745 1746
3 -1742 -1741 -1743
3 1741 1742 1743
3 -1739 -1738 -1740
3 1738 1739 1740
3 -1736 -1735 -1737
3 1735 1736 1737
3 -1733 -1732 -1734
3 1732 1733 1734
3 -1730 -1729 -1731
3 1729 1730 1731
3 -1691 -1690 -1692
3 1690 1691 1692
3 -1688 -1687 -1689
3 1687 1688 1689
3 -1684 1686 -1685
3 -1667 1684 1685
3 -1682 -1681 1683
3 1681 1682 -1662
3 -1675 -1674 -1676
3 1674 1675 1676
3 -1672 -1671 -1673
3 1671 1672 1673
3 -1669 -1668 -1670
3 1668 1669 1670
3 -1666 1667 -1661
3 1664 1665 1666
3 1661 1662 1663
3 -1613 -1612 -1614
3 1612 1613 1614
3 -1610 -1609 -1611
3 1609 1610 1611
3 -1607 -1606 -1608
3 1606 1607 1608
3 -1604 -1603 -1605
3 1603 1604 1605
3 -1597 -1596 -1598
3 1596 1597 1598
3 -1594 -1593 -1595
3 1593 1594 1595
3 -1591 -1590 -1592
3 1590 1591 1592
3 -1588 -1587 -1589
3 1587 1588 1589
3 -1585 -1584 -1586
3 1584 1585 1586
3 -1582 -1581 -1583
3 1581 1582 1583
3 -1570 -1569 -1571
3 1569 1570 1571
3 -1567 -1566 -1568
3 1566 1567 1568
3 -1563 1565 -1564
3 -1546 1563 1564
3 -1561 -1560 1562
3 1560 1561 -1541
3 -1554 -1553 -1555
3 1553 1554 1555
3 -1551 -1550 -1552
3 1550 1551 1552
3 -1548 -1547 -1549
3 1547 1548 1549
3 -1545 1546 -1540
3 1543 1544 1545
3 1540 1541 1542
3 -1351 -1350 -1352
3 1350 1351 1352
3 -1348 -1347 -1349
3 1347 1348 1349
3 -1345 -1344 -1346
3 1344 1345 1346
3 -1313 -1312 -1314
3 1312 1313 1314
3 -1310 -1309 -1311
3 1309 1310 1311
3 -1307 -1306 -1308
3 1306 1307 1308
3 -1304 -1303 -1305
3 1303 1304 1305
3 -1301 -1300 -1302
3 1300 1301 1302
3 -1298 -1297 -1299
3 1297 1298 1299
3 -1295 -1294 -1296
3 1294 1295 1296
3 -1290 -1289 -1291
3 1289 1290 1291
3 -1287 -1286 -1288
3 1286 1287 1288
3 -1284 -1283 -1285
3 1283 1284 1285
3 -1281 -1280 -1282
3 1280 1281 1282
3 -1274 -1273 -1275
3 1273 1274 1275
3 -1271 -1270 -1272
3 1270 1271 1272
3 -1268 -1267 -1269
3 1267 1268 1269
3 -1265 -1264 -1266
3 1264 1265 1266
3 -1262 -1261 -1263
3 1261 1262 1263
3 -1259 -1258 -1260
3 1258 1259 1260
3 -1249 -1248 -1250
3 1248 1249 1250
3 -1246 -1245 -1247
3 1245 1246 1247
3 -1243 -1242 -1244
3 1242 1243 1244
3 -1240 -1239 -1241
3 1239 1240 1241
3 -1233 -1232 -1234
3 1232 1233 1234
3 -1230 -1229 -1231
3 1229 1230 1231
3 -1227 -1226 -1228
3 1226 1227 1228
3 -1224 -1223 -1225
3 1223 1224 1225
3 -1221 -1220 -1222
3 1220 1221 1222
3 -1218 -1217 -1219
3 1217 1218 1219
3 -1179 -1178 -1180
3 1178 1179 1180
3 -1176 -1175 -1177
3 1175 1176 1177
3 -1172 1174 -1173
3 -1155 1172 1173
3 -1170 -1169 1171
3 1169 1170 -1150
3 -1163 -1162 -1164
3 1162 1163 1164
3 -1160 -1159 -1161
3 1159 1160 1161
3 -1157 -1156 -1158
3 1156 1157 1158
3 -1154 1155 -1149
3 1152 1153 1154
3 1149 1150 1151
3 -1101 -1100 -1102
3 1100 1101 1102
3 -1098 -1097 -1099
3 1097 1098 1099
3 -1095 -1094 -1096
3 1094 1095 1096
3 -1092 -1091 -1093
3 1091 1092 1093
3 -1085 -1084 -1086
3 1084 1085 1086
3 -1082 -1081 -1083
3 1081 1082 1083
3 -1079 -1078 -1080
3 1078 1079 1080
3 -1076 -1075 -1077
3 1075 1076 1077
3 -1073 -1072 -1074
3 1072 1073 1074
3 -1070 -1069 -1071
3 1069 1070 1071
3 -1058 -1057 -1059
3 1057 1058 1059
3 -1055 -1054 -1056
3 1054 1055 1056
3 -1051 1053 -1052
3 -1034 1051 1052
3 -1049 -1048 1050
3 1048 1049 -1029
3 -1042 -1041 -1043
3 1041 1042 1043
3 -1039 -1038 -1040
3 1038 1039 1040
3 -1036 -1035 -1037
3 1035 1036 1037
3 -1033 1034 -1028
3 1031 1032 1033
3 1028 1029 1030
3 -839 -838 -840
3 838 839 840
3 -836 -835 -837
3 835 836 837
3 -833 -832 -834
3 832 833 834
3 -801 -800 -802
3 800 801 802
3 -798 -797 -799
3 797 798 799
3 -795 -794 -796
3 794 795 796
3 -792 -791 -793
3 791 792 793
3 -789 -788 -790
3 788 789 790
3 -786 -785 -787
3 785 786 787
3 -783 -782 -784
3 782 783 784
3 -778 -777 -779
3 777 778 779
3 -775 -774 -776
3 774 775 776
3 -772 -771 -773
3 771 772 773
3 -769 -768 -770
3 768 769 770
3 -762 -761 -763
3 761 762 763
3 -759 -758 -760
3 758 759 760
3 -756 -755 -757
3 755 756 757
3 -753 -752 -754
3 752 753 754
3 -750 -749 -751
3 749 750 751
3 -747 -746 -748
3 746 747 748
3 -737 -736 -738
3 736 737 738
3 -734 -733 -735
3 733 734 735
3 -731 -730 -732
3 730 731 732
3 -728 -727 -729
3 727 728 729
3 -721 -720 -722
3 720 721 722
3 -718 -717 -719
3 717 718 719
3 -715 -714 -716
3 714 715 716
3 -712 -711 -713
3 711 712 713
3 -709 -708 -710
3 708 709 710
3 -706 -705 -707
3 705 706 707
3 -667 -666 -668
3 666 667 668
3 -664 -663 -665
3 663 664 665
3 -660 662 -661
3 -643 660 661
3 -658 -657 659
3 657 658 -638
3 -651 -650 -652
3 650 651 652
3 -648 -647 -649
3 647 648 649
3 -645 -644 -646
3 644 645 646
3 -642 643 -637
3 640 641 642
3 637 638 639
3 -589 -588 -590
3 588 589 590
3 -586 -585 -587
3 585 586 587
3 -583 -582 -584
3 582 583 584
3 -580 -579 -581
3 579 580 581
3 -573 -572 -574
3 572 573 574
3 -570 -569 -571
3 569 570 571
3 -567 -566 -568
3 566 567 568
3 -564 -563 -565
3 563 564 565
3 -561 -560 -562
3 560 561 562
3 -558 -557 -559
3 557 558 559
3 -546 -545 -547
3 545 546 547
3 -543 -542 -544
3 542 543 544
3 -539 541 -540
3 -522 539 540
3 -537 -536 538
3 536 537 -517
3 -530 -529 -531
3 529 530 531
3 -527 -526 -528
3 526 527 528
3 -524 -523 -525
3 523 524 525
3 -521 522 -516
3 519 520 521
3 516 517 518
3 -388 -387 -389
3 387 388 389
3 -385 -384 -386
3 384 385 386
3 -382 -381 -383
3 381 382 383
3 -379 -378 -380
3 378 379 380
3 -376 -375 -377
3 375 376 377
3 -373 -372 -374
3 372 373 374
3 -370 -369 -371
3 369 370 371
3 -360 -359 -361
3 359 360 361
3 -357 -356 -358
3 356 357 358
3 355 -353 -354
3 353 -348 354
3 -351 -350 -352
3 350 351 352
3 -345 -344 -346
3 344 345 346
3 -342 -341 -343
3 341 342 343
3 -339 -338 -340
3 338 339 340
3 -336 -335 -337
3 335 336 337
3 -333 -332 -334
3 332 333 334
3 -330 -329 -331
3 329 330 331
3 -215 -190 -214
3 -104 -106 215
3 -213 214 -195
3 -211 -191 213
3 212 -210 -200
3 210 -188 211
3 208 -207 209
3 -205 206 207
3 -199 -204 205
3 -202 203 204
3 201 -198 202
3 199 200 -194
3 -66 -65 -67
3 65 66 67
3 -63 -62 -64
3 62 63 64
3 -60 -59 -61
3 59 60 61
3 -33 -32 -34
3 32 33 34
3 -30 -29 -31
3 29 30 31
3 -27 -26 -28
3 26 27 28
3 -24 25 -11
3 22 23 24
3 -18 20 21
3 -17 18 19
3 -15 16 17
3 -14 15 -9
3 12 13 14
3 11 -8 -2
3 8 9 10
3 -6 7 -1
3 4 5 6
3 1 2 3
4 -1364 -1356 -1361 -1358
4 -1479 -1573 -1494 -1831
4 1831 -1493 -1830 -1480
4 -1481 1830 -1492 -1829
4 1829 -1491 -1580 -1482
4 -1523 -1498 -1828 -1516
4 -1517 1828 -1497 -1827
4 1827 -1496 -1520 -1518
4 -1470 -1338 -1805 -1329
4 -1330 1805 -1337 -1804
4 1804 -1336 -1391 -1331
4 -1790 -1789 -1788 1791
4 1788 1789 1790 -1767
4 1767 1768 -1464 1769
4 -1439 -1458 -1435 -1766
4 1766 -1434 -1765 -1440
4 -1441 1765 -1433 -1764
4 1764 -1432 -1457 -1442
4 -1369 -1763 -1365 -1373
4 1763 -1372 -1375 -1366
4 1750 -1748 -1747 -1749
4 1747 1748 -1424 1749
4 -1693 -1718 -1715 -1728
4 1728 -1714 -1727 -1694
4 -1695 1727 -1713 -1726
4 1726 -1712 -1725 -1696
4 -1697 1725 -1711 -1724
4 1724 -1710 -1723 -1698
4 -1699 1723 -1709 -1722
4 1722 -1708 -1721 -1700
4 -1701 1721 -1707 -1720
4 1720 -1706 -1719 -1702
4 -1703 1719 -1705 -1717
4 1717 -1716 1718 -1704
4 1679 -1678 -1677 1680
4 1677 1678 -1665 -1658
4 1658 1659 -1656 1660
4 1655 1656 1657 -1651
4 1651 1652 1653 1654
4 -1640 -1625 -1650 -1627
4 -1628 1650 -1624 -1649
4 1649 -1623 -1648 -1629
4 -1630 1648 -1622 -1647
4 1647 -1621 -1646 -1631
4 -1632 1646 -1620 -1645
4 1645 -1619 -1644 -1633
4 -1634 1644 -1618 -1643
4 1643 -1617 -1642 -1635
4 -1636 1642 -1616 -1641
4 1641 -1615 -1639 -1637
4 -1638 1639 -1626 1640
4 1602 -1600 -1599 -1601
4 1599 1600 -1414 1601
4 -1471 1580 -1490 -1579
4 1579 -1489 -1578 -1472
4 -1473 1578 -1488 -1577
4 1577 -1487 -1576 -1474
4 -1475 1576 -1486 -1575
4 1575 -1485 -1574 -1476
4 -1477 1574 -1484 -1572
4 1572 -1483 1573 -1478
4 1558 -1557 -1556 1559
4 1556 1557 -1544 -1537
4 1537 1538 -1535 1539
4 1534 1535 1536 -1530
4 1530 1531 1532 1533
4 -1521 -1506 -1529 -1508
4 -1509 1529 -1505 -1528
4 1528 -1504 -1527 -1510
4 -1511 1527 -1503 -1526
4 1526 -1502 -1525 -1512
4 -1513 1525 -1501 -1524
4 1524 -1500 -1522 -1514
4 -1515 1522 -1499 1523
4 -1519 1520 -1507 1521
4 -1380 -1495 -1376 -1384
4 1495 -1383 -1386 -1377
4 -1328 -1467 -1339 1470
4 -1324 -1388 -1343 -1469
4 1469 -1342 -1468 -1325
4 -1326 1468 -1341 -1466
4 1466 -1340 1467 -1327
4 1463 1464 1465 -1459
4 1459 1460 1461 1462
4 -1451 -1436 1458 -1438
4 -1443 1457 -1431 -1456
4 1456 -1430 -1455 -1444
4 -1445 1455 -1429 -1454
4 1454 -1428 -1453 -1446
4 -1447 1453 -1427 -1452
4 1452 -1426 -1450 -1448
4 -1449 1450 -1437 1451
4 -1363 -1360 -1362 -1354
4 1423 1424 1425 -1420
4 1420 1421 -1417 1422
4 1416 1417 1418 1419
4 1413 1414 1415 -1410
4 1410 1411 -1407 1412
4 1406 1407 1408 1409
4 1405 -1403 -1402 -1404
4 1402 1403 -1400 1404
4 1399 1400 1401 -1396
4 1396 1397 -1393 1398
4 1392 1393 1394 1395
4 -1320 1391 -1335 -1390
4 1390 -1334 -1389 -1321
4 -1322 1389 -1333 -1387
4 1387 -1332 1388 -1323
4 -1378 1386 -1382 -1385
4 1384 -1379 1385 -1381
4 1380 1381 1382 1383
4 1376 1377 1378 1379
4 -1367 1375 -1371 -1374
4 1373 -1368 1374 -1370
4 1369 1370 1371 1372
4 1365 1366 1367 1368
4 1363 -1353 1364 -1357
4 1361 -1355 1362 -1359
4 1357 1358 1359 1360
4 1353 1354 1355 1356
4 -852 -844 -849 -846
4 -967 -1061 -982 -1319
4 1319 -981 -1318 -968
4 -969 1318 -980 -1317
4 1317 -979 -1068 -970
4 -1011 -986 -1316 -1004
4 -1005 1316 -985 -1315
4 1315 -984 -1008 -1006
4 -958 -826 -1293 -817
4 -818 1293 -825 -1292
4 1292 -824 -879 -819
4 -1278 -1277 -1276 1279
4 1276 1277 1278 -1255
4 1255 1256 -952 1257
4 -927 -946 -923 -1254
4 1254 -922 -1253 -928
4 -929 1253 -921 -1252
4 1252 -920 -945 -930
4 -857 -1251 -853 -861
4 1251 -860 -863 -854
4 1238 -1236 -1235 -1237
4 1235 1236 -912 1237
4 -1181 -1206 -1203 -1216
4 1216 -1202 -1215 -1182
4 -1183 1215 -1201 -1214
4 1214 -1200 -1213 -1184
4 -1185 1213 -1199 -1212
4 1212 -1198 -1211 -1186
4 -1187 1211 -1197 -1210
4 1210 -1196 -1209 -1188
4 -1189 1209 -1195 -1208
4 1208 -1194 -1207 -1190
4 -1191 1207 -1193 -1205
4 1205 -1204 1206 -1192
4 1167 -1166 -1165 1168
4 1165 1166 -1153 -1146
4 1146 1147 -1144 1148
4 1143 1144 1145 -1139
4 1139 1140 1141 1142
4 -1128 -1113 -1138 -1115
4 -1116 1138 -1112 -1137
4 1137 -1111 -1136 -1117
4 -1118 1136 -1110 -1135
4 1135 -1109 -1134 -1119
4 -1120 1134 -1108 -1133
4 1133 -1107 -1132 -1121
4 -1122 1132 -1106 -1131
4 1131 -1105 -1130 -1123
4 -1124 1130 -1104 -1129
4 1129 -1103 -1127 -1125
4 -1126 1127 -1114 1128
4 1090 -1088 -1087 -1089
4 1087 1088 -902 1089
4 -959 1068 -978 -1067
4 1067 -977 -1066 -960
4 -961 1066 -976 -1065
4 1065 -975 -1064 -962
4 -963 1064 -974 -1063
4 1063 -973 -1062 -964
4 -965 1062 -972 -1060
4 1060 -971 1061 -966
4 1046 -1045 -1044 1047
4 1044 1045 -1032 -1025
4 1025 1026 -1023 1027
4 1022 1023 1024 -1018
4 1018 1019 1020 1021
4 -1009 -994 -1017 -996
4 -997 1017 -993 -1016
4 1016 -992 -1015 -998
4 -999 1015 -991 -1014
4 1014 -990 -1013 -1000
4 -1001 1013 -989 -1012
4 1012 -988 -1010 -1002
4 -1003 1010 -987 1011
4 -1007 1008 -995 1009
4 -868 -983 -864 -872
4 983 -871 -874 -865
4 -816 -955 -827 958
4 -812 -876 -831 -957
4 957 -830 -956 -813
4 -814 956 -829 -954
4 954 -828 955 -815
4 951 952 953 -947
4 947 948 949 950
4 -939 -924 946 -926
4 -931 945 -919 -944
4 944 -918 -943 -932
4 -933 943 -917 -942
4 942 -916 -941 -934
4 -935 941 -915 -940
4 940 -914 -938 -936
4 -937 938 -925 939
4 -851 -848 -850 -842
4 911 912 913 -908
4 908 909 -905 910
4 904 905 906 907
4 901 902 903 -898
4 898 899 -895 900
4 894 895 896 897
4 893 -891 -890 -892
4 890 891 -888 892
4 887 888 889 -884
4 884 885 -881 886
4 880 881 882 883
4 -808 879 -823 -878
4 878 -822 -877 -809
4 -810 877 -821 -875
4 875 -820 876 -811
4 -866 874 -870 -873
4 872 -867 873 -869
4 868 869 870 871
4 864 865 866 867
4 -855 863 -859 -862
4 861 -856 862 -858
4 857 858 859 860
4 853 854 855 856
4 851 -841 852 -845
4 849 -843 850 -847
4 845 846 847 848
4 841 842 843 844
4 -455 -549 -470 -807
4 807 -469 -806 -456
4 -457 806 -468 -805
4 805 -467 -556 -458
4 -499 -474 -804 -492
4 -493 804 -473 -803
4 803 -472 -496 -494
4 -446 -53 -781 -44
4 -45 781 -52 -780
4 780 -51 -127 -46
4 -766 -765 -764 767
4 764 765 766 -743
4 743 744 -440 745
4 -415 -434 -411 -742
4 742 -410 -741 -416
4 -417 741 -409 -740
4 740 -408 -433 -418
4 -84 -739 -80 -88
4 739 -87 -90 -81
4 726 -724 -723 -725
4 723 724 -160 725
4 -669 -694 -691 -704
4 704 -690 -703 -670
4 -671 703 -689 -702
4 702 -688 -701 -672
4 -673 701 -687 -700
4 700 -686 -699 -674
4 -675 699 -685 -698
4 698 -684 -697 -676
4 -677 697 -683 -696
4 696 -682 -695 -678
4 -679 695 -681 -693
4 693 -692 694 -680
4 655 -654 -653 656
4 653 654 -641 -634
4 634 635 -632 636
4 631 632 633 -627
4 627 628 629 630
4 -616 -601 -626 -603
4 -604 626 -600 -625
4 625 -599 -624 -605
4 -606 624 -598 -623
4 623 -597 -622 -607
4 -608 622 -596 -621
4 621 -595 -620 -609
4 -610 620 -594 -619
4 619 -593 -618 -611
4 -612 618 -592 -617
4 617 -591 -615 -613
4 -614 615 -602 616
4 578 -576 -575 -577
4 575 576 -150 577
4 -447 556 -466 -555
4 555 -465 -554 -448
4 -449 554 -464 -553
4 553 -463 -552 -450
4 -451 552 -462 -551
4 551 -461 -550 -452
4 -453 550 -460 -548
4 548 -459 549 -454
4 534 -533 -532 535
4 532 533 -520 -513
4 513 514 -511 515
4 510 511 512 -506
4 506 507 508 509
4 -497 -482 -505 -484
4 -485 505 -481 -504
4 504 -480 -503 -486
4 -487 503 -479 -502
4 502 -478 -501 -488
4 -489 501 -477 -500
4 500 -476 -498 -490
4 -491 498 -475 499
4 -495 496 -483 497
4 -95 -471 -91 -99
4 471 -98 -101 -92
4 -43 -443 -54 446
4 -39 -124 -58 -445
4 445 -57 -444 -40
4 -41 444 -56 -442
4 442 -55 443 -42
4 439 440 441 -435
4 435 436 437 438
4 -427 -412 434 -414
4 -419 433 -407 -432
4 432 -406 -431 -420
4 -421 431 -405 -430
4 430 -404 -429 -422
4 -423 429 -403 -428
4 428 -402 -426 -424
4 -425 426 -413 427
4 -397 -394 -390 -400
4 -392 -396 -399 -401
4 400 -393 401 -398
4 397 398 399 -395
4 394 395 396 -391
4 390 391 392 393
4 -169 -363 -181 -368
4 368 -180 -367 -170
4 -171 367 -179 -366
4 366 -178 -220 -172
4 -165 -217 -185 -365
4 365 -184 -364 -166
4 -167 364 -183 -362
4 362 -182 363 -168
4 347 348 349 -326
4 326 327 -324 328
4 323 324 325 -319
4 319 320 321 322
4 -308 -293 -318 -295
4 -296 318 -292 -317
4 317 -291 -316 -297
4 -298 316 -290 -315
4 315 -289 -314 -299
4 -300 314 -288 -313
4 313 -287 -312 -301
4 -302 312 -286 -311
4 311 -285 -310 -303
4 -304 310 -284 -309
4 309 -283 -307 -305
4 -306 307 -294 308
4 -193 -19 -196 -201
4 -276 -279 -281 -272
4 -277 -274 -282 -280
4 -273 281 -278 282
4 278 279 -275 280
4 275 276 -271 277
4 271 272 273 274
4 -264 -267 -269 -260
4 -265 -262 -270 -268
4 -261 269 -266 270
4 266 267 -263 268
4 263 264 -259 265
4 259 260 261 262
4 -254 -251 -247 -257
4 -249 -253 -256 -258
4 257 -250 258 -255
4 254 255 256 -252
4 251 252 253 -248
4 247 248 249 250
4 -242 -239 -235 -245
4 -237 -241 -244 -246
4 245 -238 246 -243
4 242 243 244 -240
4 239 240 241 -236
4 235 236 237 238
4 -197 -20 -234 -203
4 234 -16 -233 -206
4 233 -13 -232 -209
4 232 -12 -231 -208
4 231 -25 -186 -212
4 -122 -114 -121 -119
4 228 229 230 -225
4 225 226 -222 227
4 221 222 223 224
4 -173 220 -177 -219
4 219 -176 -218 -162
4 -163 218 -175 -216
4 216 -174 217 -164
4 196 -21 197 198
4 -189 -3 -192 195
4 192 -10 193 194
4 -187 -22 -102 191
4 -105 -4 189 190
4 186 -23 187 188
4 -79 -77 -78 -73
4 159 160 161 -156
4 156 157 -153 158
4 152 153 154 155
4 149 150 151 -146
4 146 147 -143 148
4 142 143 144 145
4 141 -139 -138 -140
4 138 139 -136 140
4 135 136 137 -132
4 132 133 -129 134
4 128 129 130 131
4 -35 127 -50 -126
4 126 -49 -125 -36
4 -37 125 -48 -123
4 123 -47 124 -38
4 -115 -111 122 -118
4 121 -113 -117 -120
4 118 119 120 -116
4 115 116 117 -112
4 111 112 113 114
4 -109 -108 -107 -110
4 107 108 109 110
4 -103 -5 105 106
4 102 -7 103 104
4 -93 101 -97 -100
4 99 -94 100 -96
4 95 96 97 98
4 91 92 93 94
4 -82 90 -86 -89
4 88 -83 89 -85
4 84 85 86 87
4 80 81 82 83
4 79 -72 -68 -75
4 -70 -74 78 -76
4 75 -71 76 77
4 72 73 74 -69
4 68 69 70 71
12 1705 1706 1707 1708 1709 1710 1711 1712 1713 1714 1715 1716
12 1693 1694 1695 1696 1697 1698 1699 1700 1701 1702 1703 1704
12 1627 1628 1629 1630 1631 1632 1633 1634 1635 1636 1637 1638
12 1615 1616 1617 1618 1619 1620 1621 1622 1623 1624 1625 1626
12 1508 1509 1510 1511 1512 1513 1514 1515 1516 1517 1518 1519
12 1496 1497 1498 1499 1500 1501 1502 1503 1504 1505 1506 1507
12 1483 1484 1485 1486 1487 1488 1489 1490 1491 1492 1493 1494
12 1471 1472 1473 1474 1475 1476 1477 1478 1479 1480 1481 1482
12 1438 1439 1440 1441 1442 1443 1444 1445 1446 1447 1448 1449
12 1426 1427 1428 1429 1430 1431 1432 1433 1434 1435 1436 1437
12 1332 1333 1334 1335 1336 1337 1338 1339 1340 1341 1342 1343
12 1320 1321 1322 1323 1324 1325 1326 1327 1328 1329 1330 1331
12 1193 1194 1195 1196 1197 1198 1199 1200 1201 1202 1203 1204
12 1181 1182 1183 1184 1185 1186 1187 1188 1189 1190 1191 1192
12 1115 1116 1117 1118 1119 1120 1121 1122 1123 1124 1125 1126
12 1103 1104 1105 1106 1107 1108 1109 1110 1111 1112 1113 1114
12 996 997 998 999 1000 1001 1002 1003 1004 1005 1006 1007
12 984 985 986 987 988 989 990 991 992 993 994 995
12 971 972 973 974 975 976 977 978 979 980 981 982
12 959 960 961 962 963 964 965 966 967 968 969 970
12 926 927 928 929 930 931 932 933 934 935 936 937
12 914 915 916 917 918 919 920 921 922 923 924 925
12 820 821 822 823 824 825 826 827 828 829 830 831
12 808 809 810 811 812 813 814 815 816 817 818 819
12 681 682 683 684 685 686 687 688 689 690 691 692
12 669 670 671 672 673 674 675 676 677 678 679 680
12 603 604 605 606 607 608 609 610 611 612 613 614
12 591 592 593 594 595 596 597 598 599 600 601 602
12 484 485 486 487 488 489 490 491 492 493 494 495
12 472 473 474 475 476 477 478 479 480 481 482 483
12 459 460 461 462 463 464 465 466 467 468 469 470
12 447 448 449 450 451 452 453 454 455 456 457 458
12 414 415 416 417 418 419 420 421 422 423 424 425
12 402 403 404 405 406 407 408 409 410 411 412 413
12 295 296 297 298 299 300 301 302 303 304 305 306
12 283 284 285 286 287 288 289 290 291 292 293 294
12 174 175 176 177 178 179 180 181 182 183 184 185
12 162 163 164 165 166 167 168 169 170 171 172 173
12 47 48 49 50 51 52 53 54 55 56 57 58
12 35 36 37 38 39 40 41 42 43 44 45 46
0
0
