12
0
0
0
1
4
*
68
3700.000000 1550.000000 -450.000000
3700.000000 1800.000000 -150.000000
3700.000000 1550.000000 -1550.000000
3700.000000 1800.000000 -1850.000000
3700.000000 800.000000 -1550.000000
3700.000000 800.000000 -1850.000000
3700.000000 800.000000 -2300.000000
3700.000000 500.000000 -2300.000000
3700.000000 800.000000 -450.000000
3700.000000 800.000000 -150.000000
3700.000000 800.000000 300.000000
3700.000000 500.000000 300.000000
300.000000 1550.000000 -1550.000000
300.000000 1800.000000 -1850.000000
300.000000 1550.000000 -450.000000
300.000000 1800.000000 -150.000000
300.000000 800.000000 -450.000000
300.000000 800.000000 -150.000000
300.000000 800.000000 300.000000
300.000000 500.000000 300.000000
300.000000 800.000000 -1550.000000
300.000000 800.000000 -1850.000000
300.000000 500.000000 -2300.000000
300.000000 800.000000 -2300.000000
4000.000000 800.000000 -450.000000
4000.000000 1800.000000 -150.000000
4000.000000 1550.000000 -450.000000
4000.000000 1800.000000 -1850.000000
4000.000000 1550.000000 -1550.000000
4000.000000 500.000000 -2000.000000
4000.000000 500.000000 -2300.000000
4000.000000 800.000000 -1850.000000
4000.000000 800.000000 -2300.000000
4000.000000 0.000000 -2000.000000
4000.000000 800.000000 -1550.000000
4000.000000 800.000000 -150.000000
4000.000000 800.000000 300.000000
4000.000000 500.000000 300.000000
4000.000000 500.000000 0.000000
4000.000000 0.000000 0.000000
0.000000 800.000000 -1550.000000
0.000000 1800.000000 -1850.000000
0.000000 1550.000000 -1550.000000
0.000000 1800.000000 -150.000000
0.000000 1550.000000 -450.000000
0.000000 500.000000 0.000000
0.000000 500.000000 300.000000
0.000000 800.000000 -150.000000
0.000000 800.000000 300.000000
0.000000 0.000000 -2000.000000
0.000000 0.000000 0.000000
0.000000 800.000000 -450.000000
0.000000 800.000000 -1850.000000
0.000000 800.000000 -2300.000000
0.000000 500.000000 -2000.000000
0.000000 500.000000 -2300.000000
0.000000 500.000000 -600.000000
0.000000 500.000000 -1400.000000
300.000000 500.000000 -1400.000000
4000.000000 500.000000 -1400.000000
4000.000000 500.000000 -600.000000
3700.000000 500.000000 -600.000000
3700.000000 500.000000 0.000000
300.000000 500.000000 0.000000
300.000000 500.000000 -600.000000
300.000000 500.000000 -2000.000000
3700.000000 500.000000 -2000.000000
3700.000000 500.000000 -1400.000000
0
210
67 66
66 65
65 67
64 63
63 62
62 64
61 60
60 59
59 61
58 57
57 56
56 58
56 64
64 58
62 58
62 65
65 58
62 61
61 65
61 67
59 67
55 54
54 53
53 55
54 52
52 53
51 56
56 50
50 51
57 50
57 49
49 50
48 47
47 46
46 48
47 45
45 46
50 45
45 51
47 51
47 44
44 51
47 43
43 44
43 42
42 44
43 41
41 42
41 40
40 42
41 52
52 40
52 57
57 40
54 57
54 49
50 63
63 45
50 39
39 63
39 62
39 38
38 62
37 38
38 36
36 37
38 35
35 36
34 59
59 33
33 34
60 33
60 39
39 33
32 31
31 30
30 32
31 29
29 30
33 29
29 34
31 34
31 28
28 34
31 27
27 28
27 26
26 28
27 25
25 26
25 24
24 26
25 35
35 24
35 60
60 24
38 60
33 66
66 29
33 49
49 66
49 65
54 65
39 49
23 22
22 53
53 23
22 55
53 21
21 23
52 21
58 20
20 57
20 40
55 65
22 65
23 65
21 65
21 58
19 63
63 18
18 19
63 17
17 18
64 17
64 16
16 17
16 15
15 17
16 14
14 15
14 13
13 15
14 12
12 13
12 21
21 13
12 20
20 21
19 45
19 46
18 46
18 48
64 51
51 16
48 17
17 47
37 11
11 38
11 62
10 11
11 36
36 10
36 9
9 10
35 9
61 8
8 60
8 24
10 62
9 62
9 61
7 66
66 6
6 7
66 5
5 6
67 5
67 4
4 5
4 3
3 5
4 2
2 3
2 1
1 3
2 0
0 1
0 9
9 1
0 8
8 9
7 29
7 30
6 30
6 32
67 34
34 4
32 5
5 31
43 13
13 41
43 15
47 15
44 16
44 14
42 14
42 12
40 12
41 21
31 3
3 27
28 4
28 2
26 2
26 0
24 0
25 9
25 1
27 1
140
3 1 2 3
3 4 5 6
3 7 8 9
3 10 11 12
3 13 14 -12
3 -14 -6 15
3 -15 16 17
3 -16 18 19
3 -19 20 -3
3 -20 -9 21
3 22 23 24
3 -23 25 26
3 27 28 29
3 -28 -11 30
3 -30 31 32
3 33 34 35
3 -34 36 37
3 38 39 -29
3 -39 -36 40
3 -40 41 42
3 -41 43 44
3 -44 45 46
3 -45 47 48
3 -48 49 50
3 -49 51 52
3 -52 53 54
3 -53 -25 55
3 -55 56 -31
3 -38 57 58
3 -57 59 60
3 -60 61 -5
3 -61 62 63
3 64 65 66
3 -65 67 68
3 69 70 71
3 -70 -8 72
3 -72 73 74
3 75 76 77
3 -76 78 79
3 80 81 -71
3 -81 -78 82
3 -82 83 84
3 -83 85 86
3 -86 87 88
3 -87 89 90
3 -90 91 92
3 -91 93 94
3 -94 95 96
3 -95 -67 97
3 -97 -62 -73
3 -80 98 99
3 -98 100 101
3 -101 102 -2
3 -102 -56 103
3 -74 104 -100
3 -104 -59 -32
3 105 106 107
3 -106 108 -24
3 -107 109 110
3 -109 -26 111
3 112 113 -10
3 -113 114 -54
3 -22 115 -103
3 -115 -108 116
3 -105 117 -116
3 -117 -110 118
3 -118 119 -17
3 120 121 122
3 -121 123 124
3 -4 125 -123
3 -125 126 127
3 -127 128 129
3 -128 130 131
3 -131 132 133
3 -132 134 135
3 -135 136 137
3 -136 138 139
3 -139 -112 -119
3 -120 140 -58
3 -140 141 -37
3 -122 142 -141
3 -142 143 -35
3 -126 144 145
3 -144 -13 -27
3 -33 146 147
3 -146 -143 -124
3 148 149 -64
3 -149 150 -63
3 151 152 153
3 -152 -148 -66
3 -153 154 155
3 -154 -68 156
3 157 158 -7
3 -158 159 -96
3 -151 160 -150
3 -160 -155 161
3 -161 162 -18
3 163 164 165
3 -164 166 167
3 -1 168 -166
3 -168 169 170
3 -170 171 172
3 -171 173 174
3 -174 175 176
3 -175 177 178
3 -178 179 180
3 -179 181 182
3 -182 -157 -162
3 -163 183 -99
3 -183 184 -79
3 -165 185 -184
3 -185 186 -77
3 -169 187 188
3 -187 -21 -69
3 -75 189 190
3 -189 -186 -167
3 -47 191 192
3 -191 193 -133
3 -43 194 -193
3 -194 -147 -129
3 -42 195 -145
3 -195 196 -130
3 -46 197 -196
3 -197 198 -134
3 -50 199 -198
3 -199 -114 -138
3 -51 200 -111
3 -200 -192 -137
3 -85 201 202
3 -201 -190 -172
3 -84 203 -188
3 -203 204 -173
3 -88 205 -204
3 -205 206 -177
3 -92 207 -206
3 -207 -159 -181
3 -93 208 -156
3 -208 209 -180
3 -89 210 -209
3 -210 -202 -176
0
0
