12
0
0
0
3
21
*
192
800.578125 17754.138672 2121.075195
807.378906 17754.138672 2148.178711
808.929688 17754.138672 2178.098633
805.039063 17754.138672 2207.227539
796.175781 17754.138672 2232.053711
783.414063 17754.138672 2249.581055
768.285156 17754.138672 2257.696289
752.625000 17754.138672 2255.418945
738.312500 17754.138672 2243.024414
727.082031 17754.138672 2222.008789
720.277344 17754.138672 2194.907227
718.730469 17754.138672 2164.985352
722.621094 17754.138672 2135.854492
731.484375 17754.138672 2111.028320
744.246094 17754.138672 2093.502930
759.371094 17754.138672 2085.387695
775.031250 17754.138672 2087.665039
789.343750 17754.138672 2100.059570
789.343750 17693.660156 2100.059570
775.031250 17693.660156 2087.665039
759.371094 17693.660156 2085.387695
744.246094 17693.660156 2093.502930
731.484375 17693.660156 2111.028320
722.621094 17693.660156 2135.854492
718.730469 17693.660156 2164.985352
720.277344 17693.660156 2194.907227
727.082031 17693.660156 2222.008789
738.312500 17693.660156 2243.024414
752.625000 17693.660156 2255.418945
768.285156 17693.660156 2257.696289
783.414063 17693.660156 2249.581055
796.175781 17693.660156 2232.053711
805.039063 17693.660156 2207.227539
808.929688 17693.660156 2178.098633
807.378906 17693.660156 2148.178711
800.578125 17693.660156 2121.075195
1023.117188 17754.138672 2121.075195
1029.917969 17754.138672 2148.178711
1031.464844 17754.138672 2178.098633
1027.574219 17754.138672 2207.227539
1018.714844 17754.138672 2232.053711
1005.949219 17754.138672 2249.581055
990.828125 17754.138672 2257.696289
975.164063 17754.138672 2255.418945
960.851563 17754.138672 2243.024414
949.617188 17754.138672 2222.008789
942.816406 17754.138672 2194.907227
941.269531 17754.138672 2164.985352
945.160156 17754.138672 2135.854492
954.019531 17754.138672 2111.028320
966.785156 17754.138672 2093.502930
981.910156 17754.138672 2085.387695
997.574219 17754.138672 2087.665039
1011.882813 17754.138672 2100.059570
1011.882813 17693.660156 2100.059570
997.574219 17693.660156 2087.665039
981.910156 17693.660156 2085.387695
966.785156 17693.660156 2093.502930
954.019531 17693.660156 2111.028320
945.160156 17693.660156 2135.854492
941.269531 17693.660156 2164.985352
942.816406 17693.660156 2194.907227
949.617188 17693.660156 2222.008789
960.851563 17693.660156 2243.024414
975.164063 17693.660156 2255.418945
990.828125 17693.660156 2257.696289
1005.949219 17693.660156 2249.581055
1018.714844 17693.660156 2232.053711
1027.574219 17693.660156 2207.227539
1031.464844 17693.660156 2178.098633
1029.917969 17693.660156 2148.178711
1023.117188 17693.660156 2121.075195
1135.843750 17754.138672 2374.235352
1135.843750 18041.705078 2374.235352
1135.843750 17754.138672 2017.096680
1135.843750 18041.705078 2017.096680
602.468750 18041.705078 2374.235352
602.468750 17754.138672 2374.235352
602.468750 17754.138672 2017.096680
602.468750 18041.705078 2017.096680
901.269531 17754.138672 2017.096680
901.269531 18041.705078 2017.096680
1087.851563 17754.138672 2017.096680
1087.851563 18041.705078 2017.096680
901.269531 18041.705078 1445.694336
901.269531 17754.138672 1445.694336
1087.851563 17754.138672 1445.694336
1087.851563 18041.705078 1445.694336
839.207031 18041.705078 1445.694336
839.207031 18041.705078 2017.096680
652.625000 18041.705078 2017.096680
652.625000 18041.705078 1445.694336
652.625000 17754.138672 1445.694336
652.625000 17754.138672 2017.096680
839.207031 17754.138672 2017.096680
839.207031 17754.138672 1445.694336
706.886719 -17380.564453 2121.075195
713.687500 -17380.564453 2148.178711
715.234375 -17380.564453 2178.098633
711.343750 -17380.564453 2207.227539
702.484375 -17380.564453 2232.053711
689.718750 -17380.564453 2249.581055
674.593750 -17380.564453 2257.696289
658.929688 -17380.564453 2255.418945
644.617188 -17380.564453 2243.024414
633.386719 -17380.564453 2222.008789
626.585938 -17380.564453 2194.907227
625.039063 -17380.564453 2164.985352
628.929688 -17380.564453 2135.854492
637.789063 -17380.564453 2111.028320
650.554688 -17380.564453 2093.502930
665.679688 -17380.564453 2085.387695
695.652344 -17380.564453 2100.059570
681.343750 -17380.564453 2087.665039
706.886719 -17320.083984 2121.075195
713.687500 -17320.083984 2148.178711
715.234375 -17320.083984 2178.098633
711.343750 -17320.083984 2207.227539
702.484375 -17320.083984 2232.053711
689.718750 -17320.083984 2249.581055
674.593750 -17320.083984 2257.696289
658.929688 -17320.083984 2255.418945
644.617188 -17320.083984 2243.024414
633.386719 -17320.083984 2222.008789
626.585938 -17320.083984 2194.907227
625.039063 -17320.083984 2164.985352
628.929688 -17320.083984 2135.854492
637.789063 -17320.083984 2111.028320
650.554688 -17320.083984 2093.502930
665.679688 -17320.083984 2085.387695
681.343750 -17320.083984 2087.665039
695.652344 -17320.083984 2100.059570
929.425781 -17380.564453 2121.075195
936.226563 -17380.564453 2148.178711
937.777344 -17380.564453 2178.098633
933.882813 -17380.564453 2207.227539
925.019531 -17380.564453 2232.053711
912.257813 -17380.564453 2249.581055
897.132813 -17380.564453 2257.696289
881.468750 -17380.564453 2255.418945
867.160156 -17380.564453 2243.024414
855.925781 -17380.564453 2222.008789
849.125000 -17380.564453 2194.907227
847.574219 -17380.564453 2164.985352
851.464844 -17380.564453 2135.854492
860.328125 -17380.564453 2111.028320
873.093750 -17380.564453 2093.502930
888.218750 -17380.564453 2085.387695
918.191406 -17380.564453 2100.059570
903.878906 -17380.564453 2087.665039
929.425781 -17320.083984 2121.075195
936.226563 -17320.083984 2148.178711
937.777344 -17320.083984 2178.098633
933.882813 -17320.083984 2207.227539
925.019531 -17320.083984 2232.053711
912.257813 -17320.083984 2249.581055
897.132813 -17320.083984 2257.696289
881.468750 -17320.083984 2255.418945
867.160156 -17320.083984 2243.024414
855.925781 -17320.083984 2222.008789
849.125000 -17320.083984 2194.907227
847.574219 -17320.083984 2164.985352
851.464844 -17320.083984 2135.854492
860.328125 -17320.083984 2111.028320
873.093750 -17320.083984 2093.502930
888.218750 -17320.083984 2085.387695
903.878906 -17320.083984 2087.665039
918.191406 -17320.083984 2100.059570
1042.152344 -17668.130859 2374.235352
1042.152344 -17380.564453 2374.235352
1042.152344 -17668.130859 2017.096680
1042.152344 -17380.564453 2017.096680
508.781250 -17668.130859 2017.096680
508.781250 -17380.564453 2017.096680
508.781250 -17380.564453 2374.235352
508.781250 -17668.130859 2374.235352
807.582031 -17668.130859 2017.096680
807.582031 -17380.564453 2017.096680
994.160156 -17668.130859 2017.096680
994.160156 -17380.564453 2017.096680
994.160156 -17668.130859 1445.694336
994.160156 -17380.564453 1445.694336
807.582031 -17380.564453 1445.694336
807.582031 -17668.130859 1445.694336
745.511719 -17668.130859 1445.694336
745.511719 -17668.130859 2017.096680
558.937500 -17668.130859 1445.694336
558.937500 -17668.130859 2017.096680
745.511719 -17380.564453 1445.694336
745.511719 -17380.564453 2017.096680
558.937500 -17380.564453 2017.096680
558.937500 -17380.564453 1445.694336
0
288
191 190
190 189
189 188
188 191
187 190
191 186
186 187
185 189
187 185
184 188
185 184
184 186
183 182
182 181
181 180
180 183
181 179
179 178
178 180
179 177
177 176
176 178
177 182
183 176
175 174
174 173
173 172
172 175
173 171
171 170
170 172
171 169
169 168
168 170
169 174
175 168
167 166
166 165
165 164
164 163
163 162
162 161
161 160
160 159
159 158
158 157
157 156
156 155
155 154
154 153
153 152
152 151
151 150
150 167
149 166
167 148
148 149
147 165
149 147
146 164
147 146
145 163
146 145
144 162
145 144
143 161
144 143
142 160
143 142
141 159
142 141
140 158
141 140
139 157
140 139
138 156
139 138
137 155
138 137
136 154
137 136
135 153
136 135
134 152
135 134
133 151
134 133
132 150
133 132
132 148
131 130
130 129
129 128
128 127
127 126
126 125
125 124
124 123
123 122
122 121
121 120
120 119
119 118
118 117
117 116
116 115
115 114
114 131
113 130
131 112
112 113
111 129
113 111
110 128
111 110
109 127
110 109
108 126
109 108
107 125
108 107
106 124
107 106
105 123
106 105
104 122
105 104
103 121
104 103
102 120
103 102
101 119
102 101
100 118
101 100
99 117
100 99
98 116
99 98
97 115
98 97
96 114
97 96
96 112
95 94
94 93
93 92
92 95
91 92
93 90
90 91
94 89
89 90
95 88
88 89
91 88
87 86
86 85
85 84
84 87
83 82
82 86
87 83
81 80
80 82
83 81
85 80
81 84
79 78
78 77
77 76
76 79
75 74
74 78
79 75
73 72
72 74
75 73
77 72
73 76
71 70
70 69
69 68
68 67
67 66
66 65
65 64
64 63
63 62
62 61
61 60
60 59
59 58
58 57
57 56
56 55
55 54
54 71
53 54
55 52
52 53
56 51
51 52
57 50
50 51
58 49
49 50
59 48
48 49
60 47
47 48
61 46
46 47
62 45
45 46
63 44
44 45
64 43
43 44
65 42
42 43
66 41
41 42
67 40
40 41
68 39
39 40
69 38
38 39
70 37
37 38
71 36
36 37
53 36
35 34
34 33
33 32
32 31
31 30
30 29
29 28
28 27
27 26
26 25
25 24
24 23
23 22
22 21
21 20
20 19
19 18
18 35
17 18
19 16
16 17
20 15
15 16
21 14
14 15
22 13
13 14
23 12
12 13
24 11
11 12
25 10
10 11
26 9
9 10
27 8
8 9
28 7
7 8
29 6
6 7
30 5
5 6
31 4
4 5
32 3
3 4
33 2
2 3
34 1
1 2
35 0
0 1
17 0
106
4 -286 -252 -253 288
4 -284 -235 286 287
4 -282 -236 284 285
4 -280 -237 282 283
4 -278 -238 280 281
4 -276 -239 278 279
4 -274 -240 276 277
4 -272 -241 274 275
4 -270 -242 272 273
4 -268 -243 270 271
4 -266 -244 268 269
4 -264 -245 266 267
4 -262 -246 264 265
4 -260 -247 262 263
4 -258 -248 260 261
4 -256 -249 258 259
4 -254 -250 256 257
4 253 -251 254 255
4 -232 -198 -199 234
4 -230 -181 232 233
4 -228 -182 230 231
4 -226 -183 228 229
4 -224 -184 226 227
4 -222 -185 224 225
4 -220 -186 222 223
4 -218 -187 220 221
4 -216 -188 218 219
4 -214 -189 216 217
4 -212 -190 214 215
4 -210 -191 212 213
4 -208 -192 210 211
4 -206 -193 208 209
4 -204 -194 206 207
4 -202 -195 204 205
4 -200 -196 202 203
4 199 -197 200 201
4 -174 -177 -179 -170
4 -171 179 -176 180
4 176 177 -173 178
4 173 174 -169 175
4 169 170 171 172
4 -162 -165 -167 -158
4 -159 167 -164 168
4 164 165 -161 166
4 161 162 -157 163
4 157 158 159 160
4 -154 -148 -149 156
4 -152 -145 154 155
4 -150 -146 152 153
4 149 -147 150 151
4 145 146 147 148
4 -110 -108 -142 144
4 142 -107 -140 143
4 140 -106 -138 141
4 138 -105 -136 139
4 136 -104 -134 137
4 134 -103 -132 135
4 132 -102 -130 133
4 130 -101 -128 131
4 128 -100 -126 129
4 126 -99 -124 127
4 124 -98 -122 125
4 122 -97 -120 123
4 120 -96 -118 121
4 118 -95 -116 119
4 116 -94 -114 117
4 114 -93 -112 115
4 112 -92 -109 113
4 109 -91 110 111
4 -56 -54 -88 90
4 88 -53 -86 89
4 86 -52 -84 87
4 84 -51 -82 85
4 82 -50 -80 83
4 80 -49 -78 81
4 78 -48 -76 79
4 76 -47 -74 77
4 74 -46 -72 75
4 72 -45 -70 73
4 70 -44 -68 71
4 68 -43 -66 69
4 66 -42 -64 67
4 64 -41 -62 65
4 62 -40 -60 63
4 60 -39 -58 61
4 58 -38 -55 59
4 55 -37 56 57
4 -35 -32 -29 -26
4 -33 35 -25 36
4 -30 32 33 34
4 -27 29 30 31
4 25 26 27 28
4 -23 -20 -17 -14
4 -21 23 -13 24
4 -18 20 21 22
4 -15 17 18 19
4 13 14 15 16
4 -6 -4 -10 12
4 10 -3 -8 11
4 8 -2 -5 9
4 5 -1 6 7
4 1 2 3 4
18 235 236 237 238 239 240 241 242 243 244 245 246 247 248 249 250
   251 252
18 181 182 183 184 185 186 187 188 189 190 191 192 193 194 195 196
   197 198
18 91 92 93 94 95 96 97 98 99 100 101 102 103 104 105 106
   107 108
18 37 38 39 40 41 42 43 44 45 46 47 48 49 50 51 52
   53 54
0
0
21
*
288
-963.488281 18278.410156 139.662109
-965.203125 18278.410156 288.227539
-940.269531 18278.410156 428.953125
-891.695313 18278.410156 544.868164
-825.332031 18278.410156 621.991211
-749.191406 18278.410156 651.022461
-672.464844 18278.410156 628.454102
-604.394531 18278.410156 557.012695
-553.187500 18577.003906 445.316406
-604.394531 18577.003906 557.012695
-672.464844 18577.003906 628.454102
-749.191406 18577.003906 651.022461
-825.332031 18577.003906 621.991211
-891.695313 18577.003906 544.868164
-940.269531 18577.003906 428.953125
-965.203125 18577.003906 288.227539
-963.488281 18577.003906 139.662109
2800.808594 18131.097656 -98.372070
2800.808594 18278.410156 -98.372070
2734.445313 18131.097656 -175.496094
2734.445313 18278.410156 -175.496094
2658.308594 18131.097656 -204.525391
2658.308594 18278.410156 -204.525391
2581.578125 18131.097656 -181.958984
2581.578125 18278.410156 -181.958984
2513.503906 18131.097656 -110.517578
2513.503906 18278.410156 -110.517578
2462.300781 18131.097656 1.180664
2462.300781 18278.410156 1.180664
2434.144531 18131.097656 139.662109
2434.144531 18278.410156 139.662109
2432.433594 18131.097656 288.227539
2432.433594 18278.410156 288.227539
2457.367188 18131.097656 428.953125
2457.367188 18278.410156 428.953125
2505.941406 18131.097656 544.868164
2505.941406 18278.410156 544.868164
2572.304688 18131.097656 621.991211
2572.304688 18278.410156 621.991211
2648.441406 18131.097656 651.022461
2648.441406 18278.410156 651.022461
2725.171875 18131.097656 628.454102
2725.171875 18278.410156 628.454102
2793.246094 18131.097656 557.012695
2793.246094 18278.410156 557.012695
2844.449219 18131.097656 445.316406
2844.449219 18278.410156 445.316406
2872.605469 18131.097656 306.833008
2872.605469 18278.410156 306.833008
2849.382813 18278.410156 17.543945
2849.382813 18131.097656 17.543945
2874.316406 18131.097656 158.269531
2874.316406 18278.410156 158.269531
2874.316406 18577.003906 158.269531
2872.605469 18577.003906 306.833008
2844.449219 18577.003906 445.316406
2793.246094 18577.003906 557.012695
2725.171875 18577.003906 628.454102
2648.441406 18577.003906 651.022461
2572.304688 18577.003906 621.991211
2505.941406 18577.003906 544.868164
2457.367188 18577.003906 428.953125
2432.433594 18577.003906 288.227539
2434.144531 18577.003906 139.662109
2462.300781 18577.003906 1.180664
2513.503906 18577.003906 -110.517578
2581.578125 18577.003906 -181.958984
2658.308594 18577.003906 -204.525391
2734.445313 18577.003906 -175.496094
2800.808594 18577.003906 -98.372070
2849.382813 18577.003906 17.543945
2849.382813 18429.689453 17.543945
2800.808594 18429.689453 -98.372070
2734.445313 18429.689453 -175.496094
2658.308594 18429.689453 -204.525391
2581.578125 18429.689453 -181.958984
2513.503906 18429.689453 -110.517578
2462.300781 18429.689453 1.180664
2434.144531 18429.689453 139.662109
2432.433594 18429.689453 288.227539
2457.367188 18429.689453 428.953125
2505.941406 18429.689453 544.868164
2572.304688 18429.689453 621.991211
2648.441406 18429.689453 651.022461
2725.171875 18429.689453 628.454102
2793.246094 18429.689453 557.012695
2844.449219 18429.689453 445.316406
2872.605469 18429.689453 306.833008
2874.316406 18429.689453 158.269531
-963.488281 18429.689453 139.662109
-965.203125 18429.689453 288.227539
-940.269531 18429.689453 428.953125
-891.695313 18429.689453 544.868164
-825.332031 18429.689453 621.991211
-749.191406 18429.689453 651.022461
-672.464844 18429.689453 628.454102
-604.394531 18429.689453 557.012695
-553.187500 18429.689453 445.316406
-596.828125 18429.689453 -98.372070
-596.828125 18577.003906 -98.372070
-663.187500 18429.689453 -175.496094
-663.187500 18577.003906 -175.496094
-739.328125 18429.689453 -204.525391
-739.328125 18577.003906 -204.525391
-816.054688 18429.689453 -181.958984
-816.054688 18577.003906 -181.958984
-935.332031 18577.003906 1.180664
-935.332031 18429.689453 1.180664
-884.125000 18429.689453 -110.517578
-884.125000 18577.003906 -110.517578
-525.031250 18429.689453 306.833008
-525.031250 18577.003906 306.833008
-548.253906 18577.003906 17.543945
-548.253906 18429.689453 17.543945
-523.316406 18429.689453 158.269531
-523.316406 18577.003906 158.269531
-523.316406 18278.410156 158.269531
-525.031250 18278.410156 306.833008
-553.187500 18278.410156 445.316406
-935.332031 18278.410156 1.180664
-884.125000 18278.410156 -110.517578
-816.054688 18278.410156 -181.958984
-739.328125 18278.410156 -204.525391
-663.187500 18278.410156 -175.496094
-596.828125 18278.410156 -98.372070
-548.253906 18278.410156 17.543945
-548.253906 18131.097656 17.543945
-596.828125 18131.097656 -98.372070
-663.187500 18131.097656 -175.496094
-739.328125 18131.097656 -204.525391
-816.054688 18131.097656 -181.958984
-884.125000 18131.097656 -110.517578
-935.332031 18131.097656 1.180664
-963.488281 18131.097656 139.662109
-965.203125 18131.097656 288.227539
-940.269531 18131.097656 428.953125
-891.695313 18131.097656 544.868164
-825.332031 18131.097656 621.991211
-749.191406 18131.097656 651.022461
-672.464844 18131.097656 628.454102
-604.394531 18131.097656 557.012695
-553.187500 18131.097656 445.316406
-525.031250 18131.097656 306.833008
-523.316406 18131.097656 158.269531
-1057.183594 -17904.835938 139.662109
-1058.890625 -17904.835938 288.227539
-1033.960938 -17904.835938 428.953125
-985.382813 -17904.835938 544.868164
-919.023438 -17904.835938 621.991211
-842.886719 -17904.835938 651.022461
-766.152344 -17904.835938 628.454102
-698.082031 -17904.835938 557.012695
-646.882813 -18203.427734 445.316406
-698.082031 -18203.427734 557.012695
-766.152344 -18203.427734 628.454102
-842.886719 -18203.427734 651.022461
-919.023438 -18203.427734 621.991211
-985.382813 -18203.427734 544.868164
-1033.960938 -18203.427734 428.953125
-1058.890625 -18203.427734 288.227539
-1057.183594 -18203.427734 139.662109
2707.113281 -17904.835938 -98.372070
2707.113281 -17757.521484 -98.372070
2640.753906 -17904.835938 -175.496094
2640.753906 -17757.521484 -175.496094
2564.617188 -17904.835938 -204.525391
2564.617188 -17757.521484 -204.525391
2487.886719 -17904.835938 -181.958984
2487.886719 -17757.521484 -181.958984
2419.812500 -17904.835938 -110.517578
2419.812500 -17757.521484 -110.517578
2368.609375 -17904.835938 1.180664
2368.609375 -17757.521484 1.180664
2340.453125 -17904.835938 139.662109
2340.453125 -17757.521484 139.662109
2338.742188 -17904.835938 288.227539
2338.742188 -17757.521484 288.227539
2363.671875 -17904.835938 428.953125
2363.671875 -17757.521484 428.953125
2412.250000 -17904.835938 544.868164
2412.250000 -17757.521484 544.868164
2478.609375 -17904.835938 621.991211
2478.609375 -17757.521484 621.991211
2554.746094 -17904.835938 651.022461
2554.746094 -17757.521484 651.022461
2631.480469 -17904.835938 628.454102
2631.480469 -17757.521484 628.454102
2699.554688 -17904.835938 557.012695
2699.554688 -17757.521484 557.012695
2750.753906 -17904.835938 445.316406
2750.753906 -17757.521484 445.316406
2778.910156 -17904.835938 306.833008
2778.910156 -17757.521484 306.833008
2780.625000 -17904.835938 158.269531
2780.625000 -17757.521484 158.269531
2755.691406 -17757.521484 17.543945
2755.691406 -17904.835938 17.543945
2780.625000 -18203.427734 158.269531
2778.910156 -18203.427734 306.833008
2750.753906 -18203.427734 445.316406
2699.554688 -18203.427734 557.012695
2631.480469 -18203.427734 628.454102
2554.746094 -18203.427734 651.022461
2478.609375 -18203.427734 621.991211
2412.250000 -18203.427734 544.868164
2363.671875 -18203.427734 428.953125
2338.742188 -18203.427734 288.227539
2340.453125 -18203.427734 139.662109
2368.609375 -18203.427734 1.180664
2419.812500 -18203.427734 -110.517578
2487.886719 -18203.427734 -181.958984
2564.617188 -18203.427734 -204.525391
2640.753906 -18203.427734 -175.496094
2755.691406 -18203.427734 17.543945
2707.113281 -18203.427734 -98.372070
2780.625000 -18056.113281 158.269531
2778.910156 -18056.113281 306.833008
2750.753906 -18056.113281 445.316406
2699.554688 -18056.113281 557.012695
2631.480469 -18056.113281 628.454102
2554.746094 -18056.113281 651.022461
2478.609375 -18056.113281 621.991211
2412.250000 -18056.113281 544.868164
2363.671875 -18056.113281 428.953125
2338.742188 -18056.113281 288.227539
2340.453125 -18056.113281 139.662109
2368.609375 -18056.113281 1.180664
2419.812500 -18056.113281 -110.517578
2487.886719 -18056.113281 -181.958984
2564.617188 -18056.113281 -204.525391
2640.753906 -18056.113281 -175.496094
2707.113281 -18056.113281 -98.372070
2755.691406 -18056.113281 17.543945
-646.882813 -18056.113281 445.316406
-698.082031 -18056.113281 557.012695
-766.152344 -18056.113281 628.454102
-842.886719 -18056.113281 651.022461
-919.023438 -18056.113281 621.991211
-985.382813 -18056.113281 544.868164
-1033.960938 -18056.113281 428.953125
-1058.890625 -18056.113281 288.227539
-1057.183594 -18056.113281 139.662109
-690.523438 -18203.427734 -98.372070
-690.523438 -18056.113281 -98.372070
-756.882813 -18203.427734 -175.496094
-756.882813 -18056.113281 -175.496094
-833.015625 -18203.427734 -204.525391
-833.015625 -18056.113281 -204.525391
-909.753906 -18203.427734 -181.958984
-909.753906 -18056.113281 -181.958984
-977.820313 -18203.427734 -110.517578
-977.820313 -18056.113281 -110.517578
-1029.023438 -18056.113281 1.180664
-1029.023438 -18203.427734 1.180664
-618.722656 -18203.427734 306.833008
-618.722656 -18056.113281 306.833008
-617.011719 -18203.427734 158.269531
-617.011719 -18056.113281 158.269531
-641.945313 -18056.113281 17.543945
-641.945313 -18203.427734 17.543945
-617.011719 -17904.835938 158.269531
-646.882813 -17904.835938 445.316406
-618.722656 -17904.835938 306.833008
-1029.023438 -17904.835938 1.180664
-977.820313 -17904.835938 -110.517578
-909.753906 -17904.835938 -181.958984
-833.015625 -17904.835938 -204.525391
-756.882813 -17904.835938 -175.496094
-641.945313 -17904.835938 17.543945
-690.523438 -17904.835938 -98.372070
-617.011719 -17757.521484 158.269531
-618.722656 -17757.521484 306.833008
-646.882813 -17757.521484 445.316406
-698.082031 -17757.521484 557.012695
-766.152344 -17757.521484 628.454102
-842.886719 -17757.521484 651.022461
-919.023438 -17757.521484 621.991211
-985.382813 -17757.521484 544.868164
-1033.960938 -17757.521484 428.953125
-1058.890625 -17757.521484 288.227539
-1057.183594 -17757.521484 139.662109
-1029.023438 -17757.521484 1.180664
-977.820313 -17757.521484 -110.517578
-909.753906 -17757.521484 -181.958984
-833.015625 -17757.521484 -204.525391
-756.882813 -17757.521484 -175.496094
-690.523438 -17757.521484 -98.372070
-641.945313 -17757.521484 17.543945
0
432
287 286
286 285
285 284
284 283
283 282
282 281
281 280
280 279
279 278
278 277
277 276
276 275
275 274
274 273
273 272
272 271
271 270
270 287
269 286
287 268
268 269
267 285
269 267
266 284
267 266
265 283
266 265
264 282
265 264
263 281
264 263
262 271
272 261
261 262
260 270
262 260
260 268
259 258
258 257
257 256
256 259
257 255
255 254
254 256
253 252
252 251
251 250
250 253
251 249
249 248
248 250
249 247
247 246
246 248
247 245
245 244
244 246
245 243
243 242
242 244
243 258
259 242
252 241
241 240
240 239
239 238
238 237
237 236
236 235
235 234
234 233
233 255
232 231
231 230
230 229
229 228
228 227
227 226
226 225
225 224
224 223
223 222
222 221
221 220
220 219
219 218
218 217
217 216
216 215
215 232
214 231
232 213
213 214
212 230
214 212
211 229
212 211
210 228
211 210
209 227
210 209
208 226
209 208
207 225
208 207
206 224
207 206
205 223
206 205
204 222
205 204
203 221
204 203
202 220
203 202
201 219
202 201
200 218
201 200
199 217
200 199
198 216
199 198
197 215
198 197
197 213
196 195
195 194
194 193
193 196
194 192
192 191
191 193
192 190
190 189
189 191
190 188
188 187
187 189
188 186
186 185
185 187
186 184
184 183
183 185
184 182
182 181
181 183
182 180
180 179
179 181
180 178
178 177
177 179
178 176
176 175
175 177
176 174
174 173
173 175
174 172
172 171
171 173
172 170
170 169
169 171
170 168
168 167
167 169
168 166
166 165
165 167
166 164
164 163
163 165
164 162
162 161
161 163
162 195
196 161
160 241
253 160
159 240
160 159
158 239
159 158
157 238
158 157
156 237
157 156
155 236
156 155
154 235
155 154
153 234
154 153
152 233
153 152
152 254
273 151
151 261
274 150
150 151
275 149
149 150
276 148
148 149
277 147
147 148
278 146
146 147
279 145
145 146
280 144
144 145
263 144
143 142
142 141
141 140
140 139
139 138
138 137
137 136
136 135
135 134
134 133
133 132
132 131
131 130
130 129
129 128
128 127
127 126
126 143
125 126
127 124
124 125
128 123
123 124
129 122
122 123
130 121
121 122
131 120
120 121
132 119
119 120
118 141
142 117
117 118
143 116
116 117
125 116
115 114
114 113
113 112
112 115
111 110
110 114
115 111
109 108
108 107
107 106
106 109
105 104
104 108
109 105
103 102
102 104
105 103
101 100
100 102
103 101
99 98
98 100
101 99
113 98
99 112
110 97
97 96
96 95
95 94
94 93
93 92
92 91
91 90
90 89
89 107
88 87
87 86
86 85
85 84
84 83
83 82
82 81
81 80
80 79
79 78
78 77
77 76
76 75
75 74
74 73
73 72
72 71
71 88
70 71
72 69
69 70
73 68
68 69
74 67
67 68
75 66
66 67
76 65
65 66
77 64
64 65
78 63
63 64
79 62
62 63
80 61
61 62
81 60
60 61
82 59
59 60
83 58
58 59
84 57
57 58
85 56
56 57
86 55
55 56
87 54
54 55
88 53
53 54
70 53
52 51
51 50
50 49
49 52
48 47
47 51
52 48
46 45
45 47
48 46
44 43
43 45
46 44
42 41
41 43
44 42
40 39
39 41
42 40
38 37
37 39
40 38
36 35
35 37
38 36
34 33
33 35
36 34
32 31
31 33
34 32
30 29
29 31
32 30
28 27
27 29
30 28
26 25
25 27
28 26
24 23
23 25
26 24
22 21
21 23
24 22
20 19
19 21
22 20
18 17
17 19
20 18
50 17
18 49
89 16
16 106
90 15
15 16
91 14
14 15
92 13
13 14
93 12
12 13
94 11
11 12
95 10
10 11
96 9
9 10
97 8
8 9
111 8
7 140
118 7
6 139
7 6
5 138
6 5
4 137
5 4
3 136
4 3
2 135
3 2
1 134
2 1
0 133
1 0
0 119
152
4 -246 -227 -430 432
4 430 -226 -428 431
4 428 -225 -426 429
4 426 -224 -424 427
4 424 -223 -422 425
4 422 -222 -420 423
4 420 -221 -418 421
4 418 -220 -416 419
4 416 -219 -248 417
4 -413 -279 -258 415
4 -411 -280 413 414
4 -409 -281 411 412
4 -407 -282 409 410
4 -405 -283 407 408
4 -403 -284 405 406
4 -401 -285 403 404
4 -399 -286 401 402
4 -397 -287 399 400
4 -263 -288 397 398
4 -345 395 -392 396
4 392 393 -389 394
4 389 390 -386 391
4 386 387 -383 388
4 383 384 -380 385
4 380 381 -377 382
4 377 378 -374 379
4 374 375 -371 376
4 371 372 -368 373
4 368 369 -365 370
4 365 366 -362 367
4 362 363 -359 364
4 359 360 -356 361
4 356 357 -353 358
4 353 354 -350 355
4 350 351 -347 352
4 347 348 -343 349
4 343 344 345 346
4 -340 -306 -307 342
4 -338 -289 340 341
4 -336 -290 338 339
4 -334 -291 336 337
4 -332 -292 334 335
4 -330 -293 332 333
4 -328 -294 330 331
4 -326 -295 328 329
4 -324 -296 326 327
4 -322 -297 324 325
4 -320 -298 322 323
4 -318 -299 320 321
4 -316 -300 318 319
4 -314 -301 316 317
4 -312 -302 314 315
4 -310 -303 312 313
4 -308 -304 310 311
4 307 -305 308 309
4 -256 277 -274 278
4 274 275 -271 276
4 271 272 -268 273
4 268 269 -265 270
4 265 266 -261 267
4 261 262 263 264
4 258 259 -254 260
4 254 255 256 257
4 -251 -234 -235 253
4 -249 -217 251 252
4 248 -218 249 250
4 -244 -228 246 247
4 -242 -229 244 245
4 -240 -230 242 243
4 -238 -231 240 241
4 -236 -232 238 239
4 235 -233 236 237
4 -214 -7 -30 216
4 -212 -8 214 215
4 -210 -9 212 213
4 -208 -10 210 211
4 -206 -11 208 209
4 -204 -12 206 207
4 -202 -13 204 205
4 -200 -14 202 203
4 -33 -15 200 201
4 -43 -72 -197 199
4 197 -71 -195 198
4 195 -70 -193 196
4 193 -69 -191 194
4 191 -68 -189 192
4 189 -67 -187 190
4 187 -66 -185 188
4 185 -65 -183 186
4 183 -64 -181 184
4 181 -63 -45 182
4 -177 179 -127 180
4 -174 176 177 178
4 -171 173 174 175
4 -168 170 171 172
4 -165 167 168 169
4 -162 164 165 166
4 -159 161 162 163
4 -156 158 159 160
4 -153 155 156 157
4 -150 152 153 154
4 -147 149 150 151
4 -144 146 147 148
4 -141 143 144 145
4 -138 140 141 142
4 -135 137 138 139
4 -132 134 135 136
4 -129 131 132 133
4 127 128 129 130
4 -92 -90 -124 126
4 124 -89 -122 125
4 122 -88 -120 123
4 120 -87 -118 121
4 118 -86 -116 119
4 116 -85 -114 117
4 114 -84 -112 115
4 112 -83 -110 113
4 110 -82 -108 111
4 108 -81 -106 109
4 106 -80 -104 107
4 104 -79 -102 105
4 102 -78 -100 103
4 100 -77 -98 101
4 98 -76 -96 99
4 96 -75 -94 97
4 94 -74 -91 95
4 91 -73 92 93
4 -59 61 -38 62
4 -56 58 59 60
4 -53 55 56 57
4 -50 52 53 54
4 -47 49 50 51
4 45 46 47 48
4 -40 42 43 44
4 38 39 40 41
4 -20 -18 -35 37
4 35 -17 -32 36
4 32 -16 33 34
4 30 -6 -28 31
4 28 -5 -26 29
4 26 -4 -24 27
4 24 -3 -22 25
4 22 -2 -19 23
4 19 -1 20 21
18 -348 -351 -354 -357 -360 -363 -366 -369 -372 -375 -378 -381 -384 -387 -390 -393
   -395 -344
18 289 290 291 292 293 294 295 296 297 298 299 300 301 302 303 304
   305 306
18 -259 279 280 281 282 283 284 285 286 287 288 -262 -266 -269 -272 -275
   -277 -255
18 217 218 219 220 221 222 223 224 225 226 227 228 229 230 231 232
   233 234
18 -179 -176 -173 -170 -167 -164 -161 -158 -155 -152 -149 -146 -143 -140 -137 -134
   -131 -128
18 73 74 75 76 77 78 79 80 81 82 83 84 85 86 87 88
   89 90
18 -61 -58 -55 -52 -49 -46 63 64 65 66 67 68 69 70 71 72
   -42 -39
18 1 2 3 4 5 6 7 8 9 10 11 12 13 14 15 16
   17 18
0
0
21
*
712
7.988281 -17165.775391 1162.000977
1483.226563 -17165.775391 1162.000977
1483.226563 17578.074219 1162.000977
7.988281 17578.074219 1162.000977
1483.226563 -17482.031250 -7.900391
7.988281 -17482.031250 -7.900391
1483.226563 17855.605469 -7.900391
7.988281 17855.605469 -7.900391
409.917969 -17668.130859 1427.874023
409.917969 -17668.130859 2479.575195
1224.281250 -17668.130859 2479.575195
1224.281250 -17668.130859 1427.874023
1224.281250 -17482.031250 1427.874023
1288.871094 -17482.031250 2562.991211
1288.871094 -17482.031250 1344.458008
1224.281250 -17482.031250 2479.575195
409.917969 -17482.031250 2479.575195
345.328125 -17482.031250 2562.991211
345.328125 -17482.031250 1344.458008
409.917969 -17482.031250 1427.874023
1288.871094 -17718.605469 1344.458008
345.328125 -17718.605469 1344.458008
1288.871094 -17718.605469 2562.991211
345.328125 -17718.605469 2562.991211
2935.570313 -17580.673828 -7.900391
3046.898438 -17482.031250 -7.900391
3046.898438 -18506.031250 -7.900391
2935.570313 -18407.386719 -7.900391
3046.898438 -17482.031250 1344.458008
3046.898438 -18506.031250 1344.458008
-1406.199219 -17482.031250 -7.900391
-1406.199219 -18506.031250 -7.900391
-1406.199219 -18506.031250 1344.458008
-1406.199219 -17482.031250 1344.458008
2381.578125 -17419.080078 1069.940430
2780.378906 -17419.080078 1069.940430
2780.378906 -17419.080078 295.124023
2381.578125 -17419.080078 295.124023
2780.378906 -17482.031250 1069.940430
2381.578125 -17482.031250 1069.940430
2780.378906 -17482.031250 295.124023
2381.578125 -17482.031250 295.124023
2746.234375 -17273.142578 509.098633
2705.281250 -17273.142578 411.367188
2649.332031 -17273.142578 346.343750
2585.140625 -17273.142578 321.871094
2520.445313 -17273.142578 340.896484
2463.054688 -17273.142578 401.128906
2419.882813 -17273.142578 495.301758
2396.144531 -17273.142578 612.059570
2394.699219 -17273.142578 737.315430
2415.722656 -17273.142578 855.963867
2456.679688 -17273.142578 953.694336
2512.625000 -17273.142578 1018.719727
2576.820313 -17273.142578 1043.194336
2641.511719 -17273.142578 1024.166992
2698.906250 -17273.142578 963.934570
2742.078125 -17273.142578 869.760742
2765.816406 -17273.142578 753.004883
2767.257813 -17273.142578 627.747070
2705.281250 -17419.080078 411.367188
2746.234375 -17419.080078 509.098633
2649.332031 -17419.080078 346.343750
2585.140625 -17419.080078 321.871094
2520.445313 -17419.080078 340.896484
2463.054688 -17419.080078 401.128906
2419.882813 -17419.080078 495.301758
2396.144531 -17419.080078 612.059570
2394.699219 -17419.080078 737.315430
2415.722656 -17419.080078 855.963867
2456.679688 -17419.080078 953.694336
2512.625000 -17419.080078 1018.719727
2576.820313 -17419.080078 1043.194336
2641.511719 -17419.080078 1024.166992
2698.906250 -17419.080078 963.934570
2742.078125 -17419.080078 869.760742
2765.816406 -17419.080078 753.004883
2767.257813 -17419.080078 627.747070
2723.609375 -17075.837891 532.842773
2688.261719 -17075.837891 448.494141
2639.976563 -17075.837891 392.374023
2584.570313 -17075.837891 371.250000
2528.734375 -17075.837891 387.670898
2479.199219 -17075.837891 439.657227
2441.941406 -17075.837891 520.936523
2421.449219 -17075.837891 621.708008
2420.203125 -17075.837891 729.815430
2438.351563 -17075.837891 832.219727
2473.695313 -17075.837891 916.569336
2521.984375 -17075.837891 972.690430
2577.386719 -17075.837891 993.815430
2633.222656 -17075.837891 977.391602
2682.761719 -17075.837891 925.405273
2720.019531 -17075.837891 844.125977
2740.507813 -17075.837891 743.354492
2741.753906 -17075.837891 635.249023
2688.261719 -17273.142578 448.494141
2723.609375 -17273.142578 532.842773
2639.976563 -17273.142578 392.374023
2584.570313 -17273.142578 371.250000
2528.734375 -17273.142578 387.670898
2479.199219 -17273.142578 439.657227
2441.941406 -17273.142578 520.936523
2421.449219 -17273.142578 621.708008
2420.203125 -17273.142578 729.815430
2438.351563 -17273.142578 832.219727
2473.695313 -17273.142578 916.569336
2521.984375 -17273.142578 972.690430
2577.386719 -17273.142578 993.815430
2633.222656 -17273.142578 977.391602
2682.761719 -17273.142578 925.405273
2720.019531 -17273.142578 844.125977
2740.507813 -17273.142578 743.354492
2741.753906 -17273.142578 635.249023
2935.570313 -18407.386719 802.145508
2935.570313 -17580.673828 802.145508
-1294.871094 -17580.673828 -7.900391
-1294.871094 -17580.673828 802.145508
-1294.871094 -18407.386719 802.145508
-1294.871094 -18407.386719 -7.900391
1286.777344 -18407.386719 802.145508
1286.777344 -17580.673828 802.145508
1286.777344 -17580.673828 -7.900391
1286.777344 -18407.386719 -7.900391
1395.269531 -17580.673828 -7.900391
1395.269531 -18407.386719 -7.900391
1395.269531 -17580.673828 802.145508
1395.269531 -18407.386719 802.145508
307.789063 -18407.386719 -7.900391
307.789063 -17580.673828 -7.900391
416.285156 -17580.673828 -7.900391
416.285156 -18407.386719 -7.900391
416.285156 -17580.673828 802.145508
416.285156 -18407.386719 802.145508
307.789063 -18407.386719 802.145508
307.789063 -17580.673828 802.145508
522.746094 -17424.490234 839.102539
522.746094 -17381.500000 839.102539
533.093750 -17381.500000 859.278320
533.093750 -17424.490234 859.278320
539.214844 -17381.500000 885.010742
539.214844 -17424.490234 885.010742
540.363281 -17381.500000 913.196289
540.363281 -17424.490234 913.196289
536.410156 -17381.500000 940.434570
536.410156 -17424.490234 940.434570
527.828125 -17381.500000 963.446289
527.828125 -17424.490234 963.446289
515.652344 -17381.500000 979.448242
515.652344 -17424.490234 979.448242
501.351563 -17381.500000 986.512695
501.351563 -17424.490234 986.512695
486.648438 -17381.500000 983.790039
486.648438 -17424.490234 983.790039
473.320313 -17381.500000 971.604492
473.320313 -17424.490234 971.604492
462.968750 -17381.500000 951.430664
462.968750 -17424.490234 951.430664
456.851563 -17381.500000 925.700195
456.851563 -17424.490234 925.700195
455.699219 -17381.500000 897.510742
455.699219 -17424.490234 897.510742
459.656250 -17381.500000 870.272461
459.656250 -17424.490234 870.272461
468.238281 -17381.500000 847.260742
468.238281 -17424.490234 847.260742
480.414063 -17381.500000 831.258789
480.414063 -17424.490234 831.258789
494.714844 -17381.500000 824.194336
494.714844 -17424.490234 824.194336
509.417969 -17381.500000 826.916992
509.417969 -17424.490234 826.916992
522.746094 -17381.500000 138.449219
509.417969 -17381.500000 126.264648
494.714844 -17381.500000 123.541016
480.414063 -17381.500000 130.605469
468.238281 -17381.500000 146.608398
459.656250 -17381.500000 169.617188
455.699219 -17381.500000 196.857422
456.851563 -17381.500000 225.043945
462.968750 -17381.500000 250.778320
473.320313 -17381.500000 270.952148
486.648438 -17381.500000 283.136719
501.351563 -17381.500000 285.860352
515.652344 -17381.500000 278.794922
527.828125 -17381.500000 262.792969
536.410156 -17381.500000 239.784180
540.363281 -17381.500000 212.541992
539.214844 -17381.500000 184.356445
533.093750 -17381.500000 158.623047
509.417969 -17424.490234 126.264648
522.746094 -17424.490234 138.449219
494.714844 -17424.490234 123.541016
480.414063 -17424.490234 130.605469
468.238281 -17424.490234 146.608398
459.656250 -17424.490234 169.617188
455.699219 -17424.490234 196.857422
456.851563 -17424.490234 225.043945
462.968750 -17424.490234 250.778320
473.320313 -17424.490234 270.952148
486.648438 -17424.490234 283.136719
501.351563 -17424.490234 285.860352
515.652344 -17424.490234 278.794922
527.828125 -17424.490234 262.792969
536.410156 -17424.490234 239.784180
540.363281 -17424.490234 212.541992
539.214844 -17424.490234 184.356445
533.093750 -17424.490234 158.623047
1171.242188 -17381.500000 138.449219
1157.914063 -17381.500000 126.264648
1143.210938 -17381.500000 123.541016
1128.910156 -17381.500000 130.605469
1116.734375 -17381.500000 146.608398
1108.148438 -17381.500000 169.617188
1104.199219 -17381.500000 196.857422
1105.347656 -17381.500000 225.043945
1111.464844 -17381.500000 250.778320
1121.812500 -17381.500000 270.952148
1135.144531 -17381.500000 283.136719
1149.843750 -17381.500000 285.860352
1164.144531 -17381.500000 278.794922
1176.324219 -17381.500000 262.792969
1184.906250 -17381.500000 239.784180
1188.855469 -17381.500000 212.541992
1187.710938 -17381.500000 184.356445
1181.589844 -17381.500000 158.623047
1157.914063 -17424.490234 126.264648
1171.242188 -17424.490234 138.449219
1143.210938 -17424.490234 123.541016
1128.910156 -17424.490234 130.605469
1116.734375 -17424.490234 146.608398
1108.148438 -17424.490234 169.617188
1104.199219 -17424.490234 196.857422
1105.347656 -17424.490234 225.043945
1111.464844 -17424.490234 250.778320
1121.812500 -17424.490234 270.952148
1135.144531 -17424.490234 283.136719
1149.843750 -17424.490234 285.860352
1164.144531 -17424.490234 278.794922
1176.324219 -17424.490234 262.792969
1184.906250 -17424.490234 239.784180
1188.855469 -17424.490234 212.541992
1187.710938 -17424.490234 184.356445
1181.589844 -17424.490234 158.623047
1171.242188 -17424.490234 839.102539
1171.242188 -17381.500000 839.102539
1181.589844 -17381.500000 859.278320
1181.589844 -17424.490234 859.278320
1187.710938 -17381.500000 885.010742
1187.710938 -17424.490234 885.010742
1188.855469 -17381.500000 913.196289
1188.855469 -17424.490234 913.196289
1184.906250 -17381.500000 940.434570
1184.906250 -17424.490234 940.434570
1176.324219 -17381.500000 963.446289
1176.324219 -17424.490234 963.446289
1164.144531 -17381.500000 979.448242
1164.144531 -17424.490234 979.448242
1149.843750 -17381.500000 986.512695
1149.843750 -17424.490234 986.512695
1135.144531 -17381.500000 983.790039
1135.144531 -17424.490234 983.790039
1121.812500 -17381.500000 971.604492
1121.812500 -17424.490234 971.604492
1111.464844 -17381.500000 951.430664
1111.464844 -17424.490234 951.430664
1105.347656 -17381.500000 925.700195
1105.347656 -17424.490234 925.700195
1104.199219 -17381.500000 897.510742
1104.199219 -17424.490234 897.510742
1108.148438 -17381.500000 870.272461
1108.148438 -17424.490234 870.272461
1116.734375 -17381.500000 847.260742
1116.734375 -17424.490234 847.260742
1128.910156 -17381.500000 831.258789
1128.910156 -17424.490234 831.258789
1143.210938 -17381.500000 824.194336
1143.210938 -17424.490234 824.194336
1157.914063 -17381.500000 826.916992
1157.914063 -17424.490234 826.916992
409.667969 -17424.490234 1197.231445
1231.031250 -17424.490234 1197.231445
1231.031250 -17424.490234 -7.900391
409.667969 -17424.490234 -7.900391
409.667969 -17482.031250 -7.900391
409.667969 -17482.031250 1197.231445
1231.031250 -17482.031250 1197.231445
1231.031250 -17482.031250 -7.900391
2948.238281 -17897.914063 1504.752930
2910.835938 -17770.761719 1504.752930
2844.351563 -17669.037109 1504.752930
2756.812500 -17605.005859 1504.752930
2658.773438 -17586.392578 1504.752930
2562.066406 -17615.439453 1504.752930
2478.343750 -17688.646484 1504.752930
2417.707031 -17797.183594 1504.752930
2387.476563 -17927.957031 1504.752930
2391.296875 -18065.195313 1504.752930
2428.699219 -18192.345703 1504.752930
2495.179688 -18294.072266 1504.752930
2582.718750 -18358.103516 1504.752930
2680.753906 -18376.716797 1504.752930
2777.468750 -18347.667969 1504.752930
2861.191406 -18274.462891 1504.752930
2921.824219 -18165.925781 1504.752930
2952.054688 -18035.150391 1504.752930
2910.835938 -17770.761719 1344.458008
2948.238281 -17897.914063 1344.458008
2844.351563 -17669.037109 1344.458008
2756.812500 -17605.005859 1344.458008
2658.773438 -17586.392578 1344.458008
2562.066406 -17615.439453 1344.458008
2478.343750 -17688.646484 1344.458008
2417.707031 -17797.183594 1344.458008
2387.476563 -17927.957031 1344.458008
2391.296875 -18065.195313 1344.458008
2428.699219 -18192.345703 1344.458008
2495.179688 -18294.072266 1344.458008
2582.718750 -18358.103516 1344.458008
2680.753906 -18376.716797 1344.458008
2777.468750 -18347.667969 1344.458008
2861.191406 -18274.462891 1344.458008
2921.824219 -18165.925781 1344.458008
2952.054688 -18035.150391 1344.458008
2853.351563 -17926.412109 1861.573242
2828.691406 -17842.589844 1861.573242
2784.863281 -17775.527344 1861.573242
2727.152344 -17733.312500 1861.573242
2662.519531 -17721.041016 1861.573242
2598.761719 -17740.191406 1861.573242
2543.570313 -17788.455078 1861.573242
2503.597656 -17860.005859 1861.573242
2483.667969 -17946.220703 1861.573242
2486.183594 -18036.695313 1861.573242
2510.839844 -18120.519531 1861.573242
2554.671875 -18187.582031 1861.573242
2612.378906 -18229.796875 1861.573242
2677.011719 -18242.066406 1861.573242
2740.769531 -18222.916016 1861.573242
2795.960938 -18174.654297 1861.573242
2835.937500 -18103.101563 1861.573242
2855.863281 -18016.888672 1861.573242
2828.691406 -17842.589844 1504.752930
2853.351563 -17926.412109 1504.752930
2784.863281 -17775.527344 1504.752930
2727.152344 -17733.312500 1504.752930
2662.519531 -17721.041016 1504.752930
2598.761719 -17740.191406 1504.752930
2543.570313 -17788.455078 1504.752930
2503.597656 -17860.005859 1504.752930
2483.667969 -17946.220703 1504.752930
2486.183594 -18036.695313 1504.752930
2510.839844 -18120.519531 1504.752930
2554.671875 -18187.582031 1504.752930
2612.378906 -18229.796875 1504.752930
2677.011719 -18242.066406 1504.752930
2740.769531 -18222.916016 1504.752930
2795.960938 -18174.654297 1504.752930
2835.937500 -18103.101563 1504.752930
2855.863281 -18016.888672 1504.752930
1317.972656 18041.705078 1427.874023
1317.972656 18041.705078 2479.575195
503.613281 18041.705078 2479.575195
503.613281 18041.705078 1427.874023
1317.972656 17855.605469 2479.575195
1382.562500 17855.605469 1344.458008
1382.562500 17855.605469 2562.991211
1317.972656 17855.605469 1427.874023
503.613281 17855.605469 1427.874023
439.019531 17855.605469 1344.458008
439.019531 17855.605469 2562.991211
503.613281 17855.605469 2479.575195
439.019531 18092.179688 1344.458008
1382.562500 18092.179688 1344.458008
1382.562500 18092.179688 2562.991211
439.019531 18092.179688 2562.991211
3029.261719 18780.960938 -7.900391
3140.585938 18879.605469 -7.900391
3140.585938 17855.605469 -7.900391
3029.261719 17954.250000 -7.900391
3140.585938 18879.605469 1344.458008
3140.585938 17855.605469 1344.458008
-1312.500000 17855.605469 1344.458008
-1312.500000 18879.605469 1344.458008
-1312.500000 18879.605469 -7.900391
-1312.500000 17855.605469 -7.900391
2475.273438 17792.654297 295.124023
2874.074219 17792.654297 295.124023
2874.074219 17792.654297 1069.940430
2475.273438 17792.654297 1069.940430
2475.273438 17855.605469 1069.940430
2874.074219 17855.605469 1069.940430
2874.074219 17855.605469 295.124023
2475.273438 17855.605469 295.124023
2860.953125 17646.716797 627.747070
2859.503906 17646.716797 753.004883
2835.769531 17646.716797 869.760742
2792.597656 17646.716797 963.934570
2735.207031 17646.716797 1024.166992
2670.511719 17646.716797 1043.194336
2606.320313 17646.716797 1018.719727
2550.371094 17646.716797 953.694336
2509.414063 17646.716797 855.963867
2488.390625 17646.716797 737.315430
2489.835938 17646.716797 612.059570
2513.574219 17646.716797 495.301758
2556.746094 17646.716797 401.128906
2614.140625 17646.716797 340.896484
2678.832031 17646.716797 321.871094
2743.027344 17646.716797 346.343750
2798.972656 17646.716797 411.367188
2839.925781 17646.716797 509.098633
2839.925781 17792.654297 509.098633
2798.972656 17792.654297 411.367188
2743.027344 17792.654297 346.343750
2678.832031 17792.654297 321.871094
2614.140625 17792.654297 340.896484
2556.746094 17792.654297 401.128906
2513.574219 17792.654297 495.301758
2489.835938 17792.654297 612.059570
2488.390625 17792.654297 737.315430
2509.414063 17792.654297 855.963867
2550.371094 17792.654297 953.694336
2606.320313 17792.654297 1018.719727
2670.511719 17792.654297 1043.194336
2735.207031 17792.654297 1024.166992
2792.597656 17792.654297 963.934570
2835.769531 17792.654297 869.760742
2859.503906 17792.654297 753.004883
2860.953125 17792.654297 627.747070
2835.449219 17449.412109 635.249023
2834.199219 17449.412109 743.354492
2813.710938 17449.412109 844.125977
2776.453125 17449.412109 925.405273
2726.917969 17449.412109 977.391602
2671.082031 17449.412109 993.815430
2615.675781 17449.412109 972.690430
2567.390625 17449.412109 916.569336
2532.042969 17449.412109 832.219727
2513.894531 17449.412109 729.815430
2515.144531 17449.412109 621.708008
2535.632813 17449.412109 520.936523
2572.890625 17449.412109 439.657227
2622.429688 17449.412109 387.670898
2678.265625 17449.412109 371.250000
2733.667969 17449.412109 392.374023
2781.953125 17449.412109 448.494141
2817.300781 17449.412109 532.842773
2817.300781 17646.716797 532.842773
2781.953125 17646.716797 448.494141
2733.667969 17646.716797 392.374023
2678.265625 17646.716797 371.250000
2622.429688 17646.716797 387.670898
2572.890625 17646.716797 439.657227
2535.632813 17646.716797 520.936523
2515.144531 17646.716797 621.708008
2513.894531 17646.716797 729.815430
2532.042969 17646.716797 832.219727
2567.390625 17646.716797 916.569336
2615.675781 17646.716797 972.690430
2671.082031 17646.716797 993.815430
2726.917969 17646.716797 977.391602
2776.453125 17646.716797 925.405273
2813.710938 17646.716797 844.125977
2834.199219 17646.716797 743.354492
2835.449219 17646.716797 635.249023
3029.261719 17954.250000 802.145508
3029.261719 18780.960938 802.145508
-1201.171875 18780.960938 -7.900391
-1201.171875 18780.960938 802.145508
-1201.171875 17954.250000 802.145508
-1201.171875 17954.250000 -7.900391
1380.468750 18780.960938 -7.900391
1380.468750 17954.250000 -7.900391
1380.468750 17954.250000 802.145508
1380.468750 18780.960938 802.145508
1488.964844 18780.960938 -7.900391
1488.964844 17954.250000 -7.900391
1488.964844 18780.960938 802.145508
1488.964844 17954.250000 802.145508
509.976563 18780.960938 -7.900391
509.976563 17954.250000 -7.900391
401.480469 17954.250000 -7.900391
401.480469 18780.960938 -7.900391
509.976563 18780.960938 802.145508
509.976563 17954.250000 802.145508
401.480469 17954.250000 802.145508
401.480469 18780.960938 802.145508
626.785156 17798.064453 859.278320
626.785156 17755.074219 859.278320
616.437500 17755.074219 839.102539
616.437500 17798.064453 839.102539
632.902344 17798.064453 885.010742
632.902344 17755.074219 885.010742
634.054688 17798.064453 913.196289
634.054688 17755.074219 913.196289
630.101563 17798.064453 940.434570
630.101563 17755.074219 940.434570
621.519531 17798.064453 963.446289
621.519531 17755.074219 963.446289
609.343750 17798.064453 979.448242
609.343750 17755.074219 979.448242
595.042969 17798.064453 986.512695
595.042969 17755.074219 986.512695
580.339844 17798.064453 983.790039
580.339844 17755.074219 983.790039
567.011719 17798.064453 971.604492
567.011719 17755.074219 971.604492
556.664063 17798.064453 951.430664
556.664063 17755.074219 951.430664
550.542969 17798.064453 925.700195
550.542969 17755.074219 925.700195
549.390625 17798.064453 897.510742
549.390625 17755.074219 897.510742
553.347656 17798.064453 870.272461
553.347656 17755.074219 870.272461
561.929688 17798.064453 847.260742
561.929688 17755.074219 847.260742
574.109375 17798.064453 831.258789
574.109375 17755.074219 831.258789
588.410156 17798.064453 824.194336
588.410156 17755.074219 824.194336
603.109375 17798.064453 826.916992
603.109375 17755.074219 826.916992
626.785156 17755.074219 158.623047
632.902344 17755.074219 184.356445
634.054688 17755.074219 212.541992
630.101563 17755.074219 239.784180
621.519531 17755.074219 262.792969
609.343750 17755.074219 278.794922
595.042969 17755.074219 285.860352
580.339844 17755.074219 283.136719
567.011719 17755.074219 270.952148
556.664063 17755.074219 250.778320
550.542969 17755.074219 225.043945
549.390625 17755.074219 196.857422
553.347656 17755.074219 169.617188
561.929688 17755.074219 146.608398
574.109375 17755.074219 130.605469
588.410156 17755.074219 123.541016
603.109375 17755.074219 126.264648
616.437500 17755.074219 138.449219
616.437500 17798.064453 138.449219
603.109375 17798.064453 126.264648
588.410156 17798.064453 123.541016
574.109375 17798.064453 130.605469
561.929688 17798.064453 146.608398
553.347656 17798.064453 169.617188
549.390625 17798.064453 196.857422
550.542969 17798.064453 225.043945
556.664063 17798.064453 250.778320
567.011719 17798.064453 270.952148
580.339844 17798.064453 283.136719
595.042969 17798.064453 285.860352
609.343750 17798.064453 278.794922
621.519531 17798.064453 262.792969
630.101563 17798.064453 239.784180
634.054688 17798.064453 212.541992
632.902344 17798.064453 184.356445
626.785156 17798.064453 158.623047
1275.281250 17755.074219 158.623047
1281.398438 17755.074219 184.356445
1282.550781 17755.074219 212.541992
1278.597656 17755.074219 239.784180
1270.015625 17755.074219 262.792969
1257.839844 17755.074219 278.794922
1243.539063 17755.074219 285.860352
1228.835938 17755.074219 283.136719
1215.507813 17755.074219 270.952148
1205.156250 17755.074219 250.778320
1199.039063 17755.074219 225.043945
1197.886719 17755.074219 196.857422
1201.843750 17755.074219 169.617188
1210.425781 17755.074219 146.608398
1222.601563 17755.074219 130.605469
1236.902344 17755.074219 123.541016
1251.605469 17755.074219 126.264648
1264.933594 17755.074219 138.449219
1264.933594 17798.064453 138.449219
1251.605469 17798.064453 126.264648
1236.902344 17798.064453 123.541016
1222.601563 17798.064453 130.605469
1210.425781 17798.064453 146.608398
1201.843750 17798.064453 169.617188
1197.886719 17798.064453 196.857422
1199.039063 17798.064453 225.043945
1205.156250 17798.064453 250.778320
1215.507813 17798.064453 270.952148
1228.835938 17798.064453 283.136719
1243.539063 17798.064453 285.860352
1257.839844 17798.064453 278.794922
1270.015625 17798.064453 262.792969
1278.597656 17798.064453 239.784180
1282.550781 17798.064453 212.541992
1281.398438 17798.064453 184.356445
1275.281250 17798.064453 158.623047
1275.281250 17798.064453 859.278320
1275.281250 17755.074219 859.278320
1264.933594 17755.074219 839.102539
1264.933594 17798.064453 839.102539
1281.398438 17798.064453 885.010742
1281.398438 17755.074219 885.010742
1282.550781 17798.064453 913.196289
1282.550781 17755.074219 913.196289
1278.597656 17798.064453 940.434570
1278.597656 17755.074219 940.434570
1270.015625 17798.064453 963.446289
1270.015625 17755.074219 963.446289
1257.839844 17798.064453 979.448242
1257.839844 17755.074219 979.448242
1243.539063 17798.064453 986.512695
1243.539063 17755.074219 986.512695
1228.835938 17798.064453 983.790039
1228.835938 17755.074219 983.790039
1215.507813 17798.064453 971.604492
1215.507813 17755.074219 971.604492
1205.156250 17798.064453 951.430664
1205.156250 17755.074219 951.430664
1199.039063 17798.064453 925.700195
1199.039063 17755.074219 925.700195
1197.886719 17798.064453 897.510742
1197.886719 17755.074219 897.510742
1201.843750 17798.064453 870.272461
1201.843750 17755.074219 870.272461
1210.425781 17798.064453 847.260742
1210.425781 17755.074219 847.260742
1222.601563 17798.064453 831.258789
1222.601563 17755.074219 831.258789
1236.902344 17798.064453 824.194336
1236.902344 17755.074219 824.194336
1251.605469 17798.064453 826.916992
1251.605469 17755.074219 826.916992
503.359375 17798.064453 -7.900391
1324.726563 17798.064453 -7.900391
1324.726563 17798.064453 1197.231445
503.359375 17798.064453 1197.231445
503.359375 17855.605469 1197.231445
503.359375 17855.605469 -7.900391
1324.726563 17855.605469 1197.231445
1324.726563 17855.605469 -7.900391
3045.746094 18408.726563 1504.752930
3015.515625 18539.500000 1504.752930
2954.882813 18648.037109 1504.752930
2871.160156 18721.242188 1504.752930
2774.449219 18750.292969 1504.752930
2676.410156 18731.677734 1504.752930
2588.871094 18667.646484 1504.752930
2522.390625 18565.921875 1504.752930
2484.988281 18438.769531 1504.752930
2481.171875 18301.533203 1504.752930
2511.402344 18170.757813 1504.752930
2572.035156 18062.222656 1504.752930
2655.757813 17989.015625 1504.752930
2752.468750 17959.966797 1504.752930
2850.503906 17978.580078 1504.752930
2938.042969 18042.611328 1504.752930
3004.523438 18144.337891 1504.752930
3041.929688 18271.488281 1504.752930
3041.929688 18271.488281 1344.458008
3004.523438 18144.337891 1344.458008
2938.042969 18042.611328 1344.458008
2850.503906 17978.580078 1344.458008
2752.468750 17959.966797 1344.458008
2655.757813 17989.015625 1344.458008
2572.035156 18062.222656 1344.458008
2511.402344 18170.757813 1344.458008
2481.171875 18301.533203 1344.458008
2484.988281 18438.769531 1344.458008
2522.390625 18565.921875 1344.458008
2588.871094 18667.646484 1344.458008
2676.410156 18731.677734 1344.458008
2774.449219 18750.292969 1344.458008
2871.160156 18721.242188 1344.458008
2954.882813 18648.037109 1344.458008
3015.515625 18539.500000 1344.458008
3045.746094 18408.726563 1344.458008
2949.558594 18390.464844 1861.573242
2929.628906 18476.675781 1861.573242
2889.656250 18548.228516 1861.573242
2834.460938 18596.492188 1861.573242
2770.707031 18615.642578 1861.573242
2706.074219 18603.371094 1861.573242
2648.359375 18561.156250 1861.573242
2604.535156 18494.093750 1861.573242
2579.875000 18410.269531 1861.573242
2577.359375 18319.794922 1861.573242
2597.289063 18233.582031 1861.573242
2637.261719 18162.029297 1861.573242
2692.453125 18113.767578 1861.573242
2756.214844 18094.615234 1861.573242
2820.847656 18106.888672 1861.573242
2878.554688 18149.101563 1861.573242
2922.382813 18216.166016 1861.573242
2947.042969 18299.988281 1861.573242
2947.042969 18299.988281 1504.752930
2922.382813 18216.166016 1504.752930
2878.554688 18149.101563 1504.752930
2820.847656 18106.888672 1504.752930
2756.214844 18094.615234 1504.752930
2692.453125 18113.767578 1504.752930
2637.261719 18162.029297 1504.752930
2597.289063 18233.582031 1504.752930
2577.359375 18319.794922 1504.752930
2579.875000 18410.269531 1504.752930
2604.535156 18494.093750 1504.752930
2648.359375 18561.156250 1504.752930
2706.074219 18603.371094 1504.752930
2770.707031 18615.642578 1504.752930
2834.460938 18596.492188 1504.752930
2889.656250 18548.228516 1504.752930
2929.628906 18476.675781 1504.752930
2949.558594 18390.464844 1504.752930
0
1088
694 711
711 710
676 711
710 709
677 710
709 708
678 709
708 707
679 708
707 706
680 707
706 705
681 706
705 704
682 705
704 703
683 704
703 702
684 703
702 701
685 702
701 700
686 701
700 699
687 700
699 698
688 699
698 697
689 698
697 696
690 697
696 695
691 696
695 694
692 695
694 693
693 676
692 693
691 692
690 691
689 690
688 689
687 688
686 687
685 686
684 685
683 684
682 683
681 682
680 681
679 680
678 679
677 678
676 677
658 675
675 674
640 675
674 673
641 674
673 672
642 673
672 671
643 672
671 670
644 671
670 669
645 670
669 668
646 669
668 667
647 668
667 666
648 667
666 665
649 666
665 664
650 665
664 663
651 664
663 662
652 663
662 661
653 662
661 660
654 661
660 659
655 660
659 658
656 659
658 657
657 640
656 657
655 656
654 655
653 654
652 653
651 652
650 651
649 650
648 649
647 648
646 647
645 646
644 645
643 644
642 643
641 642
640 641
637 639
639 638
633 639
638 636
634 638
637 632
636 637
635 636
635 632
634 635
633 634
632 633
630 599
598 631
628 630
631 629
630 631
626 628
629 627
628 629
624 626
627 625
626 627
622 624
625 623
624 625
620 622
623 621
622 623
618 620
621 619
620 621
616 618
619 617
618 619
614 616
617 615
616 617
612 614
615 613
614 615
610 612
613 611
612 613
608 610
611 609
610 611
606 608
609 607
608 609
604 606
607 605
606 607
602 604
605 603
604 605
600 602
603 601
602 603
596 600
601 597
600 601
599 596
598 599
597 598
596 597
578 595
595 594
560 595
594 593
561 594
593 592
562 593
592 591
563 592
591 590
564 591
590 589
565 590
589 588
566 589
588 587
567 588
587 586
568 587
586 585
569 586
585 584
570 585
584 583
571 584
583 582
572 583
582 581
573 582
581 580
574 581
580 579
575 580
579 578
576 579
578 577
577 560
576 577
575 576
574 575
573 574
572 573
571 572
570 571
569 570
568 569
567 568
566 567
565 566
564 565
563 564
562 563
561 562
560 561
542 559
559 558
524 559
558 557
525 558
557 556
526 557
556 555
527 556
555 554
528 555
554 553
529 554
553 552
530 553
552 551
531 552
551 550
532 551
550 549
533 550
549 548
534 549
548 547
535 548
547 546
536 547
546 545
537 546
545 544
538 545
544 543
539 544
543 542
540 543
542 541
541 524
540 541
539 540
538 539
537 538
536 537
535 536
534 535
533 534
532 533
531 532
530 531
529 530
528 529
527 528
526 527
525 526
524 525
522 491
490 523
520 522
523 521
522 523
518 520
521 519
520 521
516 518
519 517
518 519
514 516
517 515
516 517
512 514
515 513
514 515
510 512
513 511
512 513
508 510
511 509
510 511
506 508
509 507
508 509
504 506
507 505
506 507
502 504
505 503
504 505
500 502
503 501
502 503
498 500
501 499
500 501
496 498
499 497
498 499
494 496
497 495
496 497
492 494
495 493
494 495
488 492
493 489
492 493
491 488
490 491
489 490
488 489
376 384
385 379
471 385
384 468
468 385
377 384
380 383
381 382
385 378
379 471
470 466
468 376
467 469
487 483
486 487
482 486
480 484
485 481
484 485
483 480
482 483
481 482
480 481
476 478
479 477
478 479
472 476
477 473
476 477
475 472
474 475
473 474
472 473
471 468
470 471
469 470
468 469
467 376
466 467
379 466
448 465
465 464
430 465
464 463
431 464
463 462
432 463
462 461
433 462
461 460
434 461
460 459
435 460
459 458
436 459
458 457
437 458
457 456
438 457
456 455
439 456
455 454
440 455
454 453
441 454
453 452
442 453
452 451
443 452
451 450
444 451
450 449
445 450
449 448
446 449
448 447
447 430
446 447
445 446
444 445
443 444
442 443
441 442
440 441
439 440
438 439
437 438
436 437
435 436
434 435
433 434
432 433
431 432
430 431
412 429
429 428
394 429
428 427
395 428
427 426
396 427
426 425
397 426
425 424
398 425
424 423
399 424
423 422
400 423
422 421
401 422
421 420
402 421
420 419
403 420
419 418
404 419
418 417
405 418
417 416
406 417
416 415
407 416
415 414
408 415
414 413
409 414
413 412
410 413
412 411
411 394
410 411
409 410
408 409
407 408
406 407
405 406
404 405
403 404
402 403
401 402
400 401
399 400
398 399
397 398
396 397
395 396
394 395
390 393
393 392
386 393
392 391
387 392
391 390
388 391
390 389
389 386
388 389
387 388
386 387
385 382
384 385
383 384
382 383
381 378
380 381
377 380
379 376
378 379
377 378
376 377
375 372
375 370
374 375
374 366
373 374
373 365
372 373
369 372
371 362
364 361
363 368
367 360
368 371
370 369
371 364
371 366
370 371
366 370
367 368
369 365
368 369
365 368
364 367
367 365
366 364
365 366
364 365
363 360
362 363
361 362
360 361
359 343
358 359
359 341
357 358
358 340
356 357
357 339
355 356
356 338
354 355
355 337
353 354
354 336
352 353
353 335
351 352
352 334
350 351
351 333
349 350
350 332
348 349
349 331
347 348
348 330
346 347
347 329
345 346
346 328
344 345
345 327
342 344
344 326
343 342
324 343
342 325
341 324
340 341
339 340
338 339
337 338
336 337
335 336
334 335
333 334
332 333
331 332
330 331
329 330
328 329
327 328
326 327
325 326
324 325
323 307
322 323
323 305
321 322
322 304
320 321
321 303
319 320
320 302
318 319
319 301
317 318
318 300
316 317
317 299
315 316
316 298
314 315
315 297
313 314
314 296
312 313
313 295
311 312
312 294
310 311
311 293
309 310
310 292
308 309
309 291
306 308
308 290
307 306
288 307
306 289
305 288
304 305
303 304
302 303
301 302
300 301
299 300
298 299
297 298
296 297
295 296
294 295
293 294
292 293
291 292
290 291
289 290
288 289
287 284
287 282
286 287
286 281
285 286
285 280
284 285
283 284
283 280
282 283
281 282
280 281
244 279
278 245
279 277
278 279
276 278
277 275
276 277
274 276
275 273
274 275
272 274
273 271
272 273
270 272
271 269
270 271
268 270
269 267
268 269
266 268
267 265
266 267
264 266
265 263
264 265
262 264
263 261
262 263
260 262
261 259
260 261
258 260
259 257
258 259
256 258
257 255
256 257
254 256
255 253
254 255
252 254
253 251
252 253
250 252
251 249
250 251
248 250
249 247
248 249
246 248
247 244
246 247
245 246
244 245
243 227
242 243
243 225
241 242
242 224
240 241
241 223
239 240
240 222
238 239
239 221
237 238
238 220
236 237
237 219
235 236
236 218
234 235
235 217
233 234
234 216
232 233
233 215
231 232
232 214
230 231
231 213
229 230
230 212
228 229
229 211
226 228
228 210
227 226
208 227
226 209
225 208
224 225
223 224
222 223
221 222
220 221
219 220
218 219
217 218
216 217
215 216
214 215
213 214
212 213
211 212
210 211
209 210
208 209
207 191
206 207
207 189
205 206
206 188
204 205
205 187
203 204
204 186
202 203
203 185
201 202
202 184
200 201
201 183
199 200
200 182
198 199
199 181
197 198
198 180
196 197
197 179
195 196
196 178
194 195
195 177
193 194
194 176
192 193
193 175
190 192
192 174
191 190
172 191
190 173
189 172
188 189
187 188
186 187
185 186
184 185
183 184
182 183
181 182
180 181
179 180
178 179
177 178
176 177
175 176
174 175
173 174
172 173
136 171
170 137
171 169
170 171
168 170
169 167
168 169
166 168
167 165
166 167
164 166
165 163
164 165
162 164
163 161
162 163
160 162
161 159
160 161
158 160
159 157
158 159
156 158
157 155
156 157
154 156
155 153
154 155
152 154
153 151
152 153
150 152
151 149
150 151
148 150
149 147
148 149
146 148
147 145
146 147
144 146
145 143
144 145
142 144
143 141
142 143
140 142
141 139
140 141
138 140
139 136
138 139
137 138
136 137
24 30
31 27
119 31
30 116
116 31
31 26
32 29
25 30
33 28
116 24
115 117
27 119
118 114
128 134
135 129
134 135
133 131
132 133
130 132
131 128
130 131
129 130
128 129
127 125
126 127
124 126
125 123
124 125
122 124
123 120
122 123
121 122
120 121
119 116
118 119
117 118
116 117
115 24
114 115
27 114
113 97
112 113
113 95
111 112
112 94
110 111
111 93
109 110
110 92
108 109
109 91
107 108
108 90
106 107
107 89
105 106
106 88
104 105
105 87
103 104
104 86
102 103
103 85
101 102
102 84
100 101
101 83
99 100
100 82
98 99
99 81
96 98
98 80
97 96
78 97
96 79
95 78
94 95
93 94
92 93
91 92
90 91
89 90
88 89
87 88
86 87
85 86
84 85
83 84
82 83
81 82
80 81
79 80
78 79
77 61
76 77
77 59
75 76
76 58
74 75
75 57
73 74
74 56
72 73
73 55
71 72
72 54
70 71
71 53
69 70
70 52
68 69
69 51
67 68
68 50
66 67
67 49
65 66
66 48
64 65
65 47
63 64
64 46
62 63
63 45
60 62
62 44
61 60
42 61
60 43
59 42
58 59
57 58
56 57
55 56
54 55
53 54
52 53
51 52
50 51
49 50
48 49
47 48
46 47
45 46
44 45
43 44
42 43
41 39
40 41
41 37
38 40
40 36
39 38
34 39
38 35
37 34
36 37
35 36
34 35
33 30
32 33
31 32
30 31
25 28
29 26
28 29
27 24
26 27
25 26
24 25
21 23
23 22
17 23
22 20
13 22
21 18
20 21
14 20
9 16
10 15
11 12
19 8
16 19
18 17
19 12
19 14
18 19
14 18
15 16
17 13
16 17
13 16
12 15
15 13
14 12
13 14
12 13
11 8
10 11
9 10
8 9
7 5
6 7
7 3
4 6
6 2
5 4
0 5
4 1
3 0
2 3
1 2
0 1
410
3 -337 -348 -340
3 -342 -507 337
3 -346 -338 -339
3 338 -505 -345
3 339 -341 -370
3 341 -498 340
3 -523 522 -532
3 525 524 523
3 526 -529 -531
3 529 528 527
3 531 -534 530
3 534 533 532
3 -875 -884 -878
3 -882 -1045 875
3 -886 -876 -877
3 876 -1043 -880
3 877 -879 -908
3 879 -1038 878
3 -1061 1060 -1070
3 1063 1062 1061
3 1064 -1067 -1069
3 1067 1066 1065
3 1069 -1072 1068
3 1072 1071 1070
4 -3 -37 -36 1
4 -5 -54 3 2
4 -7 -53 5 4
4 -9 -52 7 6
4 -11 -51 9 8
4 -13 -50 11 10
4 -15 -49 13 12
4 -17 -48 15 14
4 -19 -47 17 16
4 -21 -46 19 18
4 -23 -45 21 20
4 -25 -44 23 22
4 -27 -43 25 24
4 -29 -42 27 26
4 -31 -41 29 28
4 -33 -40 31 30
4 -35 -39 33 32
4 36 -38 35 34
4 -57 -91 -90 55
4 -59 -108 57 56
4 -61 -107 59 58
4 -63 -106 61 60
4 -65 -105 63 62
4 -67 -104 65 64
4 -69 -103 67 66
4 -71 -102 69 68
4 -73 -101 71 70
4 -75 -100 73 72
4 -77 -99 75 74
4 -79 -98 77 76
4 -81 -97 79 78
4 -83 -96 81 80
4 -85 -95 83 82
4 -87 -94 85 84
4 -89 -93 87 86
4 90 -92 89 88
4 -114 109 -111 -120
4 111 110 -113 -119
4 113 112 -116 -118
4 116 115 114 -117
4 120 119 118 117
4 -172 122 -125 121
4 125 124 -128 123
4 128 127 -131 126
4 131 130 -134 129
4 134 133 -137 132
4 137 136 -140 135
4 140 139 -143 138
4 143 142 -146 141
4 146 145 -149 144
4 149 148 -152 147
4 152 151 -155 150
4 155 154 -158 153
4 158 157 -161 156
4 161 160 -164 159
4 164 163 -167 162
4 167 166 -170 165
4 170 169 -174 168
4 174 173 172 171
4 -177 -211 -210 175
4 -179 -228 177 176
4 -181 -227 179 178
4 -183 -226 181 180
4 -185 -225 183 182
4 -187 -224 185 184
4 -189 -223 187 186
4 -191 -222 189 188
4 -193 -221 191 190
4 -195 -220 193 192
4 -197 -219 195 194
4 -199 -218 197 196
4 -201 -217 199 198
4 -203 -216 201 200
4 -205 -215 203 202
4 -207 -214 205 204
4 -209 -213 207 206
4 210 -212 209 208
4 -231 -265 -264 229
4 -233 -282 231 230
4 -235 -281 233 232
4 -237 -280 235 234
4 -239 -279 237 236
4 -241 -278 239 238
4 -243 -277 241 240
4 -245 -276 243 242
4 -247 -275 245 244
4 -249 -274 247 246
4 -251 -273 249 248
4 -253 -272 251 250
4 -255 -271 253 252
4 -257 -270 255 254
4 -259 -269 257 256
4 -261 -268 259 258
4 -263 -267 261 260
4 264 -266 263 262
4 -334 284 -287 283
4 287 286 -290 285
4 290 289 -293 288
4 293 292 -296 291
4 296 295 -299 294
4 299 298 -302 297
4 302 301 -305 300
4 305 304 -308 303
4 308 307 -311 306
4 311 310 -314 309
4 314 313 -317 312
4 317 316 -320 315
4 320 319 -323 318
4 323 322 -326 321
4 326 325 -329 324
4 329 328 -332 327
4 332 331 -336 330
4 336 335 334 333
4 -349 -375 -347 -372
4 -343 -503 342 -499
4 -502 343 -500 -344
4 345 -501 344 -497
4 -371 347 -376 346
4 -374 349 -373 348
4 -357 352 351 350
4 355 354 -359 353
4 359 358 357 356
4 362 361 -365 360
4 365 364 -369 363
4 369 368 367 366
4 373 372 371 370
4 376 375 374 -504
4 -379 -413 -412 377
4 -381 -430 379 378
4 -383 -429 381 380
4 -385 -428 383 382
4 -387 -427 385 384
4 -389 -426 387 386
4 -391 -425 389 388
4 -393 -424 391 390
4 -395 -423 393 392
4 -397 -422 395 394
4 -399 -421 397 396
4 -401 -420 399 398
4 -403 -419 401 400
4 -405 -418 403 402
4 -407 -417 405 404
4 -409 -416 407 406
4 -411 -415 409 408
4 412 -414 411 410
4 -433 -467 -466 431
4 -435 -484 433 432
4 -437 -483 435 434
4 -439 -482 437 436
4 -441 -481 439 438
4 -443 -480 441 440
4 -445 -479 443 442
4 -447 -478 445 444
4 -449 -477 447 446
4 -451 -476 449 448
4 -453 -475 451 450
4 -455 -474 453 452
4 -457 -473 455 454
4 -459 -472 457 456
4 -461 -471 459 458
4 -463 -470 461 460
4 -465 -469 463 462
4 466 -468 465 464
4 -487 -493 -492 485
4 -489 -496 487 486
4 -491 -495 489 488
4 492 -494 491 490
4 496 495 494 493
4 500 499 498 497
4 -506 503 502 501
4 507 506 505 504
4 -508 -510 -512 -514
4 -509 508 -515 -521
4 -511 510 509 -525
4 -513 512 511 -533
4 515 514 513 -527
4 -518 -536 -516 -520
4 516 -537 -517 -522
4 517 -538 -519 -530
4 519 -535 518 -526
4 -524 521 -528 520
4 538 537 536 535
4 -573 -575 -541 539
4 541 -576 -543 540
4 543 -577 -545 542
4 545 -578 -547 544
4 547 -579 -549 546
4 549 -580 -551 548
4 551 -581 -553 550
4 553 -582 -555 552
4 555 -583 -557 554
4 557 -584 -559 556
4 559 -585 -561 558
4 561 -586 -563 560
4 563 -587 -565 562
4 565 -588 -567 564
4 567 -589 -569 566
4 569 -590 -571 568
4 571 -591 -574 570
4 574 -592 573 572
4 -627 -629 -595 593
4 595 -630 -597 594
4 597 -631 -599 596
4 599 -632 -601 598
4 601 -633 -603 600
4 603 -634 -605 602
4 605 -635 -607 604
4 607 -636 -609 606
4 609 -637 -611 608
4 611 -638 -613 610
4 613 -639 -615 612
4 615 -640 -617 614
4 617 -641 -619 616
4 619 -642 -621 618
4 621 -643 -623 620
4 623 -644 -625 622
4 625 -645 -628 624
4 628 -646 627 626
4 -648 647 -654 -656
4 -650 649 648 -657
4 -652 651 650 -658
4 654 653 652 -655
4 658 657 656 655
4 -662 660 -712 659
4 -665 663 662 661
4 -668 666 665 664
4 -671 669 668 667
4 -674 672 671 670
4 -677 675 674 673
4 -680 678 677 676
4 -683 681 680 679
4 -686 684 683 682
4 -689 687 686 685
4 -692 690 689 688
4 -695 693 692 691
4 -698 696 695 694
4 -701 699 698 697
4 -704 702 701 700
4 -707 705 704 703
4 -710 708 707 706
4 712 711 710 709
4 -747 -749 -715 713
4 715 -750 -717 714
4 717 -751 -719 716
4 719 -752 -721 718
4 721 -753 -723 720
4 723 -754 -725 722
4 725 -755 -727 724
4 727 -756 -729 726
4 729 -757 -731 728
4 731 -758 -733 730
4 733 -759 -735 732
4 735 -760 -737 734
4 737 -761 -739 736
4 739 -762 -741 738
4 741 -763 -743 740
4 743 -764 -745 742
4 745 -765 -748 744
4 748 -766 747 746
4 -801 -803 -769 767
4 769 -804 -771 768
4 771 -805 -773 770
4 773 -806 -775 772
4 775 -807 -777 774
4 777 -808 -779 776
4 779 -809 -781 778
4 781 -810 -783 780
4 783 -811 -785 782
4 785 -812 -787 784
4 787 -813 -789 786
4 789 -814 -791 788
4 791 -815 -793 790
4 793 -816 -795 792
4 795 -817 -797 794
4 797 -818 -799 796
4 799 -819 -802 798
4 802 -820 801 800
4 -824 822 -874 821
4 -827 825 824 823
4 -830 828 827 826
4 -833 831 830 829
4 -836 834 833 832
4 -839 837 836 835
4 -842 840 839 838
4 -845 843 842 841
4 -848 846 845 844
4 -851 849 848 847
4 -854 852 851 850
4 -857 855 854 853
4 -860 858 857 856
4 -863 861 860 859
4 -866 864 863 862
4 -869 867 866 865
4 -872 870 869 868
4 874 873 872 871
4 -885 -913 -887 -910
4 880 -1040 -881 -1037
4 -1036 881 -1041 -883
4 883 -1039 882 -1035
4 -912 885 -911 884
4 -909 887 -914 886
4 890 889 -897 888
4 -895 893 892 891
4 897 896 895 894
4 -902 900 899 898
4 -905 903 902 901
4 907 906 905 904
4 911 910 909 908
4 914 913 912 -1042
4 -949 -951 -917 915
4 917 -952 -919 916
4 919 -953 -921 918
4 921 -954 -923 920
4 923 -955 -925 922
4 925 -956 -927 924
4 927 -957 -929 926
4 929 -958 -931 928
4 931 -959 -933 930
4 933 -960 -935 932
4 935 -961 -937 934
4 937 -962 -939 936
4 939 -963 -941 938
4 941 -964 -943 940
4 943 -965 -945 942
4 945 -966 -947 944
4 947 -967 -950 946
4 950 -968 949 948
4 -1003 -1005 -971 969
4 971 -1006 -973 970
4 973 -1007 -975 972
4 975 -1008 -977 974
4 977 -1009 -979 976
4 979 -1010 -981 978
4 981 -1011 -983 980
4 983 -1012 -985 982
4 985 -1013 -987 984
4 987 -1014 -989 986
4 989 -1015 -991 988
4 991 -1016 -993 990
4 993 -1017 -995 992
4 995 -1018 -997 994
4 997 -1019 -999 996
4 999 -1020 -1001 998
4 1001 -1021 -1004 1000
4 1004 -1022 1003 1002
4 -1029 -1031 -1025 1023
4 1025 -1032 -1027 1024
4 1027 -1033 -1030 1026
4 1030 -1034 1029 1028
4 1034 1033 1032 1031
4 1038 1037 1036 1035
4 1041 1040 -1044 1039
4 1045 1044 1043 1042
4 -1049 -1047 -1046 -1052
4 -1051 1046 -1048 -1059
4 1048 1047 -1050 -1065
4 1050 1049 -1053 -1071
4 1053 1052 1051 -1063
4 -1054 -1076 -1057 -1058
4 -1055 -1075 1054 -1064
4 -1056 -1074 1055 -1068
4 1057 -1073 1056 -1060
4 -1062 1059 -1066 1058
4 1076 1075 1074 1073
4 -1078 -1080 -1082 -1077
4 -1083 -1085 -1079 1077
4 1079 -1086 -1081 1078
4 1081 -1087 -1084 1080
4 1084 -1088 1083 1082
4 1088 1087 1086 1085
18 54 53 52 51 50 49 48 47 46 45 44 43 42 41 40 39
   38 37
18 108 107 106 105 104 103 102 101 100 99 98 97 96 95 94 93
   92 91
18 -169 -166 -163 -160 -157 -154 -151 -148 -145 -142 -139 -136 -133 -130 -127 -124
   -122 -173
18 228 227 226 225 224 223 222 221 220 219 218 217 216 215 214 213
   212 211
18 282 281 280 279 278 277 276 275 274 273 272 271 270 269 268 267
   266 265
18 -331 -328 -325 -322 -319 -316 -313 -310 -307 -304 -301 -298 -295 -292 -289 -286
   -284 -335
18 430 429 428 427 426 425 424 423 422 421 420 419 418 417 416 415
   414 413
18 484 483 482 481 480 479 478 477 476 475 474 473 472 471 470 469
   468 467
18 592 591 590 589 588 587 586 585 584 583 582 581 580 579 578 577
   576 575
18 646 645 644 643 642 641 640 639 638 637 636 635 634 633 632 631
   630 629
18 -660 -663 -666 -669 -672 -675 -678 -681 -684 -687 -690 -693 -696 -699 -702 -705
   -708 -711
18 766 765 764 763 762 761 760 759 758 757 756 755 754 753 752 751
   750 749
18 820 819 818 817 816 815 814 813 812 811 810 809 808 807 806 805
   804 803
18 -822 -825 -828 -831 -834 -837 -840 -843 -846 -849 -852 -855 -858 -861 -864 -867
   -870 -873
18 968 967 966 965 964 963 962 961 960 959 958 957 956 955 954 953
   952 951
18 1022 1021 1020 1019 1018 1017 1016 1015 1014 1013 1012 1011 1010 1009 1008 1007
   1006 1005
0
0
