12
0
0
0
2
30
*
158
-725.000000 -3115.415527 0.000004
-725.000000 -3115.415527 200.000000
-725.000000 -3065.415527 0.000000
-725.000000 -3065.415527 200.000000
725.000000 -3115.415527 0.000004
725.000000 -3065.415527 0.000000
725.000000 -3115.415527 200.000000
725.000000 -3065.415527 200.000000
685.000000 -3115.415527 200.000000
685.000000 -3065.415527 200.000000
681.865967 -3065.415527 172.184998
681.865967 -3115.415527 172.184998
672.621033 -3065.415527 145.764999
672.621033 -3115.415527 145.764999
657.729004 -3065.415527 122.064003
657.729004 -3115.415527 122.064003
637.935974 -3065.415527 102.270996
637.935974 -3115.415527 102.270996
614.234985 -3065.415527 87.378998
614.234985 -3115.415527 87.378998
587.815002 -3065.415527 78.134003
587.815002 -3115.415527 78.134003
560.000000 -3065.415527 75.000000
560.000000 -3115.415527 75.000000
532.184998 -3065.415527 78.134003
532.184998 -3115.415527 78.134003
505.765015 -3065.415527 87.378998
505.765015 -3115.415527 87.378998
482.063995 -3065.415527 102.270996
482.063995 -3115.415527 102.270996
462.270996 -3065.415527 122.064003
462.270996 -3115.415527 122.064003
447.378998 -3065.415527 145.764999
447.378998 -3115.415527 145.764999
438.134003 -3065.415527 172.184998
438.134003 -3115.415527 172.184998
435.000000 -3065.415527 200.000000
435.000000 -3115.415527 200.000000
405.000000 -3115.415527 200.000000
405.000000 -3065.415527 200.000000
401.865997 -3065.415527 172.184998
401.865997 -3115.415527 172.184998
392.621002 -3065.415527 145.764999
392.621002 -3115.415527 145.764999
377.729004 -3065.415527 122.064003
377.729004 -3115.415527 122.064003
357.936005 -3065.415527 102.270996
357.936005 -3115.415527 102.270996
334.235016 -3065.415527 87.378998
334.235016 -3115.415527 87.378998
307.814972 -3065.415527 78.134003
307.814972 -3115.415527 78.134003
280.000000 -3065.415527 75.000000
280.000000 -3115.415527 75.000000
252.184982 -3065.415527 78.134003
252.184982 -3115.415527 78.134003
225.764999 -3065.415527 87.378998
225.764999 -3115.415527 87.378998
202.063995 -3065.415527 102.270996
202.063995 -3115.415527 102.270996
182.270996 -3065.415527 122.064003
182.270996 -3115.415527 122.064003
167.379013 -3065.415527 145.764999
167.379013 -3115.415527 145.764999
158.134003 -3065.415527 172.184998
158.134003 -3115.415527 172.184998
155.000000 -3065.415527 200.000000
155.000000 -3115.415527 200.000000
125.000000 -3115.415527 200.000000
125.000000 -3065.415527 200.000000
121.866005 -3065.415527 172.184998
121.866005 -3115.415527 172.184998
112.621002 -3065.415527 145.764999
112.621002 -3115.415527 145.764999
97.728996 -3065.415527 122.064003
97.728996 -3115.415527 122.064003
77.936005 -3065.415527 102.270996
77.936005 -3115.415527 102.270996
54.235001 -3065.415527 87.378998
54.235001 -3115.415527 87.378998
27.814999 -3065.415527 78.134003
27.814999 -3115.415527 78.134003
0.000000 -3065.415527 75.000000
0.000000 -3115.415527 75.000000
-27.814999 -3065.415527 78.134003
-27.814999 -3115.415527 78.134003
-54.235001 -3065.415527 87.378998
-54.235001 -3115.415527 87.378998
-77.936005 -3065.415527 102.270996
-77.936005 -3115.415527 102.270996
-97.728996 -3065.415527 122.064003
-97.728996 -3115.415527 122.064003
-112.621002 -3065.415527 145.764999
-112.621002 -3115.415527 145.764999
-121.866005 -3065.415527 172.184998
-121.866005 -3115.415527 172.184998
-125.000000 -3065.415527 200.000000
-125.000000 -3115.415527 200.000000
-155.000000 -3115.415527 200.000000
-155.000000 -3065.415527 200.000000
-158.134003 -3065.415527 172.184998
-158.134003 -3115.415527 172.184998
-167.379013 -3065.415527 145.764999
-167.379013 -3115.415527 145.764999
-182.270996 -3065.415527 122.064003
-182.270996 -3115.415527 122.064003
-202.063995 -3065.415527 102.270996
-202.063995 -3115.415527 102.270996
-225.764999 -3065.415527 87.378998
-225.764999 -3115.415527 87.378998
-252.184982 -3065.415527 78.134003
-252.184982 -3115.415527 78.134003
-280.000000 -3065.415527 75.000000
-280.000000 -3115.415527 75.000000
-307.814972 -3065.415527 78.134003
-307.814972 -3115.415527 78.134003
-334.235016 -3065.415527 87.378998
-334.235016 -3115.415527 87.378998
-357.936005 -3065.415527 102.270996
-357.936005 -3115.415527 102.270996
-377.729004 -3065.415527 122.064003
-377.729004 -3115.415527 122.064003
-392.621002 -3065.415527 145.764999
-392.621002 -3115.415527 145.764999
-401.865997 -3065.415527 172.184998
-401.865997 -3115.415527 172.184998
-405.000000 -3065.415527 200.000000
-405.000000 -3115.415527 200.000000
-435.000000 -3115.415527 200.000000
-435.000000 -3065.415527 200.000000
-438.134003 -3065.415527 172.184998
-438.134003 -3115.415527 172.184998
-447.378998 -3065.415527 145.764999
-447.378998 -3115.415527 145.764999
-462.270996 -3065.415527 122.064003
-462.270996 -3115.415527 122.064003
-482.063995 -3065.415527 102.270996
-482.063995 -3115.415527 102.270996
-505.765015 -3065.415527 87.378998
-505.765015 -3115.415527 87.378998
-532.184998 -3065.415527 78.134003
-532.184998 -3115.415527 78.134003
-560.000000 -3065.415527 75.000000
-560.000000 -3115.415527 75.000000
-587.815002 -3065.415527 78.134003
-587.815002 -3115.415527 78.134003
-614.234985 -3065.415527 87.378998
-614.234985 -3115.415527 87.378998
-637.935974 -3065.415527 102.270996
-637.935974 -3115.415527 102.270996
-657.729004 -3065.415527 122.064003
-657.729004 -3115.415527 122.064003
-672.621033 -3065.415527 145.764999
-672.621033 -3115.415527 145.764999
-681.865967 -3065.415527 172.184998
-681.865967 -3115.415527 172.184998
-685.000000 -3065.415527 200.000000
-685.000000 -3115.415527 200.000000
0
468
76 54
5 54
5 52
22 52
80 5
82 5
82 108
84 108
16 5
18 5
46 32
48 32
48 30
50 30
5 14
5 12
7 12
20 5
5 22
50 28
50 26
52 26
24 52
32 44
32 42
34 42
34 40
36 40
108 5
110 5
112 5
112 138
114 138
114 136
116 136
60 74
62 74
62 72
64 72
64 70
66 70
84 106
84 104
86 104
138 5
140 5
142 5
142 2
144 2
74 58
118 136
118 134
120 134
120 132
122 132
122 130
124 130
88 104
90 104
92 104
92 102
94 102
94 100
96 100
5 78
76 5
146 2
148 2
150 2
74 56
54 74
7 10
3 154
2 154
152 2
126 130
85 107
85 109
83 109
83 111
0 111
0 113
143 113
29 49
29 51
27 51
27 53
0 53
83 0
47 29
45 29
45 31
43 31
43 33
41 33
41 35
38 35
83 53
81 53
79 53
79 55
77 55
147 0
0 143
145 0
117 135
117 137
115 137
115 139
113 139
141 113
77 57
77 59
77 61
75 61
75 63
73 63
71 63
71 65
68 65
27 0
25 0
23 0
23 4
21 4
19 4
17 4
15 4
6 11
4 11
13 4
103 93
101 93
101 95
98 95
93 105
91 105
89 105
155 1
153 1
153 0
0 149
151 0
133 117
133 119
131 119
87 105
105 85
131 121
131 123
131 125
128 125
156 3
157 3
1 157
157 155
156 157
156 155
154 156
155 153
154 155
154 153
152 154
153 151
152 153
152 151
150 152
151 149
150 151
150 149
148 150
149 147
148 149
148 147
146 148
147 145
146 147
146 145
144 146
145 143
144 145
144 143
142 144
143 141
142 143
142 141
140 142
141 139
140 141
140 139
138 140
139 137
138 139
138 137
136 138
137 135
136 137
136 135
134 136
135 133
134 135
134 133
132 134
133 131
132 133
132 131
130 132
131 128
130 131
130 128
129 130
126 129
129 128
127 129
128 127
127 125
126 127
126 125
124 126
125 123
124 125
124 123
122 124
123 121
122 123
122 121
120 122
121 119
120 121
120 119
118 120
119 117
118 119
118 117
116 118
117 115
116 117
116 115
114 116
115 113
114 115
114 113
112 114
113 111
112 113
112 111
110 112
111 109
110 111
110 109
108 110
109 107
108 109
108 107
106 108
107 105
106 107
106 105
104 106
105 103
104 105
104 103
102 104
103 101
102 103
102 101
100 102
101 98
100 101
100 98
99 100
96 99
99 98
97 99
98 97
97 95
96 97
96 95
94 96
95 93
94 95
94 93
92 94
93 91
92 93
92 91
90 92
91 89
90 91
90 89
88 90
89 87
88 89
88 87
86 88
87 85
86 87
86 85
84 86
85 83
84 85
84 83
82 84
83 81
82 83
82 81
80 82
81 79
80 81
80 79
78 80
79 77
78 79
78 77
76 78
77 75
76 77
76 75
74 76
75 73
74 75
74 73
72 74
73 71
72 73
72 71
70 72
71 68
70 71
70 68
69 70
66 69
69 68
67 69
68 67
67 65
66 67
66 65
64 66
65 63
64 65
64 63
62 64
63 61
62 63
62 61
60 62
61 59
60 61
60 59
58 60
59 57
58 59
58 57
56 58
57 55
56 57
56 55
54 56
55 53
54 55
54 53
52 54
53 51
52 53
52 51
50 52
51 49
50 51
50 49
48 50
49 47
48 49
48 47
46 48
47 45
46 47
46 45
44 46
45 43
44 45
44 43
42 44
43 41
42 43
42 41
40 42
41 38
40 41
40 38
39 40
36 39
39 38
37 39
38 37
37 35
36 37
36 35
34 36
35 33
34 35
34 33
32 34
33 31
32 33
32 31
30 32
31 29
30 31
30 29
28 30
29 27
28 29
28 27
26 28
27 25
26 27
26 25
24 26
25 23
24 25
24 23
22 24
23 21
22 23
22 21
20 22
21 19
20 21
20 19
18 20
19 17
18 19
18 17
16 18
17 15
16 17
16 15
14 16
15 13
14 15
14 13
12 14
13 11
12 13
12 11
10 12
11 8
10 11
10 8
9 10
7 9
9 8
6 9
8 6
5 7
7 6
4 7
6 4
2 5
5 4
0 5
4 0
3 2
1 3
2 0
1 2
0 1
312
3 -1 -319 -71
3 -2 -66 1
3 -3 2 -363
3 -4 -19 3
3 -423 4 -23
3 -5 -311 -65
3 -6 -307 5
3 -7 6 -29
3 -8 -303 7
3 -42 8 -255
3 -9 -439 -15
3 -10 -435 9
3 -431 10 -18
3 -11 -379 -24
3 -12 -375 11
3 -13 12 -407
3 -14 -371 13
3 -20 14 -411
3 -16 15 -443
3 -17 -456 16
3 -72 17 -447
3 19 -427 18
3 -21 20 -415
3 -22 -367 21
3 23 22 -419
3 -25 24 -383
3 -26 -403 25
3 -27 26 -387
3 -28 -399 27
3 -392 28 -391
3 -30 -251 29
3 -31 -247 30
3 -32 31 -45
3 -33 -243 32
3 -34 33 -195
3 -35 -239 34
3 -235 35 -51
3 -36 -351 -50
3 -37 -347 36
3 -38 37 -323
3 -39 -343 38
3 -40 39 -327
3 -41 -339 40
3 -332 41 -331
3 -43 42 -259
3 -44 -299 43
3 -295 44 -58
3 -46 -191 45
3 -47 -187 46
3 -48 47 -460
3 -49 -183 48
3 -179 49 -67
3 -70 50 -355
3 -52 51 -199
3 -53 -231 52
3 -54 53 -203
3 -55 -227 54
3 -56 55 -207
3 -57 -223 56
3 -219 57 -76
3 -59 -291 58
3 -60 -287 59
3 -61 60 -263
3 -62 -283 61
3 -63 62 -267
3 -64 -279 63
3 -272 64 -271
3 -315 66 65
3 -68 -175 67
3 -69 -171 68
3 -167 69 -75
3 -359 71 70
3 -451 -452 72
3 -73 -153 -159
3 -74 -464 73
3 75 74 -163
3 -211 -212 76
3 -77 -148 -256
3 -78 77 -252
3 -79 -300 78
3 -80 79 -248
3 -81 -89 80
3 -82 81 -244
3 -83 -104 82
3 -184 83 -111
3 -84 -90 -372
3 -85 84 -368
3 -86 -412 85
3 -87 86 -364
3 -88 -121 87
3 89 88 -98
3 -91 -376 90
3 -92 91 -408
3 -93 -380 92
3 -94 93 -404
3 -95 -384 94
3 -96 95 -400
3 -97 -388 96
3 -395 97 -396
3 -99 -304 98
3 -100 -308 99
3 -101 100 -360
3 -102 -312 101
3 -112 102 -356
3 -103 -172 -142
3 -105 -176 103
3 -180 105 104
3 -106 -144 -200
3 -107 106 -196
3 -108 -236 107
3 -109 108 -192
3 -110 -240 109
3 111 110 -188
3 -113 112 -352
3 -114 113 -348
3 -115 -316 114
3 -116 115 -344
3 -117 -320 116
3 -324 117 -118
3 -119 118 -340
3 -120 -328 119
3 -335 120 -336
3 -122 -416 121
3 -123 -420 122
3 -124 123 -463
3 -125 -424 124
3 -428 125 -126
3 -127 -432 126
3 -128 -436 127
3 -440 128 -131
3 -129 -455 -448
3 -130 -459 129
3 131 130 -444
3 -132 -260 -136
3 -133 -264 132
3 -134 133 -280
3 -135 -268 134
3 -275 135 -276
3 -137 -284 136
3 -138 -288 137
3 -292 138 -147
3 -139 -156 -155
3 -140 -160 139
3 -141 140 -468
3 -143 -164 141
3 -168 143 142
3 -145 144 -232
3 -146 -204 145
3 -149 146 -228
3 148 -296 147
3 -150 149 -224
3 -151 150 -220
3 -152 -208 151
3 -215 152 -216
3 -154 -157 153
3 155 154 -465
3 -158 157 156
3 -161 159 158
3 -162 161 160
3 -165 163 162
3 -166 165 164
3 -169 167 166
3 -170 169 168
3 -173 171 170
3 -174 173 172
3 -177 175 174
3 -178 177 176
3 -181 179 178
3 -182 181 180
3 -185 183 182
3 -186 185 184
3 -189 187 186
3 -190 189 188
3 -193 191 190
3 -194 193 192
3 -197 195 194
3 -198 197 196
3 -201 199 198
3 -202 201 200
3 -205 203 202
3 -206 205 204
3 -209 207 206
3 -210 209 208
3 -213 211 210
3 -214 -217 212
3 215 214 213
3 -218 217 216
3 -221 219 218
3 -222 221 220
3 -225 223 222
3 -226 225 224
3 -229 227 226
3 -230 229 228
3 -233 231 230
3 -234 233 232
3 -237 235 234
3 -238 237 236
3 -241 239 238
3 -242 241 240
3 -245 243 242
3 -246 245 244
3 -249 247 246
3 -250 249 248
3 -253 251 250
3 -254 253 252
3 -257 255 254
3 -258 257 256
3 -261 259 258
3 -262 261 260
3 -265 263 262
3 -266 265 264
3 -269 267 266
3 -270 269 268
3 -273 271 270
3 -274 -277 272
3 275 274 273
3 -278 277 276
3 -281 279 278
3 -282 281 280
3 -285 283 282
3 -286 285 284
3 -289 287 286
3 -290 289 288
3 -293 291 290
3 -294 293 292
3 -297 295 294
3 -298 297 296
3 -301 299 298
3 -302 301 300
3 -305 303 302
3 -306 305 304
3 -309 307 306
3 -310 309 308
3 -313 311 310
3 -314 313 312
3 -317 315 314
3 -318 317 316
3 -321 319 318
3 -322 321 320
3 -325 323 322
3 -326 325 324
3 -329 327 326
3 -330 329 328
3 -333 331 330
3 -334 -337 332
3 335 334 333
3 -338 337 336
3 -341 339 338
3 -342 341 340
3 -345 343 342
3 -346 345 344
3 -349 347 346
3 -350 349 348
3 -353 351 350
3 -354 353 352
3 -357 355 354
3 -358 357 356
3 -361 359 358
3 -362 361 360
3 -365 363 362
3 -366 365 364
3 -369 367 366
3 -370 369 368
3 -373 371 370
3 -374 373 372
3 -377 375 374
3 -378 377 376
3 -381 379 378
3 -382 381 380
3 -385 383 382
3 -386 385 384
3 -389 387 386
3 -390 389 388
3 -393 391 390
3 -394 -397 392
3 395 394 393
3 -398 397 396
3 -401 399 398
3 -402 401 400
3 -405 403 402
3 -406 405 404
3 -409 407 406
3 -410 409 408
3 -413 411 410
3 -414 413 412
3 -417 415 414
3 -418 417 416
3 -421 419 418
3 -422 421 420
3 -425 423 422
3 -426 425 424
3 -429 427 426
3 -430 429 428
3 -433 431 430
3 -434 433 432
3 -437 435 434
3 -438 437 436
3 -441 439 438
3 -442 441 440
3 -445 443 442
3 -446 445 444
3 -449 447 446
3 -450 449 448
3 -453 451 450
3 -454 -457 452
3 455 454 453
3 -458 -461 456
3 459 458 457
3 -462 -466 460
3 463 462 461
3 -467 465 464
3 468 467 466
0
0
30
*
158
-685.000000 -49.999985 200.000000
-685.000000 0.000015 200.000000
-681.865967 -49.999989 172.184998
-681.865967 0.000013 172.184998
-672.621033 -49.999989 145.764999
-672.621033 0.000011 145.764999
-657.729004 -49.999992 122.064003
-657.729004 0.000009 122.064003
-637.935974 -49.999992 102.270996
-637.935974 0.000008 102.270996
-614.234985 -49.999992 87.378998
-614.234985 0.000007 87.378998
-587.815002 -49.999992 78.134003
-587.815002 0.000006 78.134003
-560.000000 -49.999996 75.000000
-560.000000 0.000006 75.000000
-532.184998 -49.999992 78.134003
-532.184998 0.000006 78.134003
-505.765015 -49.999992 87.378998
-505.765015 0.000007 87.378998
-482.063995 -49.999992 102.270996
-482.063995 0.000008 102.270996
-462.270996 -49.999992 122.064003
-462.270996 0.000009 122.064003
-447.378998 -49.999989 145.764999
-447.378998 0.000011 145.764999
-438.134003 -49.999989 172.184998
-438.134003 0.000013 172.184998
-435.000000 0.000015 200.000000
-435.000000 -49.999985 200.000000
-405.000000 -49.999985 200.000000
-405.000000 0.000015 200.000000
-401.865997 -49.999989 172.184998
-401.865997 0.000013 172.184998
-392.621002 -49.999989 145.764999
-392.621002 0.000011 145.764999
-377.729004 -49.999992 122.064003
-377.729004 0.000009 122.064003
-357.936005 -49.999992 102.270996
-357.936005 0.000008 102.270996
-334.235016 -49.999992 87.378998
-334.235016 0.000007 87.378998
-307.814972 -49.999992 78.134003
-307.814972 0.000006 78.134003
-280.000000 -49.999996 75.000000
-280.000000 0.000006 75.000000
-252.184982 -49.999992 78.134003
-252.184982 0.000006 78.134003
-225.764999 -49.999992 87.378998
-225.764999 0.000007 87.378998
-202.063995 -49.999992 102.270996
-202.063995 0.000008 102.270996
-182.270996 -49.999992 122.064003
-182.270996 0.000009 122.064003
-167.379013 -49.999989 145.764999
-167.379013 0.000011 145.764999
-158.134003 -49.999989 172.184998
-158.134003 0.000013 172.184998
-155.000000 0.000015 200.000000
-155.000000 -49.999985 200.000000
-125.000000 -49.999985 200.000000
-125.000000 0.000015 200.000000
-121.866005 -49.999989 172.184998
-121.866005 0.000013 172.184998
-112.621002 -49.999989 145.764999
-112.621002 0.000011 145.764999
-97.728996 -49.999992 122.064003
-97.728996 0.000009 122.064003
-77.936005 -49.999992 102.270996
-77.936005 0.000008 102.270996
-54.235001 -49.999992 87.378998
-54.235001 0.000007 87.378998
-27.814999 -49.999992 78.134003
-27.814999 0.000006 78.134003
0.000000 -49.999996 75.000000
0.000000 0.000006 75.000000
27.814999 -49.999992 78.134003
27.814999 0.000006 78.134003
54.235001 -49.999992 87.378998
54.235001 0.000007 87.378998
77.936005 -49.999992 102.270996
77.936005 0.000008 102.270996
97.728996 -49.999992 122.064003
97.728996 0.000009 122.064003
112.621002 -49.999989 145.764999
112.621002 0.000011 145.764999
121.866005 -49.999989 172.184998
121.866005 0.000013 172.184998
125.000000 0.000015 200.000000
125.000000 -49.999985 200.000000
155.000000 -49.999985 200.000000
155.000000 0.000015 200.000000
158.134003 -49.999989 172.184998
158.134003 0.000013 172.184998
167.379013 -49.999989 145.764999
167.379013 0.000011 145.764999
182.270996 -49.999992 122.064003
182.270996 0.000009 122.064003
202.063995 -49.999992 102.270996
202.063995 0.000008 102.270996
225.764999 -49.999992 87.378998
225.764999 0.000007 87.378998
252.184982 -49.999992 78.134003
252.184982 0.000006 78.134003
280.000000 -49.999996 75.000000
280.000000 0.000006 75.000000
307.814972 -49.999992 78.134003
307.814972 0.000006 78.134003
334.235016 -49.999992 87.378998
334.235016 0.000007 87.378998
357.936005 -49.999992 102.270996
357.936005 0.000008 102.270996
377.729004 -49.999992 122.064003
377.729004 0.000009 122.064003
392.621002 -49.999989 145.764999
392.621002 0.000011 145.764999
401.865997 -49.999989 172.184998
401.865997 0.000013 172.184998
405.000000 0.000015 200.000000
405.000000 -49.999985 200.000000
435.000000 -49.999985 200.000000
435.000000 0.000015 200.000000
438.134003 -49.999989 172.184998
438.134003 0.000013 172.184998
447.378998 -49.999989 145.764999
447.378998 0.000011 145.764999
462.270996 -49.999992 122.064003
462.270996 0.000009 122.064003
482.063995 -49.999992 102.270996
482.063995 0.000008 102.270996
505.765015 -49.999992 87.378998
505.765015 0.000007 87.378998
532.184998 -49.999992 78.134003
532.184998 0.000006 78.134003
560.000000 -49.999996 75.000000
560.000000 0.000006 75.000000
587.815002 -49.999992 78.134003
587.815002 0.000006 78.134003
614.234985 -49.999992 87.378998
614.234985 0.000007 87.378998
637.935974 -49.999992 102.270996
637.935974 0.000008 102.270996
657.729004 -49.999992 122.064003
657.729004 0.000009 122.064003
672.621033 -49.999989 145.764999
672.621033 0.000011 145.764999
681.865967 -49.999989 172.184998
681.865967 0.000013 172.184998
685.000000 0.000015 200.000000
685.000000 -49.999985 200.000000
725.000000 0.000015 200.000000
725.000000 -49.999985 200.000000
725.000000 0.000000 0.000000
725.000000 -50.000000 0.000004
-725.000000 0.000015 200.000000
-725.000000 0.000000 0.000000
-725.000000 -49.999985 200.000000
-725.000000 -50.000000 0.000004
0
468
157 156
156 155
155 157
156 154
154 155
153 157
157 152
152 153
155 152
151 153
153 150
150 151
152 150
149 151
151 148
148 149
150 148
148 147
147 149
147 146
146 149
147 145
145 146
145 144
144 146
145 143
143 144
143 142
142 144
143 141
141 142
141 140
140 142
141 139
139 140
139 138
138 140
139 137
137 138
137 136
136 138
137 135
135 136
135 134
134 136
135 133
133 134
133 132
132 134
133 131
131 132
131 130
130 132
131 129
129 130
129 128
128 130
129 127
127 128
127 126
126 128
127 125
125 126
125 124
124 126
125 123
123 124
123 122
122 124
123 121
121 122
121 120
120 122
119 120
120 118
118 119
121 118
118 117
117 119
117 116
116 119
117 115
115 116
115 114
114 116
115 113
113 114
113 112
112 114
113 111
111 112
111 110
110 112
111 109
109 110
109 108
108 110
109 107
107 108
107 106
106 108
107 105
105 106
105 104
104 106
105 103
103 104
103 102
102 104
103 101
101 102
101 100
100 102
101 99
99 100
99 98
98 100
99 97
97 98
97 96
96 98
97 95
95 96
95 94
94 96
95 93
93 94
93 92
92 94
93 91
91 92
91 90
90 92
89 90
90 88
88 89
91 88
88 87
87 89
87 86
86 89
87 85
85 86
85 84
84 86
85 83
83 84
83 82
82 84
83 81
81 82
81 80
80 82
81 79
79 80
79 78
78 80
79 77
77 78
77 76
76 78
77 75
75 76
75 74
74 76
75 73
73 74
73 72
72 74
73 71
71 72
71 70
70 72
71 69
69 70
69 68
68 70
69 67
67 68
67 66
66 68
67 65
65 66
65 64
64 66
65 63
63 64
63 62
62 64
63 61
61 62
61 60
60 62
59 60
60 58
58 59
61 58
58 57
57 59
57 56
56 59
57 55
55 56
55 54
54 56
55 53
53 54
53 52
52 54
53 51
51 52
51 50
50 52
51 49
49 50
49 48
48 50
49 47
47 48
47 46
46 48
47 45
45 46
45 44
44 46
45 43
43 44
43 42
42 44
43 41
41 42
41 40
40 42
41 39
39 40
39 38
38 40
39 37
37 38
37 36
36 38
37 35
35 36
35 34
34 36
35 33
33 34
33 32
32 34
33 31
31 32
31 30
30 32
29 30
30 28
28 29
31 28
28 27
27 29
27 26
26 29
27 25
25 26
25 24
24 26
25 23
23 24
23 22
22 24
23 21
21 22
21 20
20 22
21 19
19 20
19 18
18 20
19 17
17 18
17 16
16 18
17 15
15 16
15 14
14 16
15 13
13 14
13 12
12 14
13 11
11 12
11 10
10 12
11 9
9 10
9 8
8 10
9 7
7 8
7 6
6 8
7 5
5 6
5 4
4 6
5 3
3 4
3 2
2 4
3 1
1 2
1 0
0 2
156 0
0 154
1 154
29 32
26 32
26 34
26 36
52 72
70 52
26 38
24 38
24 40
6 157
157 8
4 157
4 156
2 156
68 52
66 52
64 52
59 62
56 62
56 64
54 64
144 153
153 146
151 146
142 153
140 153
138 153
136 153
134 153
134 157
132 157
130 157
89 92
86 92
86 94
84 94
82 94
82 96
80 96
80 98
80 100
16 44
44 18
42 18
42 20
40 20
40 22
12 157
157 14
10 157
80 102
78 102
78 104
76 104
74 104
119 122
116 122
116 124
114 124
114 126
112 126
112 128
110 128
74 157
157 104
130 104
130 106
128 106
128 108
14 44
157 44
157 46
74 46
74 48
72 48
72 50
31 27
5 155
155 3
154 3
150 147
103 83
83 101
7 155
9 155
11 155
81 152
152 79
61 57
63 57
63 55
65 55
65 53
67 53
69 53
33 27
35 27
35 25
37 25
37 23
39 23
39 21
83 99
13 155
15 155
15 152
17 152
19 152
71 53
73 53
73 51
91 87
93 87
93 85
95 85
95 83
97 83
41 21
43 21
43 19
45 19
45 152
47 152
49 152
121 117
123 117
123 115
125 115
125 113
133 105
105 131
107 131
107 129
152 135
137 152
150 145
152 145
152 143
107 127
109 127
109 125
111 125
139 152
141 152
73 49
75 49
75 152
77 152
135 105
152 105
152 103
81 103
312
3 1 2 3
3 -2 4 5
3 6 7 8
3 -7 -3 9
3 10 11 12
3 -11 -8 13
3 14 15 16
3 -15 -12 17
3 -16 18 19
3 -19 20 21
3 -20 22 23
3 -23 24 25
3 -24 26 27
3 -27 28 29
3 -28 30 31
3 -31 32 33
3 -32 34 35
3 -35 36 37
3 -36 38 39
3 -39 40 41
3 -40 42 43
3 -43 44 45
3 -44 46 47
3 -47 48 49
3 -48 50 51
3 -51 52 53
3 -52 54 55
3 -55 56 57
3 -56 58 59
3 -59 60 61
3 -60 62 63
3 -63 64 65
3 -64 66 67
3 -67 68 69
3 -68 70 71
3 -71 72 73
3 74 75 76
3 -75 -72 77
3 -76 78 79
3 -79 80 81
3 -80 82 83
3 -83 84 85
3 -84 86 87
3 -87 88 89
3 -88 90 91
3 -91 92 93
3 -92 94 95
3 -95 96 97
3 -96 98 99
3 -99 100 101
3 -100 102 103
3 -103 104 105
3 -104 106 107
3 -107 108 109
3 -108 110 111
3 -111 112 113
3 -112 114 115
3 -115 116 117
3 -116 118 119
3 -119 120 121
3 -120 122 123
3 -123 124 125
3 -124 126 127
3 -127 128 129
3 -128 130 131
3 -131 132 133
3 134 135 136
3 -135 -132 137
3 -136 138 139
3 -139 140 141
3 -140 142 143
3 -143 144 145
3 -144 146 147
3 -147 148 149
3 -148 150 151
3 -151 152 153
3 -152 154 155
3 -155 156 157
3 -156 158 159
3 -159 160 161
3 -160 162 163
3 -163 164 165
3 -164 166 167
3 -167 168 169
3 -168 170 171
3 -171 172 173
3 -172 174 175
3 -175 176 177
3 -176 178 179
3 -179 180 181
3 -180 182 183
3 -183 184 185
3 -184 186 187
3 -187 188 189
3 -188 190 191
3 -191 192 193
3 194 195 196
3 -195 -192 197
3 -196 198 199
3 -199 200 201
3 -200 202 203
3 -203 204 205
3 -204 206 207
3 -207 208 209
3 -208 210 211
3 -211 212 213
3 -212 214 215
3 -215 216 217
3 -216 218 219
3 -219 220 221
3 -220 222 223
3 -223 224 225
3 -224 226 227
3 -227 228 229
3 -228 230 231
3 -231 232 233
3 -232 234 235
3 -235 236 237
3 -236 238 239
3 -239 240 241
3 -240 242 243
3 -243 244 245
3 -244 246 247
3 -247 248 249
3 -248 250 251
3 -251 252 253
3 254 255 256
3 -255 -252 257
3 -256 258 259
3 -259 260 261
3 -260 262 263
3 -263 264 265
3 -264 266 267
3 -267 268 269
3 -268 270 271
3 -271 272 273
3 -272 274 275
3 -275 276 277
3 -276 278 279
3 -279 280 281
3 -280 282 283
3 -283 284 285
3 -284 286 287
3 -287 288 289
3 -288 290 291
3 -291 292 293
3 -292 294 295
3 -295 296 297
3 -296 298 299
3 -299 300 301
3 -300 302 303
3 -303 304 305
3 -304 306 307
3 -307 308 309
3 -308 310 311
3 -311 312 313
3 314 315 -4
3 -315 -312 316
3 -254 317 -253
3 -317 -261 318
3 -318 319 -249
3 -319 320 -245
3 321 -173 322
3 -320 323 -241
3 -323 -265 324
3 -324 325 -237
3 -301 326 327
3 -326 -305 328
3 -328 329 -1
3 -329 -309 330
3 -330 -313 -314
3 -177 331 -322
3 -331 -181 332
3 -332 -185 333
3 -194 334 -193
3 -334 -201 335
3 -335 336 -189
3 -336 -205 337
3 -337 -209 -333
3 338 339 -25
3 -339 -10 340
3 -340 -14 -21
3 -29 341 -338
3 -341 -33 342
3 -342 -37 343
3 -41 344 -343
3 -344 -45 345
3 -345 346 -6
3 -346 -49 347
3 -347 -53 348
3 -134 349 -133
3 -349 -141 350
3 -350 351 -129
3 -145 352 -351
3 -352 -149 353
3 -353 354 -125
3 -354 -153 355
3 -355 356 -121
3 -356 357 -117
3 358 359 -281
3 -359 -229 360
3 -360 361 -277
3 -361 -233 362
3 -362 363 -273
3 -363 -325 -269
3 -289 364 365
3 -364 -293 366
3 -366 -297 -327
3 -357 367 -113
3 -367 -157 368
3 -368 369 -109
3 -369 -161 370
3 -370 -165 371
3 -74 372 -73
3 -372 -81 373
3 -373 374 -69
3 -374 -85 375
3 -375 376 -65
3 -376 -89 377
3 -377 378 -61
3 -378 -93 379
3 380 381 -371
3 -381 -348 382
3 -382 383 -105
3 -383 -57 384
3 -384 385 -101
3 -385 -379 -97
3 -285 386 -358
3 -386 -365 387
3 -387 388 -225
3 -388 -380 389
3 -389 390 -221
3 -390 -169 391
3 -391 392 -217
3 -392 -321 -213
3 -258 -257 393
3 394 395 -306
3 -395 -5 396
3 -396 -316 -310
3 -18 -17 397
3 -110 398 399
3 -302 400 -394
3 -400 -298 401
3 -401 -294 402
3 -154 403 404
3 -197 405 -198
3 -405 -190 406
3 -406 407 -202
3 -407 -186 408
3 -408 409 -206
3 -409 -182 410
3 -410 -178 411
3 -250 412 -393
3 -412 -246 413
3 -413 414 -262
3 -414 -242 415
3 -415 416 -266
3 -416 -238 417
3 -417 418 -270
3 -399 419 -114
3 -290 420 -402
3 -420 -286 421
3 -421 422 -9
3 -422 -282 423
3 -423 -278 424
3 -174 425 -411
3 -425 -170 426
3 -426 427 -210
3 -137 428 -138
3 -428 -130 429
3 -429 430 -142
3 -430 -126 431
3 -431 432 -146
3 -432 -122 433
3 -433 -118 -419
3 -234 434 -418
3 -434 -230 435
3 -435 436 -274
3 -436 -226 437
3 -437 438 -424
3 -438 -222 439
3 -439 -218 440
3 -77 441 -78
3 -441 -70 442
3 -442 443 -82
3 -443 -66 444
3 -444 445 -86
3 446 447 -50
3 -447 -102 448
3 -448 449 -54
3 450 -42 451
3 -397 452 -22
3 -452 -13 453
3 -453 454 -26
3 -449 455 -58
3 -455 -98 456
3 -456 457 -62
3 -457 -94 458
3 -458 -90 -445
3 -38 459 -451
3 -459 -34 460
3 -460 -30 -454
3 -427 461 -214
3 -461 -166 462
3 -462 463 -440
3 -463 -162 464
3 -464 -158 -404
3 -46 465 -446
3 -465 -450 466
3 -466 467 -106
3 -467 -403 468
3 -468 -150 -398
0
0
