12
0
0
0
1
5
*
58
600.000000 0.000000 0.000000
600.000000 350.000000 -0.000026
600.000000 0.000008 100.000000
600.000000 350.000000 99.999977
450.000000 0.000008 100.000000
450.000000 350.000000 99.999977
450.000000 0.000106 1400.000000
450.000000 350.000092 1400.000000
350.000000 350.000092 1400.000000
350.000000 0.000106 1400.000000
345.691010 350.000092 1345.247925
345.691010 0.000102 1345.247925
332.869995 350.000092 1291.843994
332.869995 0.000098 1291.843994
311.852020 350.000092 1241.103027
311.852020 0.000094 1241.103027
283.156006 350.000092 1194.275024
283.156006 0.000090 1194.275024
247.487000 350.000092 1152.513062
247.487000 0.000087 1152.513062
205.725006 350.000092 1116.844116
205.725006 0.000084 1116.844116
158.897003 350.000092 1088.147949
158.897003 0.000082 1088.147949
108.156006 350.000092 1067.130005
108.156006 0.000081 1067.130005
54.751999 350.000092 1054.308960
54.751999 0.000080 1054.308960
0.000000 350.000092 1050.000000
0.000000 0.000079 1050.000000
-54.751999 350.000092 1054.308960
-54.751999 0.000080 1054.308960
-108.156006 350.000092 1067.130005
-108.156006 0.000081 1067.130005
-158.897003 350.000092 1088.147949
-158.897003 0.000082 1088.147949
-205.725006 350.000092 1116.844116
-205.725006 0.000084 1116.844116
-247.487000 350.000092 1152.513062
-247.487000 0.000087 1152.513062
-283.156006 350.000092 1194.275024
-283.156006 0.000090 1194.275024
-311.852020 350.000092 1241.103027
-311.852020 0.000094 1241.103027
-332.869995 350.000092 1291.843994
-332.869995 0.000098 1291.843994
-345.691010 350.000092 1345.247925
-345.691010 0.000102 1345.247925
-350.000000 0.000106 1400.000000
-350.000000 350.000092 1400.000000
-450.000000 0.000106 1400.000000
-450.000000 350.000092 1400.000000
-450.000000 0.000008 100.000000
-450.000000 350.000000 99.999977
-600.000000 0.000000 0.000000
-600.000000 0.000008 100.000000
-600.000000 350.000000 -0.000026
-600.000000 350.000000 99.999977
0
168
57 56
56 55
55 57
56 54
54 55
53 57
57 52
52 53
55 52
51 53
53 50
50 51
52 50
49 51
51 48
48 49
50 48
48 47
47 49
47 46
46 49
47 45
45 46
45 44
44 46
45 43
43 44
43 42
42 44
43 41
41 42
41 40
40 42
41 39
39 40
39 38
38 40
39 37
37 38
37 36
36 38
37 35
35 36
35 34
34 36
35 33
33 34
33 32
32 34
33 31
31 32
31 30
30 32
31 29
29 30
29 28
28 30
29 27
27 28
27 26
26 28
27 25
25 26
25 24
24 26
25 23
23 24
23 22
22 24
23 21
21 22
21 20
20 22
21 19
19 20
19 18
18 20
19 17
17 18
17 16
16 18
17 15
15 16
15 14
14 16
15 13
13 14
13 12
12 14
13 11
11 12
11 10
10 12
11 9
9 10
9 8
8 10
7 8
8 6
6 7
9 6
5 7
7 4
4 5
6 4
3 5
5 2
2 3
4 2
1 3
3 0
0 1
2 0
56 1
1 54
0 54
1 5
7 10
5 14
14 7
12 7
46 51
44 51
44 53
42 53
40 53
38 53
36 53
34 53
32 53
30 53
28 53
57 1
53 1
53 5
28 5
26 5
24 5
22 5
20 5
18 5
16 5
54 52
50 47
11 6
13 6
13 4
15 4
17 4
25 4
4 23
27 4
2 54
4 54
4 52
27 52
29 52
31 52
33 52
19 4
21 4
35 52
37 52
39 52
41 52
43 52
43 50
45 50
112
3 1 2 3
3 -2 4 5
3 6 7 8
3 -7 -3 9
3 10 11 12
3 -11 -8 13
3 14 15 16
3 -15 -12 17
3 -16 18 19
3 -19 20 21
3 -20 22 23
3 -23 24 25
3 -24 26 27
3 -27 28 29
3 -28 30 31
3 -31 32 33
3 -32 34 35
3 -35 36 37
3 -36 38 39
3 -39 40 41
3 -40 42 43
3 -43 44 45
3 -44 46 47
3 -47 48 49
3 -48 50 51
3 -51 52 53
3 -52 54 55
3 -55 56 57
3 -56 58 59
3 -59 60 61
3 -60 62 63
3 -63 64 65
3 -64 66 67
3 -67 68 69
3 -68 70 71
3 -71 72 73
3 -72 74 75
3 -75 76 77
3 -76 78 79
3 -79 80 81
3 -80 82 83
3 -83 84 85
3 -84 86 87
3 -87 88 89
3 -88 90 91
3 -91 92 93
3 -92 94 95
3 -95 96 97
3 98 99 100
3 -99 -96 101
3 102 103 104
3 -103 -100 105
3 106 107 108
3 -107 -104 109
3 110 111 112
3 -111 -108 113
3 114 115 -4
3 -115 -112 116
3 -106 -110 117
3 -97 -98 118
3 119 120 -102
3 -120 -89 121
3 -121 -93 -118
3 -21 122 -14
3 -122 -25 123
3 -123 124 -10
3 -124 -29 125
3 -125 -33 126
3 -37 127 -126
3 -127 -41 128
3 -128 -45 129
3 -49 130 -129
3 -130 -53 131
3 -131 -57 132
3 -1 133 -114
3 -133 -6 134
3 -134 135 -117
3 -135 -132 136
3 -136 -61 137
3 -65 138 -137
3 -138 -69 139
3 -139 -73 140
3 -77 141 -140
3 -141 -81 142
3 -142 -85 -119
3 -9 -5 143
3 -18 -17 144
3 -94 145 -101
3 -145 -90 146
3 -146 147 -105
3 -147 -86 148
3 -148 -82 149
3 -66 150 151
3 -150 -62 152
3 -113 153 -116
3 -153 -109 154
3 -154 155 -143
3 -155 -152 156
3 -58 157 -156
3 -157 -54 158
3 -158 -50 159
3 -78 160 -149
3 -160 -74 161
3 -161 -70 -151
3 -46 162 -159
3 -162 -42 163
3 -163 -38 164
3 -34 165 -164
3 -165 -30 166
3 -166 167 -13
3 -167 -26 168
3 -168 -22 -144
0
0
