12
0
0
0
1
35
*
132
-3259.092773 6180.312988 0.000000
-7259.092773 6180.313477 0.000000
-7259.093262 4180.313477 0.000000
-3259.093018 4180.312988 0.000000
2169.063477 6243.749512 0.000000
-1830.936523 6243.750488 0.000000
-1830.936890 4243.750488 0.000000
2169.063232 4243.749512 0.000000
7660.719727 6338.811523 0.000000
3660.719727 6338.812012 0.000000
3660.719482 4338.812012 0.000000
7660.719238 4338.811523 0.000000
-4497.091309 15249.250977 0.000000
-8497.091797 15249.250977 0.000000
-8497.091797 13249.250977 0.000000
-4497.091797 13249.250977 0.000000
1312.002319 15280.937500 0.000000
-2687.997803 15280.937500 0.000000
-2687.998047 13280.937500 0.000000
1312.001953 13280.937500 0.000000
7470.283691 15249.249023 0.000000
3470.283447 15249.249023 0.000000
3470.283203 13249.249023 0.000000
7470.283203 13249.249023 0.000000
-18562.845703 -15542.934570 0.000000
37437.250000 10455.056641 0.000000
37437.253906 14455.056641 0.000000
51437.253906 14455.054688 0.000000
51437.250000 10455.054688 0.000000
53435.937500 10455.054688 0.000000
53435.941406 14455.054688 0.000000
65435.941406 14455.052734 0.000000
65435.937500 10455.052734 0.000000
-57559.214844 19457.070313 0.000000
-57559.218750 7533.633789 0.000000
-78562.843750 7533.636719 0.000000
-41566.437500 1952.381226 0.000000
-76566.468750 1952.386597 0.000000
-76566.468750 -3047.613525 0.000000
-41566.437500 -3047.618652 0.000000
21343.529297 -11520.690430 0.000000
-8656.470703 -11520.686523 0.000000
-8656.470703 -12120.686523 0.000000
21343.529297 -12120.690430 0.000000
21343.654297 -9673.502930 0.000000
-8656.344727 -9673.499023 0.000000
-8656.345703 -10273.436523 0.000000
21343.654297 -10273.440430 0.000000
21343.654297 -8102.878418 0.000000
-8656.344727 -8102.873535 0.000000
-8656.344727 -8702.811523 0.000000
21343.654297 -8702.815430 0.000000
21346.560547 -6532.253418 0.000000
-8653.438477 -6532.248535 0.000000
-8653.438477 -7132.248535 0.000000
21346.560547 -7132.253418 0.000000
20950.095703 14559.747070 0.000000
-9049.904297 14559.750977 0.000000
-9049.904297 13959.688477 0.000000
20950.095703 13959.684570 0.000000
21226.500000 5632.184082 0.000000
-8773.499023 5632.188965 0.000000
-8773.499023 5032.188965 0.000000
21226.500000 5032.184082 0.000000
-69543.343750 -16889.802734 0.000000
-29543.408203 -16889.808594 0.000000
-29543.408203 -7889.808105 0.000000
-69543.343750 -7889.801758 0.000000
-78562.843750 -5042.925781 0.000000
-38562.843750 -5042.931641 0.000000
-38562.843750 3957.068359 0.000000
-78562.843750 3957.074463 0.000000
19053.345703 15309.122070 0.000000
15053.345703 15309.123047 0.000000
15053.345703 13309.123047 0.000000
19053.345703 13309.122070 0.000000
13111.939453 15326.060547 0.000000
9111.939453 15326.061523 0.000000
9111.939453 13326.061523 0.000000
13111.939453 13326.060547 0.000000
12988.657227 6377.873047 0.000000
8988.657227 6377.873535 0.000000
8988.657227 4377.873535 0.000000
12988.657227 4377.873047 0.000000
18930.093750 6360.872070 0.000000
14930.094727 6360.872559 0.000000
14930.094727 4360.872559 0.000000
18930.093750 4360.872070 0.000000
-68808.218750 19457.072266 0.000000
-68808.218750 -20542.927734 0.000000
-64808.214844 19457.072266 0.000000
-64808.222656 -20542.927734 0.000000
-23838.964844 19457.066406 0.000000
-27838.972656 -20542.933594 0.000000
-23838.972656 -20542.933594 0.000000
-27838.964844 19457.066406 0.000000
-13835.215820 19510.939453 0.000000
-13835.221680 -20489.060547 0.000000
-9835.215820 19510.939453 0.000000
-9835.221680 -20489.060547 0.000000
30392.410156 19457.058594 0.000000
26392.402344 -20542.941406 0.000000
30392.402344 -20542.941406 0.000000
26392.410156 19457.058594 0.000000
60061.785156 19457.052734 0.000000
64121.214844 -21552.009766 0.000000
60061.777344 -20542.947266 0.000000
60121.222656 18447.990234 0.000000
60121.214844 -21552.009766 0.000000
64061.785156 19457.052734 0.000000
64061.777344 -20542.947266 0.000000
-72224.718750 10193.510742 0.000000
-72224.718750 14193.510742 0.000000
-62224.718750 10193.509766 0.000000
-62224.714844 14193.509766 0.000000
-21562.845703 -15542.934570 0.000000
-21562.847656 -20542.933594 0.000000
-23562.847656 -20542.933594 0.000000
-78562.843750 457.074371 0.000000
71437.156250 457.051727 0.000000
-78562.843750 -1542.925659 0.000000
71437.156250 -1542.948242 0.000000
31437.160156 19457.058594 0.000000
31437.152344 -20542.941406 0.000000
-18562.839844 19457.064453 0.000000
-18562.847656 -20542.935547 0.000000
-78562.843750 -542.925659 0.000000
71437.156250 -542.948303 0.000000
71437.156250 19457.050781 0.000000
-78562.843750 19457.074219 0.000000
-78562.843750 -20542.925781 0.000000
71437.156250 -20542.949219 0.000000
133
131 130
130 129
129 128
128 131
127 126
125 124
123 122
121 120
119 118
125 117
116 115
114 113
112 114
113 111
110 109
108 107
106 109
107 105
110 106
109 104
103 102
101 100
101 103
102 100
100 103
102 101
99 98
97 96
97 98
96 99
98 96
99 97
95 94
93 92
93 95
94 92
92 95
94 93
91 90
89 88
89 90
88 91
90 88
91 89
87 86
86 85
85 84
84 87
83 82
82 81
81 80
80 83
79 78
78 77
77 76
76 79
75 74
74 73
73 72
72 75
71 70
70 69
69 68
68 71
67 66
66 65
65 64
64 67
63 62
62 61
61 60
60 63
59 58
58 57
57 56
56 59
55 54
54 53
53 52
52 55
51 50
50 49
49 48
48 51
47 46
46 45
45 44
44 47
43 42
42 41
41 40
40 43
39 38
38 37
37 36
36 39
129 126
112 111
35 34
34 33
32 31
31 30
30 29
29 32
28 27
27 26
26 25
25 28
24 115
23 22
22 21
21 20
20 23
19 18
18 17
17 16
16 19
15 14
14 13
13 12
12 15
11 10
10 9
9 8
8 11
7 6
6 5
5 4
4 7
3 2
2 1
1 0
0 3
0
0
0
0
