12
0
0
0
29
7
*
56
-14849.998047 1539.208618 1943.626953
-14849.998047 1530.196045 1974.623291
-14849.998047 1454.196045 1974.592407
-14849.998047 1552.220459 1914.632324
-14849.998047 1959.208618 1943.798096
-14849.998047 1946.220459 1914.792847
-14849.998047 2124.379150 1524.865356
-14849.998047 1702.265259 1804.693359
-14849.998047 1671.261597 1813.680786
-14849.998047 1374.379272 1524.559814
-14849.998047 1642.256226 1826.668945
-14849.998047 1615.249390 1843.657959
-14849.998047 1591.240845 1864.648193
-14849.998047 1570.231079 1888.639648
-14849.998047 1883.249390 1843.767090
-14849.998047 1856.256226 1826.756104
-14849.998047 1827.261597 1813.744385
-14849.998047 1373.992432 2474.559814
-14849.998047 1454.033081 2374.592529
-14849.998047 2123.992432 2474.865234
-14849.998047 2044.033203 2374.832520
-14849.998047 2044.196045 1974.832642
-14849.998047 1968.195923 1974.801758
-14849.998047 1928.230957 1888.785400
-14849.998047 1907.240845 1864.776855
-14849.998047 1796.265259 1804.731689
-14849.998047 1765.267212 1799.719116
-14849.998047 1733.267334 1799.706055
-14899.998047 1454.196045 1974.592407
-14899.998047 1374.379272 1524.559814
-14899.998047 1373.992432 2474.559814
-14899.998047 1530.196045 1974.623291
-14899.998047 1539.208618 1943.626953
-14899.998047 2124.379150 1524.865356
-14899.998047 2044.196045 1974.832642
-14899.998047 2123.992432 2474.865234
-14899.998047 2044.033203 2374.832520
-14899.998047 1454.033081 2374.592529
-14899.998047 1570.231079 1888.639648
-14899.998047 1591.240845 1864.648193
-14899.998047 1615.249390 1843.657959
-14899.998047 1642.256226 1826.668945
-14899.998047 1671.261597 1813.680786
-14899.998047 1552.220459 1914.632324
-14899.998047 1856.256226 1826.756104
-14899.998047 1883.249390 1843.767090
-14899.998047 1907.240845 1864.776855
-14899.998047 1765.267212 1799.719116
-14899.998047 1733.267334 1799.706055
-14899.998047 1702.265259 1804.693359
-14899.998047 1796.265259 1804.731689
-14899.998047 1827.261597 1813.744385
-14899.998047 1928.230957 1888.785400
-14899.998047 1946.220459 1914.792847
-14899.998047 1959.208618 1943.798096
-14899.998047 1968.195923 1974.801758
0
168
18 36
20 36
20 34
21 34
21 55
31 0
32 0
32 3
43 3
43 13
38 13
38 12
39 12
39 11
40 11
40 10
41 10
41 8
42 8
42 7
49 7
49 27
48 27
48 26
47 26
47 25
50 25
50 16
51 16
51 15
44 15
44 14
45 14
45 24
46 24
46 23
52 23
52 5
53 5
53 4
54 4
54 22
22 55
1 31
1 28
2 28
37 18
2 37
19 30
35 19
6 35
33 6
9 33
17 30
29 9
17 29
55 34
54 55
54 34
53 54
53 34
53 33
52 53
52 33
46 52
51 44
51 33
50 51
50 33
47 50
42 49
49 48
29 49
29 48
33 29
48 47
33 48
47 33
46 33
45 46
33 44
45 33
44 45
43 38
43 29
32 43
32 29
42 29
41 42
41 29
40 41
40 29
39 40
29 38
39 29
38 39
37 28
37 30
36 37
30 35
36 30
36 35
34 36
35 33
34 35
33 34
32 28
31 32
28 31
30 28
29 30
28 29
27 7
27 9
26 27
9 6
26 9
26 6
25 26
25 6
16 25
24 14
24 6
23 24
23 6
5 23
22 4
21 22
21 4
21 6
20 21
6 19
20 6
20 19
18 20
19 17
18 19
18 17
2 18
17 9
2 17
2 9
3 9
13 3
16 6
15 16
6 14
15 6
14 15
13 9
12 13
12 9
11 12
11 9
10 11
10 9
8 10
9 7
8 9
7 8
6 4
5 6
4 5
3 0
2 3
2 0
1 2
0 1
112
3 168 167 166
3 -166 165 164
3 163 162 161
3 160 159 158
3 -159 157 156
3 155 154 -156
3 -154 153 152
3 -152 151 150
3 149 148 147
3 -148 146 145
3 144 143 -150
3 -143 -165 142
3 -142 141 140
3 -141 139 138
3 -138 137 136
3 -137 135 134
3 -134 133 132
3 -133 131 130
3 -130 129 -161
3 -129 128 127
3 126 125 -162
3 -125 124 123
3 -123 122 -147
3 121 120 -145
3 -120 119 118
3 -118 117 116
3 -117 115 114
3 -114 113 -158
3 112 111 110
3 109 108 107
3 106 105 104
3 -105 103 102
3 -102 101 100
3 -101 99 98
3 -98 97 -110
3 96 95 94
3 93 92 -95
3 -92 91 90
3 -90 89 88
3 -107 87 -112
3 -87 86 85
3 -85 84 -94
3 83 82 81
3 -82 80 79
3 78 77 76
3 -77 75 74
3 -74 73 72
3 -73 -88 71
3 70 69 -78
3 -69 68 67
3 -67 66 -81
3 65 64 -79
3 -64 63 62
3 -62 61 -106
3 -61 60 59
3 -59 58 57
3 -140 56 55
3 -56 54 -111
3 -116 53 52
3 -53 -55 -75
3 -132 51 50
3 -51 -52 -104
3 -136 49 -54
3 -49 -50 -100
3 -139 48 47
3 -48 46 -97
3 -167 45 -46
3 -45 44 -109
3 43 -58 42
3 -42 41 -127
3 -41 -60 40
3 -40 39 -163
3 -39 -63 38
3 -38 37 -126
3 -37 -65 36
3 -36 35 -124
3 -35 -80 34
3 -34 33 -122
3 -33 -83 32
3 -32 31 -149
3 -31 -66 30
3 -30 29 -146
3 -29 -68 28
3 -28 27 -121
3 -27 -70 26
3 -26 25 -119
3 -25 -76 24
3 -24 23 -115
3 -23 -72 22
3 -22 21 -113
3 -21 -71 20
3 -20 19 -160
3 -19 -89 18
3 -18 17 -157
3 -17 -91 16
3 -16 15 -155
3 -15 -93 14
3 -14 13 -153
3 -13 -96 12
3 -12 11 -151
3 -11 -84 10
3 -10 9 -144
3 -9 -86 8
3 -8 7 -164
3 -7 -108 6
3 -6 -44 -168
3 -128 5 -43
3 -5 4 -57
3 -131 3 -4
3 -3 2 -103
3 -135 1 -2
3 -1 -47 -99
0
0
7
*
56
-14849.998047 -1455.803833 1973.407349
-14849.998047 -1375.620483 1523.439941
-14849.998047 -1455.966797 2373.407227
-14849.998047 -1376.007324 2473.439697
-14849.998047 -2045.966797 2373.167236
-14849.998047 -2126.007324 2473.134521
-14849.998047 -2045.803955 1973.167114
-14849.998047 -2125.620605 1523.134521
-14849.998047 -1571.768799 1887.360107
-14849.998047 -1592.759033 1863.351563
-14849.998047 -1531.803833 1973.376465
-14849.998047 -1540.791138 1942.372803
-14849.998047 -1908.759033 1863.222900
-14849.998047 -1929.768799 1887.214355
-14849.998047 -1947.779297 1913.207031
-14849.998047 -1960.791138 1942.201660
-14849.998047 -1969.803833 1973.197998
-14849.998047 -1616.750488 1842.341797
-14849.998047 -1643.743530 1825.330811
-14849.998047 -1672.738281 1812.318970
-14849.998047 -1553.779419 1913.367432
-14849.998047 -1797.734497 1803.268066
-14849.998047 -1828.738159 1812.255493
-14849.998047 -1857.743530 1825.243652
-14849.998047 -1884.750488 1842.232666
-14849.998047 -1703.734497 1803.306396
-14849.998047 -1734.732544 1798.293701
-14849.998047 -1766.732544 1798.280762
-14899.998047 -1540.791138 1942.372803
-14899.998047 -1531.803833 1973.376465
-14899.998047 -1455.803833 1973.407349
-14899.998047 -1960.791138 1942.201660
-14899.998047 -1947.779297 1913.207031
-14899.998047 -2125.620605 1523.134521
-14899.998047 -1929.768799 1887.214355
-14899.998047 -1908.759033 1863.222900
-14899.998047 -1553.779419 1913.367432
-14899.998047 -1884.750488 1842.232666
-14899.998047 -1857.743530 1825.243652
-14899.998047 -1828.738159 1812.255493
-14899.998047 -1571.768799 1887.360107
-14899.998047 -1375.620483 1523.439941
-14899.998047 -1376.007324 2473.439697
-14899.998047 -1455.966797 2373.407227
-14899.998047 -2126.007324 2473.134521
-14899.998047 -2045.966797 2373.167236
-14899.998047 -2045.803955 1973.167114
-14899.998047 -1969.803833 1973.197998
-14899.998047 -1703.734497 1803.306396
-14899.998047 -1672.738281 1812.318970
-14899.998047 -1643.743530 1825.330811
-14899.998047 -1616.750488 1842.341797
-14899.998047 -1592.759033 1863.351563
-14899.998047 -1797.734497 1803.268066
-14899.998047 -1766.732544 1798.280762
-14899.998047 -1734.732544 1798.293701
0
168
16 46
6 46
6 45
4 45
4 43
2 43
2 30
0 30
0 29
47 16
47 15
31 15
31 14
32 14
32 13
34 13
34 12
35 12
35 24
37 24
37 23
38 23
38 22
39 22
39 21
53 21
53 27
54 27
54 26
55 26
55 25
48 25
48 19
49 19
49 18
50 18
50 17
51 17
51 9
52 9
52 8
40 8
40 20
36 20
36 11
28 11
28 10
10 29
1 42
41 1
7 41
33 7
5 33
3 42
44 5
3 44
55 48
55 41
54 55
41 33
54 41
54 33
53 54
53 33
39 53
52 40
52 41
51 52
51 41
50 51
50 41
49 50
41 48
49 41
48 49
47 31
46 47
46 31
46 33
45 46
33 44
45 33
45 44
43 45
44 42
43 44
43 42
30 43
42 41
30 42
30 41
41 40
36 41
40 36
39 33
38 39
38 33
37 38
37 33
35 37
36 28
30 36
35 33
34 35
34 33
32 34
33 31
32 33
31 32
30 28
29 30
28 29
27 21
27 7
26 27
7 1
26 7
26 1
25 26
25 1
19 25
24 12
24 7
23 24
23 7
22 23
7 21
22 7
21 22
20 8
20 1
11 20
11 1
19 1
18 19
18 1
17 18
17 1
9 17
16 6
15 16
15 6
14 15
14 6
14 7
13 14
7 12
13 7
12 13
11 0
10 11
0 10
1 8
9 1
8 9
7 6
5 7
6 4
5 6
5 4
3 5
4 2
3 4
3 2
1 3
2 0
1 2
0 1
112
3 168 167 166
3 -167 165 164
3 -164 163 162
3 -163 161 160
3 -160 159 158
3 -159 157 156
3 155 154 153
3 152 151 150
3 149 148 147
3 -148 146 145
3 -145 144 -156
3 -144 143 142
3 -142 141 140
3 139 138 -154
3 -138 137 136
3 -136 135 134
3 -150 133 -168
3 -133 132 131
3 -131 130 -153
3 129 128 127
3 126 125 -128
3 -125 124 123
3 -123 122 -147
3 121 120 -134
3 -120 119 118
3 -118 117 116
3 -117 115 114
3 -114 113 -127
3 112 111 110
3 109 108 107
3 -108 106 105
3 -105 104 103
3 -110 102 101
3 100 99 -103
3 -99 98 97
3 -97 96 95
3 94 93 92
3 -93 -102 91
3 -91 90 89
3 -90 88 87
3 -87 86 85
3 -86 84 83
3 -83 82 81
3 -82 80 79
3 -79 78 -107
3 -78 77 76
3 75 74 73
3 -74 72 71
3 70 69 -71
3 -69 68 67
3 -67 66 -92
3 65 64 -95
3 -64 63 62
3 -62 61 60
3 -61 59 58
3 -58 57 -73
3 -161 56 55
3 -56 54 -85
3 -157 53 52
3 -53 -55 -81
3 -116 51 50
3 -51 -52 -60
3 -165 49 -54
3 -49 -50 -89
3 48 -112 47
3 -47 46 -151
3 -46 -101 45
3 -45 44 -132
3 -44 -94 43
3 -43 42 -130
3 -42 -66 41
3 -41 40 -155
3 -40 -68 39
3 -39 38 -139
3 -38 -70 37
3 -37 36 -137
3 -36 -72 35
3 -35 34 -135
3 -34 -75 33
3 -33 32 -121
3 -32 -57 31
3 -31 30 -119
3 -30 -59 29
3 -29 28 -115
3 -28 -63 27
3 -27 26 -113
3 -26 -65 25
3 -25 24 -129
3 -24 -96 23
3 -23 22 -126
3 -22 -98 21
3 -21 20 -124
3 -20 -100 19
3 -19 18 -122
3 -18 -104 17
3 -17 16 -149
3 -16 -106 15
3 -15 14 -146
3 -14 -109 13
3 -13 12 -143
3 -12 -76 11
3 -11 10 -141
3 -152 9 -48
3 -9 8 -111
3 -166 7 -8
3 -7 6 -88
3 -162 5 -6
3 -5 4 -84
3 -158 3 -4
3 -3 2 -80
3 -140 1 -2
3 -1 -10 -77
0
0
7
*
250
-8198.999023 -1375.622925 1529.439941
-8248.999023 -1375.622925 1529.439941
-8198.999023 -1375.780640 1916.439941
-8248.999023 -1375.780640 1916.439941
18399.998047 -1575.620483 1523.358521
18349.998047 -1575.620483 1523.358521
18399.998047 -1375.620483 1523.439941
18349.998047 -1375.620483 1523.439941
11749.999023 -1575.620483 1523.358521
11699.999023 -1575.620483 1523.358521
11749.999023 -1375.620483 1523.439941
11699.999023 -1375.620483 1523.439941
-1548.999756 -1375.620483 1523.439941
-1548.999756 -1575.620483 1523.358521
-1598.999756 -1575.620483 1523.358521
-8198.999023 -1575.620483 1523.358521
-8248.999023 -1575.620483 1523.358521
-8198.999023 -1375.620483 1523.439941
-8248.999023 -1375.620483 1523.439941
5100.999512 -1575.620483 1523.358521
5050.999512 -1575.620483 1523.358521
5100.999512 -1375.620483 1523.439941
5050.999512 -1375.620483 1523.439941
-1598.999756 -1375.620483 1523.439941
-8198.999023 -1951.782593 1921.205322
-8198.999023 -1969.803833 1973.197998
-8198.999023 -2045.803955 1973.167114
-8198.999023 -2125.620605 1523.134521
-8198.999023 -1879.749268 1839.234741
-8198.999023 -1920.763916 1875.218018
-8198.999023 -1549.782593 1921.369141
-8198.999023 -1580.763916 1875.356445
-8198.999023 -1621.749268 1839.339722
-8198.999023 -1669.738647 1813.320190
-8198.999023 -1775.620483 1523.277100
-8198.999023 -1723.732910 1799.298218
-8198.999023 -1777.732910 1799.276245
-8198.999023 -1831.738647 1813.254272
-8198.999023 -2126.007324 2473.134521
-8198.999023 -2045.966797 2373.167236
-8198.999023 -1376.007324 2473.439697
-8198.999023 -1455.966797 2373.407227
-8198.999023 -1375.783447 1923.439941
-8198.999023 -1455.803833 1973.407349
-8198.999023 -1531.803833 1973.376465
-8248.999023 -1455.803833 1973.407349
-8248.999023 -1375.783447 1923.439941
-8248.999023 -1455.966797 2373.407227
-8248.999023 -2045.803955 1973.167114
-8248.999023 -2125.620605 1523.134521
-8248.999023 -2045.966797 2373.167236
-8248.999023 -2126.007324 2473.134521
-8248.999023 -1376.007324 2473.439697
-8248.999023 -1920.763916 1875.218018
-8248.999023 -1879.749268 1839.234741
-8248.999023 -1831.738647 1813.254272
-8248.999023 -1775.620483 1523.277100
-8248.999023 -1531.803833 1973.376465
-8248.999023 -1549.782593 1921.369141
-8248.999023 -1580.763916 1875.356445
-8248.999023 -1621.749268 1839.339722
-8248.999023 -1669.738647 1813.320190
-8248.999023 -1723.732910 1799.298218
-8248.999023 -1777.732910 1799.276245
-8248.999023 -1969.803833 1973.197998
-8248.999023 -1951.782593 1921.205322
-1548.999756 -1375.780640 1916.439941
-1548.999756 -1375.622925 1529.439941
-1598.999756 -1375.780640 1916.439941
-1598.999756 -1375.622925 1529.439941
-1548.999756 -1951.782593 1921.205322
-1548.999756 -1969.803833 1973.197998
-1548.999756 -2045.803955 1973.167114
-1548.999756 -2125.620605 1523.134521
-1548.999756 -1879.749268 1839.234741
-1548.999756 -1920.763916 1875.218018
-1548.999756 -1549.782593 1921.369141
-1548.999756 -1580.763916 1875.356445
-1548.999756 -1621.749268 1839.339722
-1548.999756 -1669.738647 1813.320190
-1548.999756 -1775.620483 1523.277100
-1548.999756 -1723.732910 1799.298218
-1548.999756 -1777.732910 1799.276245
-1548.999756 -1831.738647 1813.254272
-1548.999756 -2126.007324 2473.134521
-1548.999756 -2045.966797 2373.167236
-1548.999756 -1376.007324 2473.439697
-1548.999756 -1455.966797 2373.407227
-1548.999756 -1375.783447 1923.439941
-1548.999756 -1455.803833 1973.407349
-1548.999756 -1531.803833 1973.376465
-1598.999756 -1455.803833 1973.407349
-1598.999756 -1375.783447 1923.439941
-1598.999756 -1455.966797 2373.407227
-1598.999756 -2045.803955 1973.167114
-1598.999756 -2125.620605 1523.134521
-1598.999756 -2045.966797 2373.167236
-1598.999756 -2126.007324 2473.134521
-1598.999756 -1376.007324 2473.439697
-1598.999756 -1920.763916 1875.218018
-1598.999756 -1879.749268 1839.234741
-1598.999756 -1831.738647 1813.254272
-1598.999756 -1775.620483 1523.277100
-1598.999756 -1531.803833 1973.376465
-1598.999756 -1549.782593 1921.369141
-1598.999756 -1580.763916 1875.356445
-1598.999756 -1621.749268 1839.339722
-1598.999756 -1669.738647 1813.320190
-1598.999756 -1723.732910 1799.298218
-1598.999756 -1777.732910 1799.276245
-1598.999756 -1969.803833 1973.197998
-1598.999756 -1951.782593 1921.205322
5100.999512 -1375.780640 1916.439941
5100.999512 -1375.622925 1529.439941
5050.999512 -1375.780640 1916.439941
5050.999512 -1375.622925 1529.439941
5100.999512 -1951.782593 1921.205322
5100.999512 -1969.803833 1973.197998
5100.999512 -2045.803955 1973.167114
5100.999512 -2125.620605 1523.134521
5100.999512 -1879.749268 1839.234741
5100.999512 -1920.763916 1875.218018
5100.999512 -1549.782593 1921.369141
5100.999512 -1580.763916 1875.356445
5100.999512 -1621.749268 1839.339722
5100.999512 -1669.738647 1813.320190
5100.999512 -1775.620483 1523.277100
5100.999512 -1723.732910 1799.298218
5100.999512 -1777.732910 1799.276245
5100.999512 -1831.738647 1813.254272
5100.999512 -2126.007324 2473.134521
5100.999512 -2045.966797 2373.167236
5100.999512 -1376.007324 2473.439697
5100.999512 -1455.966797 2373.407227
5100.999512 -1375.783447 1923.439941
5100.999512 -1455.803833 1973.407349
5100.999512 -1531.803833 1973.376465
5050.999512 -1455.803833 1973.407349
5050.999512 -1375.783447 1923.439941
5050.999512 -1455.966797 2373.407227
5050.999512 -2045.803955 1973.167114
5050.999512 -2125.620605 1523.134521
5050.999512 -2045.966797 2373.167236
5050.999512 -2126.007324 2473.134521
5050.999512 -1376.007324 2473.439697
5050.999512 -1920.763916 1875.218018
5050.999512 -1879.749268 1839.234741
5050.999512 -1831.738647 1813.254272
5050.999512 -1775.620483 1523.277100
5050.999512 -1531.803833 1973.376465
5050.999512 -1549.782593 1921.369141
5050.999512 -1580.763916 1875.356445
5050.999512 -1621.749268 1839.339722
5050.999512 -1669.738647 1813.320190
5050.999512 -1723.732910 1799.298218
5050.999512 -1777.732910 1799.276245
5050.999512 -1969.803833 1973.197998
5050.999512 -1951.782593 1921.205322
11749.999023 -1375.780640 1916.439941
11749.999023 -1375.622925 1529.439941
11699.999023 -1375.780640 1916.439941
11699.999023 -1375.622925 1529.439941
11749.999023 -1951.782593 1921.205322
11749.999023 -1969.803833 1973.197998
11749.999023 -2045.803955 1973.167114
11749.999023 -2125.620605 1523.134521
11749.999023 -1879.749268 1839.234741
11749.999023 -1920.763916 1875.218018
11749.999023 -1549.782593 1921.369141
11749.999023 -1580.763916 1875.356445
11749.999023 -1621.749268 1839.339722
11749.999023 -1669.738647 1813.320190
11749.999023 -1775.620483 1523.277100
11749.999023 -1723.732910 1799.298218
11749.999023 -1777.732910 1799.276245
11749.999023 -1831.738647 1813.254272
11749.999023 -2126.007324 2473.134521
11749.999023 -2045.966797 2373.167236
11749.999023 -1376.007324 2473.439697
11749.999023 -1455.966797 2373.407227
11749.999023 -1375.783447 1923.439941
11749.999023 -1455.803833 1973.407349
11749.999023 -1531.803833 1973.376465
11699.999023 -1455.803833 1973.407349
11699.999023 -1375.783447 1923.439941
11699.999023 -1455.966797 2373.407227
11699.999023 -2045.803955 1973.167114
11699.999023 -2125.620605 1523.134521
11699.999023 -2045.966797 2373.167236
11699.999023 -2126.007324 2473.134521
11699.999023 -1376.007324 2473.439697
11699.999023 -1920.763916 1875.218018
11699.999023 -1879.749268 1839.234741
11699.999023 -1831.738647 1813.254272
11699.999023 -1775.620483 1523.277100
11699.999023 -1531.803833 1973.376465
11699.999023 -1549.782593 1921.369141
11699.999023 -1580.763916 1875.356445
11699.999023 -1621.749268 1839.339722
11699.999023 -1669.738647 1813.320190
11699.999023 -1723.732910 1799.298218
11699.999023 -1777.732910 1799.276245
11699.999023 -1969.803833 1973.197998
11699.999023 -1951.782593 1921.205322
18399.998047 -1375.780640 1916.439941
18399.998047 -1375.622925 1529.439941
18349.998047 -1375.780640 1916.439941
18349.998047 -1375.622925 1529.439941
18399.998047 -1951.782593 1921.205322
18399.998047 -1969.803833 1973.197998
18399.998047 -2045.803955 1973.167114
18399.998047 -2125.620605 1523.134521
18399.998047 -1879.749268 1839.234741
18399.998047 -1920.763916 1875.218018
18399.998047 -1549.782593 1921.369141
18399.998047 -1580.763916 1875.356445
18399.998047 -1621.749268 1839.339722
18399.998047 -1669.738647 1813.320190
18399.998047 -1775.620483 1523.277100
18399.998047 -1723.732910 1799.298218
18399.998047 -1777.732910 1799.276245
18399.998047 -1831.738647 1813.254272
18399.998047 -2126.007324 2473.134521
18399.998047 -2045.966797 2373.167236
18399.998047 -1376.007324 2473.439697
18399.998047 -1455.966797 2373.407227
18399.998047 -1375.783447 1923.439941
18399.998047 -1455.803833 1973.407349
18399.998047 -1531.803833 1973.376465
18349.998047 -1455.803833 1973.407349
18349.998047 -1375.783447 1923.439941
18349.998047 -1455.966797 2373.407227
18349.998047 -2045.803955 1973.167114
18349.998047 -2125.620605 1523.134521
18349.998047 -2045.966797 2373.167236
18349.998047 -2126.007324 2473.134521
18349.998047 -1376.007324 2473.439697
18349.998047 -1920.763916 1875.218018
18349.998047 -1879.749268 1839.234741
18349.998047 -1831.738647 1813.254272
18349.998047 -1775.620483 1523.277100
18349.998047 -1531.803833 1973.376465
18349.998047 -1549.782593 1921.369141
18349.998047 -1580.763916 1875.356445
18349.998047 -1621.749268 1839.339722
18349.998047 -1669.738647 1813.320190
18349.998047 -1723.732910 1799.298218
18349.998047 -1777.732910 1799.276245
18349.998047 -1969.803833 1973.197998
18349.998047 -1951.782593 1921.205322
0
735
209 232
210 232
210 234
223 234
223 231
225 231
225 229
227 229
227 241
248 209
248 208
249 208
249 213
237 213
237 212
238 212
238 221
239 221
239 220
247 220
247 219
246 219
246 217
245 217
245 216
244 216
244 215
243 215
243 214
242 214
242 228
228 241
226 230
224 230
240 218
233 218
233 211
222 233
224 236
235 222
224 235
249 237
249 233
248 249
248 233
232 248
239 247
247 246
240 247
240 246
5 240
246 245
5 246
5 245
245 244
7 245
7 244
207 7
244 243
207 244
207 243
243 242
206 243
206 242
242 241
229 242
241 229
240 233
239 240
239 233
238 239
233 237
238 233
237 238
236 230
236 231
235 236
231 234
235 231
235 234
233 235
234 232
233 234
232 233
231 230
229 231
230 206
229 230
206 229
228 214
228 204
227 228
204 226
227 204
227 226
225 227
226 224
225 226
225 224
223 225
224 222
223 224
223 222
210 223
222 211
210 222
210 211
208 211
213 208
221 212
221 211
220 221
211 218
220 211
220 218
219 220
219 218
217 219
218 4
217 218
217 4
216 217
216 4
216 6
215 216
6 205
215 6
215 205
214 215
214 205
204 214
213 211
212 213
211 212
210 208
209 210
208 209
207 206
205 207
206 204
205 206
204 205
163 186
164 186
164 188
177 188
177 185
179 185
179 183
181 183
181 195
202 163
202 162
203 162
203 167
191 167
191 166
192 166
192 175
193 175
193 174
201 174
201 173
200 173
200 171
199 171
199 170
198 170
198 169
197 169
197 168
196 168
196 182
182 195
180 184
178 184
194 172
187 172
187 165
176 187
178 190
189 176
178 189
203 191
203 187
202 203
202 187
186 202
193 201
201 200
194 201
194 200
9 194
200 199
9 200
9 199
199 198
11 199
11 198
161 11
198 197
161 198
161 197
197 196
160 197
160 196
196 195
183 196
195 183
194 187
193 194
193 187
192 193
187 191
192 187
191 192
190 184
190 185
189 190
185 188
189 185
189 188
187 189
188 186
187 188
186 187
185 184
183 185
184 160
183 184
160 183
182 168
182 158
181 182
158 180
181 158
181 180
179 181
180 178
179 180
179 178
177 179
178 176
177 178
177 176
164 177
176 165
164 176
164 165
162 165
167 162
175 166
175 165
174 175
165 172
174 165
174 172
173 174
173 172
171 173
172 8
171 172
171 8
170 171
170 8
170 10
169 170
10 159
169 10
169 159
168 169
168 159
158 168
167 165
166 167
165 166
164 162
163 164
162 163
161 160
159 161
160 158
159 160
158 159
117 140
118 140
118 142
131 142
131 139
133 139
133 137
135 137
135 149
156 117
156 116
157 116
157 121
145 121
145 120
146 120
146 129
147 129
147 128
155 128
155 127
154 127
154 125
153 125
153 124
152 124
152 123
151 123
151 122
150 122
150 136
136 149
134 138
132 138
148 126
141 126
141 119
130 141
132 144
143 130
132 143
157 145
157 141
156 157
156 141
140 156
147 155
155 154
148 155
148 154
20 148
154 153
20 154
20 153
153 152
22 153
22 152
115 22
152 151
115 152
115 151
151 150
114 151
114 150
150 149
137 150
149 137
148 141
147 148
147 141
146 147
141 145
146 141
145 146
144 138
144 139
143 144
139 142
143 139
143 142
141 143
142 140
141 142
140 141
139 138
137 139
138 114
137 138
114 137
136 122
136 112
135 136
112 134
135 112
135 134
133 135
134 132
133 134
133 132
131 133
132 130
131 132
131 130
118 131
130 119
118 130
118 119
116 119
121 116
129 120
129 119
128 129
119 126
128 119
128 126
127 128
127 126
125 127
126 19
125 126
125 19
124 125
124 19
124 21
123 124
21 113
123 21
123 113
122 123
122 113
112 122
121 119
120 121
119 120
118 116
117 118
116 117
115 114
113 115
114 112
113 114
112 113
71 94
72 94
72 96
85 96
85 93
87 93
87 91
89 91
89 103
110 71
110 70
111 70
111 75
99 75
99 74
100 74
100 83
101 83
101 82
109 82
109 81
108 81
108 79
107 79
107 78
106 78
106 77
105 77
105 76
104 76
104 90
90 103
88 92
86 92
102 80
95 80
95 73
84 95
86 98
97 84
86 97
111 99
111 95
110 111
110 95
94 110
101 109
109 108
102 109
102 108
14 102
108 107
14 108
14 107
107 106
23 107
23 106
69 23
106 105
69 106
69 105
105 104
68 105
68 104
104 103
91 104
103 91
102 95
101 102
101 95
100 101
95 99
100 95
99 100
98 92
98 93
97 98
93 96
97 93
97 96
95 97
96 94
95 96
94 95
93 92
91 93
92 68
91 92
68 91
90 76
90 66
89 90
66 88
89 66
89 88
87 89
88 86
87 88
87 86
85 87
86 84
85 86
85 84
72 85
84 73
72 84
72 73
70 73
75 70
83 74
83 73
82 83
73 80
82 73
82 80
81 82
81 80
79 81
80 13
79 80
79 13
78 79
78 13
78 12
77 78
12 67
77 12
77 67
76 77
76 67
66 76
75 73
74 75
73 74
72 70
71 72
70 71
69 68
67 69
68 66
67 68
66 67
25 48
26 48
26 50
39 50
39 47
41 47
41 45
43 45
43 57
64 25
64 24
65 24
65 29
53 29
53 28
54 28
54 37
55 37
55 36
63 36
63 35
62 35
62 33
61 33
61 32
60 32
60 31
59 31
59 30
58 30
58 44
44 57
42 46
52 42
56 34
49 34
49 27
38 49
40 52
51 38
40 51
65 53
65 49
64 65
64 49
48 64
55 63
63 62
56 63
56 62
16 56
62 61
16 62
16 61
61 60
18 61
18 60
1 18
60 59
1 60
1 59
59 58
3 59
3 58
58 57
45 58
57 45
56 49
55 56
55 49
54 55
49 53
54 49
53 54
52 46
52 47
51 52
47 50
51 47
51 50
49 51
50 48
49 50
48 49
47 46
45 47
46 3
45 46
3 45
44 30
44 2
43 44
2 42
43 2
43 42
41 43
42 40
41 42
41 40
39 41
40 38
39 40
39 38
26 39
38 27
26 38
26 27
24 27
29 24
37 28
37 27
36 37
27 34
36 27
36 34
35 36
35 34
33 35
34 15
33 34
33 15
32 33
32 15
32 17
31 32
17 0
31 17
31 0
30 31
30 0
2 30
29 27
28 29
27 28
26 24
25 26
24 25
14 23
23 12
22 21
20 22
21 19
20 21
19 20
18 17
16 18
17 15
16 17
15 16
14 12
13 14
12 13
11 10
9 11
10 8
9 10
8 9
7 6
5 7
6 4
5 6
4 5
3 2
1 3
2 0
1 2
0 1
470
3 735 734 733
3 -734 732 731
3 730 729 728
3 -729 727 726
3 725 724 723
3 -724 722 721
3 720 719 718
3 717 716 715
3 -716 714 713
3 712 711 710
3 -711 709 708
3 707 -718 706
3 705 704 703
3 702 701 700
3 699 698 -733
3 -698 697 696
3 -696 695 694
3 -695 693 692
3 -692 691 -715
3 -691 690 689
3 -689 688 687
3 686 685 -688
3 -685 684 683
3 -683 682 681
3 -682 680 679
3 -679 678 -702
3 677 676 -700
3 -676 -703 675
3 -675 674 673
3 -674 672 671
3 -671 670 669
3 -670 668 667
3 -667 666 665
3 -666 664 663
3 -663 662 661
3 -662 660 659
3 -659 658 -699
3 657 656 655
3 -656 654 653
3 652 651 650
3 -651 649 648
3 -648 647 646
3 -647 645 644
3 -644 643 -653
3 642 641 640
3 -641 639 638
3 -638 637 636
3 635 634 633
3 -634 -657 632
3 -632 631 630
3 -631 -732 629
3 -629 628 627
3 -628 626 625
3 -625 624 623
3 -624 -714 622
3 -622 621 620
3 -621 619 618
3 -618 617 616
3 -617 -637 615
3 614 613 -652
3 -613 612 611
3 -611 610 -640
3 -669 609 608
3 -609 607 -645
3 -673 606 605
3 -606 -608 -649
3 -605 604 -681
3 -604 -636 603
3 -643 602 601
3 -602 -607 -665
3 600 -633 599
3 -599 598 -658
3 -598 -630 597
3 -597 596 -697
3 -596 -627 595
3 -595 594 -693
3 -594 -623 593
3 -593 592 -690
3 -592 -620 591
3 -591 590 -686
3 -590 -616 589
3 -589 588 -684
3 -588 -615 587
3 -587 586 -680
3 -586 -639 585
3 -585 584 -678
3 -584 -642 583
3 -583 582 -701
3 -582 -610 581
3 -581 580 -677
3 -580 -612 579
3 -579 578 -705
3 -660 577 -600
3 -577 576 -635
3 -664 575 -576
3 -575 574 -654
3 -668 573 -574
3 -573 572 -646
3 -672 571 -572
3 -571 570 -650
3 -704 569 -570
3 -569 -578 -614
3 568 567 566
3 -567 565 564
3 563 562 561
3 560 559 558
3 557 556 -568
3 -556 555 554
3 -554 553 552
3 -553 551 550
3 -550 549 -720
3 -549 548 547
3 -547 546 545
3 544 543 -546
3 -543 542 541
3 -541 540 539
3 -540 538 537
3 -537 536 -560
3 535 534 -558
3 -534 -561 533
3 -533 532 531
3 -532 530 529
3 -529 528 527
3 -528 526 525
3 -525 524 523
3 -524 522 521
3 -521 520 519
3 -520 518 517
3 -517 516 -557
3 515 514 513
3 -514 512 511
3 510 509 508
3 -509 507 506
3 -506 505 504
3 -505 503 502
3 -502 501 -511
3 500 499 498
3 -499 497 496
3 -496 495 494
3 493 492 491
3 -492 -515 490
3 -490 489 488
3 -489 -564 487
3 -487 486 485
3 -486 484 483
3 -483 482 481
3 -482 -706 480
3 -480 479 478
3 -479 477 476
3 -476 475 474
3 -475 -495 473
3 472 471 -510
3 -471 470 469
3 -469 468 -498
3 -527 467 466
3 -467 465 -503
3 -531 464 463
3 -464 -466 -507
3 -463 462 -539
3 -462 -494 461
3 -465 460 -501
3 -460 -523 459
3 458 -491 457
3 -457 456 -516
3 -456 -488 455
3 -455 454 -555
3 -454 -485 453
3 -453 452 -551
3 -452 -481 451
3 -451 450 -548
3 -450 -478 449
3 -449 448 -544
3 -448 -474 447
3 -447 446 -542
3 -446 -473 445
3 -445 444 -538
3 -444 -497 443
3 -443 442 -536
3 -442 -500 441
3 -441 440 -559
3 -440 -468 439
3 -439 438 -535
3 -438 -470 437
3 -437 436 -563
3 -518 435 -458
3 -435 434 -493
3 -522 433 -434
3 -433 432 -512
3 -526 431 -432
3 -431 430 -504
3 -530 429 -430
3 -429 428 -508
3 -562 427 -428
3 -427 -436 -472
3 426 425 424
3 -425 423 422
3 421 420 419
3 418 417 416
3 415 414 -426
3 -414 413 412
3 -412 411 410
3 -411 409 408
3 -408 407 -710
3 -407 406 405
3 -405 404 403
3 402 401 -404
3 -401 400 399
3 -399 398 397
3 -398 396 395
3 -395 394 -418
3 393 392 -416
3 -392 -419 391
3 -391 390 389
3 -390 388 387
3 -387 386 385
3 -386 384 383
3 -383 382 381
3 -382 380 379
3 -379 378 377
3 -378 376 375
3 -375 374 -415
3 373 372 371
3 -372 370 369
3 368 367 366
3 -367 365 364
3 -364 363 362
3 -363 361 360
3 -360 359 -369
3 358 357 356
3 -357 355 354
3 -354 353 352
3 351 350 349
3 -350 -373 348
3 -348 347 346
3 -347 -422 345
3 -345 344 343
3 -344 342 341
3 -341 340 339
3 -340 -709 338
3 -338 337 336
3 -337 335 334
3 -334 333 332
3 -333 -353 331
3 330 329 -368
3 -329 328 327
3 -327 326 -356
3 -385 325 324
3 -325 323 -361
3 -389 322 321
3 -322 -324 -365
3 -321 320 -397
3 -320 -352 319
3 -323 318 -359
3 -318 -381 317
3 316 -349 315
3 -315 314 -374
3 -314 -346 313
3 -313 312 -413
3 -312 -343 311
3 -311 310 -409
3 -310 -339 309
3 -309 308 -406
3 -308 -336 307
3 -307 306 -402
3 -306 -332 305
3 -305 304 -400
3 -304 -331 303
3 -303 302 -396
3 -302 -355 301
3 -301 300 -394
3 -300 -358 299
3 -299 298 -417
3 -298 -326 297
3 -297 296 -393
3 -296 -328 295
3 -295 294 -421
3 -376 293 -316
3 -293 292 -351
3 -380 291 -292
3 -291 290 -370
3 -384 289 -290
3 -289 288 -362
3 -388 287 -288
3 -287 286 -366
3 -420 285 -286
3 -285 -294 -330
3 284 283 282
3 -283 281 280
3 279 278 277
3 276 275 274
3 273 272 -284
3 -272 271 270
3 -270 269 268
3 -269 267 266
3 -266 265 -723
3 -265 264 263
3 -263 262 261
3 260 259 -262
3 -259 258 257
3 -257 256 255
3 -256 254 253
3 -253 252 -276
3 251 250 -274
3 -250 -277 249
3 -249 248 247
3 -248 246 245
3 -245 244 243
3 -244 242 241
3 -241 240 239
3 -240 238 237
3 -237 236 235
3 -236 234 233
3 -233 232 -273
3 231 230 229
3 -230 228 227
3 226 225 224
3 -225 223 222
3 -222 221 220
3 -221 219 218
3 -218 217 -227
3 216 215 214
3 -215 213 212
3 -212 211 210
3 209 208 207
3 -208 -231 206
3 -206 205 204
3 -205 -280 203
3 -203 202 201
3 -202 200 199
3 -199 198 197
3 -198 -722 196
3 -196 195 194
3 -195 193 192
3 -192 191 190
3 -191 -211 189
3 188 187 -226
3 -187 186 185
3 -185 184 -214
3 -243 183 182
3 -183 181 -219
3 -247 180 179
3 -180 -182 -223
3 -179 178 -255
3 -178 -210 177
3 -181 176 -217
3 -176 -239 175
3 174 -207 173
3 -173 172 -232
3 -172 -204 171
3 -171 170 -271
3 -170 -201 169
3 -169 168 -267
3 -168 -197 167
3 -167 166 -264
3 -166 -194 165
3 -165 164 -260
3 -164 -190 163
3 -163 162 -258
3 -162 -189 161
3 -161 160 -254
3 -160 -213 159
3 -159 158 -252
3 -158 -216 157
3 -157 156 -275
3 -156 -184 155
3 -155 154 -251
3 -154 -186 153
3 -153 152 -279
3 -234 151 -174
3 -151 150 -209
3 -238 149 -150
3 -149 148 -228
3 -242 147 -148
3 -147 146 -220
3 -246 145 -146
3 -145 144 -224
3 -278 143 -144
3 -143 -152 -188
3 142 141 140
3 -141 139 138
3 137 136 135
3 134 133 132
3 131 130 -142
3 -130 129 128
3 -128 127 126
3 -127 125 124
3 -124 123 -728
3 -123 122 121
3 -121 120 119
3 118 117 -120
3 -117 116 115
3 -115 114 113
3 -114 112 111
3 -111 110 -134
3 109 108 -132
3 -108 -135 107
3 -107 106 105
3 -106 104 103
3 -103 102 101
3 -102 100 99
3 -99 98 97
3 -98 96 95
3 -95 94 93
3 -94 92 91
3 -91 90 -131
3 89 88 87
3 -88 86 85
3 84 83 82
3 -83 81 80
3 -80 79 78
3 -79 77 76
3 -76 75 -85
3 74 73 72
3 -73 71 70
3 -70 69 68
3 67 66 65
3 -66 -89 64
3 -64 63 62
3 -63 -138 61
3 -61 60 59
3 -60 58 57
3 -57 56 55
3 -56 -727 54
3 -54 53 52
3 -53 51 50
3 -50 49 48
3 -49 -69 47
3 46 45 -84
3 -45 44 43
3 -43 42 -72
3 -101 41 40
3 -41 39 -77
3 -105 38 37
3 -38 -40 -81
3 -37 36 -113
3 -36 -68 35
3 -39 34 -75
3 -34 -97 33
3 32 -65 31
3 -31 30 -90
3 -30 -62 29
3 -29 28 -129
3 -28 -59 27
3 -27 26 -125
3 -26 -55 25
3 -25 24 -122
3 -24 -52 23
3 -23 22 -118
3 -22 -48 21
3 -21 20 -116
3 -20 -47 19
3 -19 18 -112
3 -18 -71 17
3 -17 16 -110
3 -16 -74 15
3 -15 14 -133
3 -14 -42 13
3 -13 12 -109
3 -12 -44 11
3 -11 10 -137
3 -92 9 -32
3 -9 8 -67
3 -96 7 -8
3 -7 6 -86
3 -100 5 -6
3 -5 4 -78
3 -104 3 -4
3 -3 2 -82
3 -136 1 -2
3 -1 -10 -46
0
0
7
*
261
-1548.999756 1374.219238 1917.559814
-1548.999756 1374.216431 1924.559814
-1538.999756 1374.219238 1917.559814
-1538.999756 1374.376831 1530.559814
-1548.999756 1374.379272 1524.559814
-1548.999756 1374.376831 1530.559814
-8248.999023 1374.376831 1530.559814
-8198.999023 1374.376831 1530.559814
-8248.999023 1374.219238 1917.559814
-8198.999023 1374.219238 1917.559814
-8198.999023 1373.992432 2474.559814
-8248.999023 1373.992432 2474.559814
-8198.999023 1374.216431 1924.559814
-8248.999023 1374.216431 1924.559814
-8248.999023 1774.379272 1524.722778
-8248.999023 2124.379150 1524.865356
-8198.999023 1774.379272 1524.722778
-8198.999023 2124.379150 1524.865356
-8198.999023 1950.217163 1922.794434
-8198.999023 1919.235962 1876.781738
-8198.999023 1454.196045 1974.592407
-8198.999023 1454.033081 2374.592529
-8198.999023 2123.992432 2474.865234
-8198.999023 2044.033203 2374.832520
-8198.999023 2044.196045 1974.832642
-8198.999023 1968.195923 1974.801758
-8198.999023 1878.250610 1840.765137
-8198.999023 1830.261108 1814.745605
-8198.999023 1530.196045 1974.623291
-8198.999023 1548.217163 1922.630737
-8198.999023 1579.235962 1876.643311
-8198.999023 1620.250610 1840.660034
-8198.999023 1374.379272 1524.559814
-8198.999023 1668.261108 1814.679565
-8198.999023 1574.379272 1524.641235
-8198.999023 1722.266846 1800.701538
-8198.999023 1776.266846 1800.723511
-8248.999023 1950.217163 1922.794434
-8248.999023 1968.195923 1974.801758
-8248.999023 2044.196045 1974.832642
-8248.999023 1878.250610 1840.765137
-8248.999023 1919.235962 1876.781738
-8248.999023 2123.992432 2474.865234
-8248.999023 2044.033203 2374.832520
-8248.999023 1454.033081 2374.592529
-8248.999023 1454.196045 1974.592407
-8248.999023 1530.196045 1974.623291
-8248.999023 1548.217163 1922.630737
-8248.999023 1579.235962 1876.643311
-8248.999023 1374.379272 1524.559814
-8248.999023 1620.250610 1840.660034
-8248.999023 1574.379272 1524.641235
-8248.999023 1668.261108 1814.679565
-8248.999023 1722.266846 1800.701538
-8248.999023 1776.266846 1800.723511
-8248.999023 1830.261108 1814.745605
18349.998047 1374.379272 1524.559814
18349.998047 1574.379272 1524.641235
18399.998047 1574.379272 1524.641235
5050.999512 1374.379272 1524.559814
5050.999512 1574.379272 1524.641235
5100.999512 1574.379272 1524.641235
5100.999512 1374.379272 1524.559814
-1598.999756 1374.379272 1524.559814
-1548.999756 1574.379272 1524.641235
-1598.999756 1574.379272 1524.641235
18399.998047 1374.379272 1524.559814
11749.999023 1374.379272 1524.559814
11699.999023 1374.379272 1524.559814
11749.999023 1574.379272 1524.641235
11699.999023 1574.379272 1524.641235
-1538.999756 1373.220825 1913.559448
-1598.999756 1374.219238 1917.559814
-1538.999756 1373.374878 1535.559448
-1598.999756 1374.376831 1530.559814
-16499.998047 1374.379272 1524.559814
-16499.998047 1358.369507 1548.553345
-16499.998047 1374.376831 1530.559814
-16499.998047 1362.369995 1547.554932
-16499.998047 1373.374878 1535.559448
-16499.998047 1366.370728 1545.556519
-16499.998047 1372.373169 1539.558960
-1598.999756 1774.379272 1524.722778
-1598.999756 2124.379150 1524.865356
-1548.999756 1774.379272 1524.722778
-1548.999756 2124.379150 1524.865356
-1548.999756 1373.992432 2474.559814
-1598.999756 1374.216431 1924.559814
-1598.999756 1373.992432 2474.559814
-1548.999756 1454.196045 1974.592407
-1548.999756 1454.033081 2374.592529
-1548.999756 2044.196045 1974.832642
-1548.999756 2044.033203 2374.832520
-1548.999756 2123.992432 2474.865234
-1548.999756 1968.195923 1974.801758
-1548.999756 1950.217163 1922.794434
-1548.999756 1919.235962 1876.781738
-1548.999756 1878.250610 1840.765137
-1548.999756 1830.261108 1814.745605
-1548.999756 1530.196045 1974.623291
-1548.999756 1548.217163 1922.630737
-1548.999756 1579.235962 1876.643311
-1548.999756 1620.250610 1840.660034
-1548.999756 1668.261108 1814.679565
-1548.999756 1722.266846 1800.701538
-1548.999756 1776.266846 1800.723511
-1598.999756 1950.217163 1922.794434
-1598.999756 1968.195923 1974.801758
-1598.999756 2044.196045 1974.832642
-1598.999756 1878.250610 1840.765137
-1598.999756 1919.235962 1876.781738
-1598.999756 2123.992432 2474.865234
-1598.999756 2044.033203 2374.832520
-1598.999756 1454.033081 2374.592529
-1598.999756 1454.196045 1974.592407
-1598.999756 1530.196045 1974.623291
-1598.999756 1548.217163 1922.630737
-1598.999756 1579.235962 1876.643311
-1598.999756 1620.250610 1840.660034
-1598.999756 1668.261108 1814.679565
-1598.999756 1722.266846 1800.701538
-1598.999756 1776.266846 1800.723511
-1598.999756 1830.261108 1814.745605
5050.999512 1774.379272 1524.722778
5050.999512 2124.379150 1524.865356
5100.999512 1774.379272 1524.722778
5100.999512 2124.379150 1524.865356
5050.999512 1374.219238 1917.559814
5050.999512 1374.376831 1530.559814
5100.999512 1374.219238 1917.559814
5100.999512 1374.376831 1530.559814
5100.999512 1374.216431 1924.559814
5100.999512 1373.992432 2474.559814
5050.999512 1374.216431 1924.559814
5050.999512 1373.992432 2474.559814
5100.999512 1454.196045 1974.592407
5100.999512 1454.033081 2374.592529
5100.999512 2044.196045 1974.832642
5100.999512 2044.033203 2374.832520
5100.999512 2123.992432 2474.865234
5100.999512 1968.195923 1974.801758
5100.999512 1950.217163 1922.794434
5100.999512 1919.235962 1876.781738
5100.999512 1878.250610 1840.765137
5100.999512 1830.261108 1814.745605
5100.999512 1530.196045 1974.623291
5100.999512 1548.217163 1922.630737
5100.999512 1579.235962 1876.643311
5100.999512 1620.250610 1840.660034
5100.999512 1668.261108 1814.679565
5100.999512 1722.266846 1800.701538
5100.999512 1776.266846 1800.723511
5050.999512 1950.217163 1922.794434
5050.999512 1968.195923 1974.801758
5050.999512 2044.196045 1974.832642
5050.999512 1878.250610 1840.765137
5050.999512 1919.235962 1876.781738
5050.999512 2123.992432 2474.865234
5050.999512 2044.033203 2374.832520
5050.999512 1454.033081 2374.592529
5050.999512 1454.196045 1974.592407
5050.999512 1530.196045 1974.623291
5050.999512 1548.217163 1922.630737
5050.999512 1579.235962 1876.643311
5050.999512 1620.250610 1840.660034
5050.999512 1668.261108 1814.679565
5050.999512 1722.266846 1800.701538
5050.999512 1776.266846 1800.723511
5050.999512 1830.261108 1814.745605
11699.999023 1774.379272 1524.722778
11699.999023 2124.379150 1524.865356
11749.999023 1774.379272 1524.722778
11749.999023 2124.379150 1524.865356
11699.999023 1374.219238 1917.559814
11699.999023 1374.376831 1530.559814
11749.999023 1374.219238 1917.559814
11749.999023 1374.376831 1530.559814
11749.999023 1374.216431 1924.559814
11749.999023 1373.992432 2474.559814
11699.999023 1374.216431 1924.559814
11699.999023 1373.992432 2474.559814
11749.999023 1950.217163 1922.794434
11749.999023 1919.235962 1876.781738
11749.999023 1454.196045 1974.592407
11749.999023 1454.033081 2374.592529
11749.999023 2123.992432 2474.865234
11749.999023 2044.033203 2374.832520
11749.999023 2044.196045 1974.832642
11749.999023 1968.195923 1974.801758
11749.999023 1878.250610 1840.765137
11749.999023 1830.261108 1814.745605
11749.999023 1530.196045 1974.623291
11749.999023 1548.217163 1922.630737
11749.999023 1579.235962 1876.643311
11749.999023 1620.250610 1840.660034
11749.999023 1668.261108 1814.679565
11749.999023 1722.266846 1800.701538
11749.999023 1776.266846 1800.723511
11699.999023 1950.217163 1922.794434
11699.999023 1968.195923 1974.801758
11699.999023 2044.196045 1974.832642
11699.999023 1878.250610 1840.765137
11699.999023 1919.235962 1876.781738
11699.999023 2123.992432 2474.865234
11699.999023 2044.033203 2374.832520
11699.999023 1454.033081 2374.592529
11699.999023 1454.196045 1974.592407
11699.999023 1530.196045 1974.623291
11699.999023 1548.217163 1922.630737
11699.999023 1579.235962 1876.643311
11699.999023 1620.250610 1840.660034
11699.999023 1668.261108 1814.679565
11699.999023 1722.266846 1800.701538
11699.999023 1776.266846 1800.723511
11699.999023 1830.261108 1814.745605
18349.998047 1774.379272 1524.722778
18349.998047 2124.379150 1524.865356
18399.998047 1774.379272 1524.722778
18399.998047 2124.379150 1524.865356
18349.998047 1374.219238 1917.559814
18349.998047 1374.376831 1530.559814
18399.998047 1374.219238 1917.559814
18399.998047 1374.376831 1530.559814
18399.998047 1374.216431 1924.559814
18399.998047 1373.992432 2474.559814
18349.998047 1374.216431 1924.559814
18349.998047 1373.992432 2474.559814
18399.998047 1950.217163 1922.794434
18399.998047 1919.235962 1876.781738
18399.998047 1454.196045 1974.592407
18399.998047 1454.033081 2374.592529
18399.998047 2123.992432 2474.865234
18399.998047 2044.033203 2374.832520
18399.998047 2044.196045 1974.832642
18399.998047 1968.195923 1974.801758
18399.998047 1878.250610 1840.765137
18399.998047 1830.261108 1814.745605
18399.998047 1530.196045 1974.623291
18399.998047 1548.217163 1922.630737
18399.998047 1579.235962 1876.643311
18399.998047 1620.250610 1840.660034
18399.998047 1668.261108 1814.679565
18399.998047 1722.266846 1800.701538
18399.998047 1776.266846 1800.723511
18349.998047 1950.217163 1922.794434
18349.998047 1968.195923 1974.801758
18349.998047 2044.196045 1974.832642
18349.998047 1878.250610 1840.765137
18349.998047 1919.235962 1876.781738
18349.998047 2123.992432 2474.865234
18349.998047 2044.033203 2374.832520
18349.998047 1454.033081 2374.592529
18349.998047 1454.196045 1974.592407
18349.998047 1530.196045 1974.623291
18349.998047 1548.217163 1922.630737
18349.998047 1579.235962 1876.643311
18349.998047 1620.250610 1840.660034
18349.998047 1668.261108 1814.679565
18349.998047 1722.266846 1800.701538
18349.998047 1776.266846 1800.723511
18349.998047 1830.261108 1814.745605
0
756
230 250
232 250
232 246
233 246
233 245
253 238
254 238
254 239
255 239
255 240
256 240
256 241
257 241
257 242
258 242
258 243
259 243
259 236
260 236
260 235
247 235
247 228
248 228
248 227
244 227
244 234
234 245
237 253
237 252
229 252
251 230
229 251
231 226
249 231
218 249
260 247
260 216
259 260
259 216
259 215
258 259
258 215
257 258
215 57
257 215
257 57
256 257
256 57
256 56
255 256
56 220
255 56
255 220
254 255
254 220
254 219
253 254
253 219
252 253
219 225
252 219
252 225
251 252
251 225
251 226
250 251
226 249
250 226
250 249
246 250
249 216
246 249
246 216
244 216
248 244
216 247
248 216
247 248
246 244
245 246
244 245
236 243
243 242
217 243
217 242
58 217
242 241
58 242
58 241
241 240
66 241
66 240
222 66
240 239
222 240
222 239
239 238
221 239
221 238
238 237
229 238
237 229
236 217
236 218
235 236
235 218
228 235
234 227
234 218
233 234
218 231
233 218
233 231
232 233
232 231
230 232
231 224
230 231
230 224
230 223
229 230
223 221
229 223
221 229
218 227
228 218
227 228
226 225
224 226
225 223
224 225
223 224
222 221
220 222
221 219
220 221
219 220
218 217
216 218
217 215
216 217
215 216
184 204
186 204
186 200
187 200
187 199
207 192
208 192
208 193
209 193
209 194
210 194
210 195
211 195
211 196
212 196
212 197
213 197
213 190
214 190
214 189
201 189
201 182
202 182
202 181
198 181
198 188
188 199
191 207
191 206
183 206
205 184
183 205
185 180
203 185
172 203
214 201
214 170
213 214
213 170
213 169
212 213
212 169
211 212
169 70
211 169
211 70
210 211
210 70
210 68
209 210
68 174
209 68
209 174
208 209
208 174
208 173
207 208
207 173
206 207
173 179
206 173
206 179
205 206
205 179
205 180
204 205
180 203
204 180
204 203
200 204
203 170
200 203
200 170
198 170
202 198
170 201
202 170
201 202
200 198
199 200
198 199
190 197
197 196
171 197
171 196
69 171
196 195
69 196
69 195
195 194
67 195
67 194
176 67
194 193
176 194
176 193
193 192
175 193
175 192
192 191
183 192
191 183
190 171
190 172
189 190
189 172
182 189
188 181
188 172
187 188
172 185
187 172
187 185
186 187
186 185
184 186
185 178
184 185
184 178
184 177
183 184
177 175
183 177
175 183
172 181
182 172
181 182
180 179
178 180
179 177
178 179
177 178
176 175
174 176
175 173
174 175
173 174
172 171
170 172
171 169
170 171
169 170
136 158
138 158
138 154
137 154
137 153
161 146
162 146
162 147
163 147
163 148
164 148
164 149
165 149
165 150
166 150
166 151
167 151
167 144
168 144
168 143
155 143
155 142
156 142
156 141
152 141
152 140
140 153
145 161
145 160
135 160
159 136
135 159
139 134
157 139
126 157
168 155
168 124
167 168
167 124
167 123
166 167
166 123
165 166
123 60
165 123
165 60
164 165
164 60
164 59
163 164
59 128
163 59
163 128
162 163
162 128
162 127
161 162
161 127
160 161
127 133
160 127
160 133
159 160
159 133
159 134
158 159
134 157
158 134
158 157
154 158
157 124
154 157
154 124
152 124
156 152
124 155
156 124
155 156
154 152
153 154
152 153
144 151
151 150
125 151
125 150
61 125
150 149
61 150
61 149
149 148
62 149
62 148
130 62
148 147
130 148
130 147
147 146
129 147
129 146
146 145
135 146
145 135
144 125
144 126
143 144
143 126
142 143
142 126
141 142
141 126
140 141
140 126
137 140
132 136
139 132
136 138
139 136
139 138
126 139
138 137
126 138
137 126
136 131
135 136
131 129
135 131
129 135
134 133
132 134
133 131
132 133
131 132
130 129
128 130
129 127
128 129
127 128
126 125
124 126
125 123
124 125
123 124
90 112
92 112
92 108
91 108
91 107
115 100
116 100
116 101
117 101
117 102
118 102
118 103
119 103
119 104
120 104
120 105
121 105
121 98
122 98
122 97
109 97
109 96
110 96
110 95
106 95
106 94
94 107
99 115
99 114
89 114
113 90
89 113
93 88
111 93
85 111
122 109
122 83
121 122
121 83
121 82
120 121
120 82
119 120
82 65
119 82
119 65
118 119
118 65
118 63
117 118
63 74
117 63
117 74
116 117
116 74
116 72
115 116
115 72
114 115
72 87
114 72
114 87
113 114
113 87
113 88
112 113
88 111
112 88
112 111
108 112
111 83
108 111
108 83
106 83
110 106
83 109
110 83
109 110
108 106
107 108
106 107
98 105
105 104
84 105
84 104
64 84
104 103
64 104
64 103
103 102
4 103
4 102
102 101
5 102
5 101
101 100
0 101
0 100
100 99
89 100
99 89
98 84
98 85
97 98
97 85
96 97
96 85
95 96
95 85
94 95
94 85
91 94
86 90
93 86
90 92
93 90
93 92
85 93
92 91
85 92
91 85
90 1
89 90
89 1
0 89
88 87
86 88
87 1
86 87
1 86
5 0
74 0
72 74
85 84
83 85
84 82
83 84
82 83
81 79
80 81
80 79
78 80
79 77
78 79
78 77
76 78
77 75
76 77
75 76
74 73
5 74
5 73
73 3
72 0
71 72
71 0
2 71
21 43
23 43
23 39
24 39
24 38
46 29
47 29
47 30
48 30
48 31
50 31
50 33
52 33
52 35
53 35
53 36
54 36
54 27
55 27
55 26
40 26
40 19
41 19
41 18
37 18
37 25
25 38
28 46
28 45
20 45
44 21
20 44
22 11
42 22
17 42
70 69
68 70
69 67
68 69
67 68
66 56
58 66
65 64
63 65
64 4
63 64
4 63
62 59
61 62
61 59
60 61
59 60
51 34
49 34
32 49
58 56
57 58
56 57
55 40
55 15
54 55
54 15
54 14
53 54
53 14
52 53
14 51
52 14
52 51
50 52
51 49
50 51
50 49
48 50
49 6
48 49
48 6
47 48
47 6
47 8
46 47
46 8
45 46
8 13
45 8
45 13
44 45
44 13
44 11
43 44
11 42
43 11
43 42
39 43
42 15
39 42
39 15
37 15
41 37
15 40
41 15
40 41
39 37
38 39
37 38
27 36
36 35
16 36
16 35
34 16
35 33
34 35
34 33
32 34
33 31
32 33
32 31
7 32
31 30
7 31
7 30
30 29
9 30
9 29
29 28
20 29
28 20
27 16
27 17
26 27
26 17
19 26
25 18
25 17
24 25
17 22
24 17
24 22
23 24
23 22
21 23
22 10
21 22
21 10
21 12
20 21
12 9
20 12
9 20
17 18
19 17
18 19
17 16
15 17
16 14
15 16
14 15
13 12
11 13
12 10
11 12
10 11
9 8
7 9
8 6
7 8
6 7
5 3
4 5
3 4
2 0
1 2
0 1
481
3 756 755 754
3 753 752 751
3 750 749 748
3 -749 747 746
3 745 744 743
3 -744 742 741
3 740 739 738
3 -739 737 736
3 735 734 733
3 732 731 730
3 -731 729 728
3 -728 727 -743
3 -727 726 725
3 724 723 -726
3 -723 722 721
3 -721 720 719
3 -720 718 717
3 -717 716 -733
3 715 714 -734
3 -714 713 712
3 -712 711 -736
3 710 709 708
3 -709 -732 707
3 -707 706 705
3 -706 -747 704
3 -704 703 702
3 -703 701 700
3 -700 699 698
3 -699 697 696
3 -696 695 694
3 -695 693 692
3 -692 691 690
3 -691 -711 689
3 688 687 686
3 685 684 683
3 682 681 -684
3 -681 -686 680
3 -680 679 678
3 -679 677 676
3 -676 675 674
3 -675 673 672
3 -672 671 -742
3 -671 670 669
3 -669 668 667
3 666 665 -668
3 -665 664 663
3 -663 662 -748
3 -662 661 660
3 -660 659 658
3 -659 657 656
3 -656 655 654
3 -655 653 652
3 -652 651 650
3 649 648 -651
3 -648 647 646
3 -646 645 -740
3 -645 644 643
3 -643 642 -683
3 641 640 639
3 638 637 -697
3 -637 -654 636
3 635 634 633
3 632 631 -633
3 630 629 628
3 -629 627 626
3 625 624 -639
3 623 622 621
3 -622 620 619
3 -719 618 617
3 -618 -737 -678
3 -725 616 -745
3 -616 -617 -674
3 -729 615 614
3 -615 613 -670
3 -710 612 -613
3 -612 611 -666
3 610 -688 609
3 -609 608 -716
3 -608 -682 607
3 -607 606 -735
3 -606 -685 605
3 -605 604 -715
3 -604 -642 603
3 -603 602 -713
3 -602 -644 601
3 -601 600 -689
3 -600 -647 599
3 -599 598 -690
3 -598 -649 597
3 -597 596 -694
3 -596 -653 595
3 -595 594 -698
3 -594 -657 593
3 -593 592 -702
3 -592 -661 591
3 -591 590 -705
3 -590 -664 589
3 -589 -611 -708
3 -718 588 -610
3 -588 587 -687
3 -722 586 -587
3 -586 585 -677
3 -724 584 -585
3 -584 -614 -673
3 -754 583 582
3 581 580 -582
3 579 -751 578
3 -578 577 576
3 575 574 573
3 -574 572 571
3 -571 570 569
3 -570 568 567
3 -567 566 565
3 564 563 562
3 -563 561 560
3 559 558 -580
3 -558 -577 557
3 556 555 554
3 -555 553 552
3 551 550 -756
3 -550 549 548
3 547 546 545
3 -546 544 543
3 -543 542 541
3 -542 540 539
3 -539 -556 -548
3 538 537 -547
3 -537 536 535
3 -535 534 533
3 532 531 -533
3 -531 530 529
3 -529 528 -560
3 527 526 525
3 -526 -551 524
3 -524 523 522
3 -523 -557 521
3 -521 520 519
3 -520 -752 518
3 -518 517 516
3 -517 -628 515
3 -515 514 513
3 -514 512 511
3 -511 510 509
3 -510 -528 508
3 507 506 505
3 504 503 502
3 501 500 -503
3 -500 -505 499
3 -499 498 497
3 -498 496 495
3 -495 494 493
3 -494 492 491
3 -491 490 -552
3 -490 489 488
3 -488 487 486
3 485 484 -487
3 -484 483 482
3 -482 481 -559
3 -481 480 479
3 -479 478 477
3 -478 476 475
3 -475 474 -627
3 -474 473 472
3 -472 471 470
3 469 468 -471
3 -468 467 466
3 -466 465 -564
3 -465 464 463
3 -463 462 -502
3 -544 461 460
3 -461 -561 -497
3 -540 459 -553
3 -459 -460 -493
3 -549 458 457
3 -458 456 -489
3 -527 455 -456
3 -455 454 -485
3 453 -507 452
3 -452 451 -536
3 -451 -501 450
3 -450 449 -534
3 -449 -504 448
3 -448 447 -532
3 -447 -462 446
3 -446 445 -530
3 -445 -464 444
3 -444 443 -508
3 -443 -467 442
3 -442 441 -509
3 -441 -469 440
3 -440 439 -513
3 -439 -473 438
3 -438 437 -516
3 -437 -476 436
3 -436 435 -519
3 -435 -480 434
3 -434 433 -522
3 -433 -483 432
3 -432 -454 -525
3 -538 431 -453
3 -431 430 -506
3 -545 429 -430
3 -429 428 -496
3 -541 427 -428
3 -427 -457 -492
3 426 425 424
3 -425 423 422
3 421 420 419
3 -420 418 417
3 416 415 414
3 -415 413 412
3 411 410 409
3 -410 408 407
3 406 405 404
3 -405 403 402
3 -402 401 400
3 -401 399 398
3 -398 -416 -407
3 397 396 -406
3 -396 395 394
3 -394 393 392
3 391 390 -392
3 -390 389 388
3 -388 387 -422
3 386 385 384
3 -385 -411 383
3 -383 382 381
3 -382 -417 380
3 -380 379 378
3 -379 377 376
3 -376 375 374
3 -375 -632 373
3 -373 372 371
3 -372 370 369
3 -369 368 367
3 -368 -387 366
3 365 364 363
3 362 361 360
3 359 358 -361
3 -358 -363 357
3 -357 356 355
3 -356 354 353
3 -353 352 351
3 -352 350 349
3 -349 348 -412
3 -348 347 346
3 -346 345 344
3 343 342 -345
3 -342 341 340
3 -340 339 -421
3 -339 338 337
3 -337 336 335
3 -336 334 333
3 -333 332 -635
3 -332 331 330
3 -330 329 328
3 327 326 -329
3 -326 325 324
3 -324 323 -426
3 -323 322 321
3 -321 320 -360
3 -403 319 318
3 -319 -423 -355
3 -399 317 -413
3 -317 -318 -351
3 -408 316 315
3 -316 314 -347
3 -386 313 -314
3 -313 312 -343
3 311 -365 310
3 -310 309 -395
3 -309 -359 308
3 -308 307 -393
3 -307 -362 306
3 -306 305 -391
3 -305 -320 304
3 -304 303 -389
3 -303 -322 302
3 -302 301 -366
3 -301 -325 300
3 -300 299 -367
3 -299 -327 298
3 -298 297 -371
3 -297 -331 296
3 -296 295 -374
3 -295 -334 294
3 -294 293 -378
3 -293 -338 292
3 -292 291 -381
3 -291 -341 290
3 -290 -312 -384
3 -397 289 -311
3 -289 288 -364
3 -404 287 -288
3 -287 286 -354
3 -400 285 -286
3 -285 -315 -350
3 284 283 282
3 -283 281 280
3 279 278 277
3 -278 276 275
3 274 273 272
3 -273 271 270
3 269 268 267
3 266 265 264
3 -265 263 262
3 -262 261 -274
3 -261 260 259
3 258 257 -260
3 -257 256 255
3 -255 254 253
3 -254 252 251
3 -251 250 -267
3 249 248 -268
3 -248 247 246
3 -246 245 -280
3 244 243 242
3 -243 -266 241
3 -241 240 239
3 -240 -275 238
3 -238 237 236
3 -237 235 234
3 -234 233 232
3 -233 -621 231
3 -231 230 229
3 -230 228 227
3 -227 226 225
3 -226 -245 224
3 223 222 221
3 220 219 218
3 217 216 -219
3 -216 -221 215
3 -215 214 213
3 -214 212 211
3 -211 210 209
3 -210 208 207
3 -207 206 -270
3 -206 205 204
3 -204 203 202
3 201 200 -203
3 -200 199 198
3 -198 197 -279
3 -197 196 195
3 -195 194 193
3 -194 192 191
3 -191 190 -620
3 -190 189 188
3 -188 187 186
3 185 184 -187
3 -184 183 182
3 -182 181 -284
3 -181 180 179
3 -179 178 -218
3 -253 177 176
3 -177 -281 -213
3 -259 175 -271
3 -175 -176 -209
3 -263 174 173
3 -174 172 -205
3 -244 171 -172
3 -171 170 -201
3 169 -223 168
3 -168 167 -250
3 -167 -217 166
3 -166 165 -269
3 -165 -220 164
3 -164 163 -249
3 -163 -178 162
3 -162 161 -247
3 -161 -180 160
3 -160 159 -224
3 -159 -183 158
3 -158 157 -225
3 -157 -185 156
3 -156 155 -229
3 -155 -189 154
3 -154 153 -232
3 -153 -192 152
3 -152 151 -236
3 -151 -196 150
3 -150 149 -239
3 -149 -199 148
3 -148 -170 -242
3 -252 147 -169
3 -147 146 -222
3 -256 145 -146
3 -145 144 -212
3 -258 143 -144
3 -143 -173 -208
3 142 141 140
3 -141 139 138
3 137 136 135
3 -136 134 133
3 132 131 130
3 -131 129 128
3 127 126 125
3 124 123 122
3 -123 121 120
3 -120 119 -132
3 -119 118 117
3 116 115 -118
3 -115 114 113
3 -113 112 111
3 -112 110 109
3 -109 108 -125
3 107 106 -126
3 -106 105 104
3 -104 103 -138
3 102 101 100
3 -101 -124 99
3 -99 98 97
3 -98 -133 96
3 -96 95 94
3 -95 93 92
3 -92 91 90
3 -91 -625 89
3 -89 88 87
3 -88 86 85
3 -85 84 83
3 -84 -103 82
3 81 80 79
3 78 77 76
3 75 74 -77
3 -74 -79 73
3 -73 72 71
3 -72 70 69
3 -69 68 67
3 -68 66 65
3 -65 64 -128
3 -64 63 62
3 -62 61 60
3 59 58 -61
3 -58 57 56
3 -56 55 -137
3 -55 54 53
3 -53 52 51
3 -52 50 49
3 -49 48 -641
3 -48 47 46
3 -46 45 44
3 43 42 -45
3 -42 41 40
3 -40 39 -142
3 -39 38 37
3 -37 36 -76
3 -111 35 34
3 -35 -139 -71
3 -117 33 -129
3 -33 -34 -67
3 -121 32 31
3 -32 30 -63
3 -102 29 -30
3 -29 28 -59
3 27 -81 26
3 -26 25 -108
3 -25 -75 24
3 -24 23 -127
3 -23 -78 22
3 -22 21 -107
3 -21 -36 20
3 -20 19 -105
3 -19 -38 18
3 -18 17 -82
3 -17 -41 16
3 -16 15 -83
3 -15 -43 14
3 -14 13 -87
3 -13 -47 12
3 -12 11 -90
3 -11 -50 10
3 -10 9 -94
3 -9 -54 8
3 -8 7 -97
3 -7 -57 6
3 -6 -28 -100
3 -110 5 -27
3 -5 4 -80
3 -114 3 -4
3 -3 2 -70
3 -116 1 -2
3 -1 -31 -66
0
0
7
*
12
-14899.998047 -1490.620483 1523.393188
-14899.998047 -1540.620483 1523.372803
-14849.998047 -1490.620483 1523.393188
-14849.998047 -1540.620483 1523.372803
-15119.998047 -1490.556152 1365.393188
-15119.998047 -1540.556152 1365.372803
-15119.998047 -1490.535767 1315.393188
-15119.998047 -1540.535767 1315.372803
-14619.998047 -1490.535767 1315.393188
-14619.998047 -1540.535767 1315.372803
-14619.998047 -1490.556152 1365.393188
-14619.998047 -1540.556152 1365.372803
0
30
6 0
6 2
8 2
9 3
9 1
7 1
3 11
10 2
3 10
11 9
8 10
11 8
10 11
9 7
6 8
9 6
8 9
7 5
4 6
7 4
6 7
5 1
0 4
5 0
4 5
3 2
1 3
2 0
1 2
0 1
20
3 30 29 28
3 -29 27 26
3 25 24 23
3 -24 22 -30
3 21 20 19
3 -20 18 -25
3 17 16 15
3 -16 14 -21
3 13 12 11
3 -12 10 -17
3 -26 9 8
3 -9 7 -13
3 -18 6 -22
3 -6 -14 5
3 -5 4 -27
3 -4 -10 -7
3 -11 3 -8
3 -3 -15 2
3 -2 1 -28
3 -1 -19 -23
0
0
7
*
8
-15119.998047 -1540.556152 1365.372803
-14619.998047 -1540.556152 1365.372803
-15119.998047 -1540.535767 1315.372803
-14619.998047 -1540.535767 1315.372803
-14989.998047 -1911.556152 1365.221680
-14989.998047 -1911.535767 1315.221680
-14759.998047 -1911.556152 1365.221680
-14759.998047 -1911.535767 1315.221680
0
18
5 3
6 0
7 3
6 3
1 6
5 7
7 6
4 7
6 4
2 5
5 4
0 5
4 0
3 2
1 3
2 0
1 2
0 1
12
3 18 17 16
3 -17 15 14
3 13 12 11
3 -12 -16 10
3 9 8 7
3 -8 -11 6
3 5 4 -15
3 -4 -7 3
3 -9 2 -13
3 -2 -5 -18
3 -6 1 -3
3 -1 -10 -14
0
0
7
*
12
-8248.999023 -1490.620483 1523.393188
-8248.999023 -1540.620483 1523.372803
-8198.999023 -1490.620483 1523.393188
-8198.999023 -1540.620483 1523.372803
-8473.999023 -1490.556152 1365.393188
-8473.999023 -1540.556152 1365.372803
-8473.999023 -1490.535767 1315.393188
-8473.999023 -1540.535767 1315.372803
-7973.999023 -1490.535767 1315.393188
-7973.999023 -1540.535767 1315.372803
-7973.999023 -1490.556152 1365.393188
-7973.999023 -1540.556152 1365.372803
0
30
6 0
6 2
8 2
9 3
9 1
7 1
3 11
10 2
3 10
11 9
8 10
11 8
10 11
9 7
6 8
9 6
8 9
7 5
4 6
7 4
6 7
5 1
0 4
5 0
4 5
3 2
1 3
2 0
1 2
0 1
20
3 30 29 28
3 -29 27 26
3 25 24 23
3 -24 22 -30
3 21 20 19
3 -20 18 -25
3 17 16 15
3 -16 14 -21
3 13 12 11
3 -12 10 -17
3 -26 9 8
3 -9 7 -13
3 -18 6 -22
3 -6 -14 5
3 -5 4 -27
3 -4 -10 -7
3 -11 3 -8
3 -3 -15 2
3 -2 1 -28
3 -1 -19 -23
0
0
7
*
12
-1598.999756 -1490.620483 1523.393188
-1598.999756 -1540.620483 1523.372803
-1548.999756 -1490.620483 1523.393188
-1548.999756 -1540.620483 1523.372803
-1823.999756 -1490.556152 1365.393188
-1823.999756 -1540.556152 1365.372803
-1823.999756 -1490.535767 1315.393188
-1823.999756 -1540.535767 1315.372803
-1323.999878 -1490.535767 1315.393188
-1323.999878 -1540.535767 1315.372803
-1323.999878 -1490.556152 1365.393188
-1323.999878 -1540.556152 1365.372803
0
30
6 0
6 2
8 2
9 3
9 1
7 1
3 11
10 2
3 10
11 9
8 10
11 8
10 11
9 7
6 8
9 6
8 9
7 5
4 6
7 4
6 7
5 1
0 4
5 0
4 5
3 2
1 3
2 0
1 2
0 1
20
3 30 29 28
3 -29 27 26
3 25 24 23
3 -24 22 -30
3 21 20 19
3 -20 18 -25
3 17 16 15
3 -16 14 -21
3 13 12 11
3 -12 10 -17
3 -26 9 8
3 -9 7 -13
3 -18 6 -22
3 -6 -14 5
3 -5 4 -27
3 -4 -10 -7
3 -11 3 -8
3 -3 -15 2
3 -2 1 -28
3 -1 -19 -23
0
0
7
*
12
5050.999512 -1490.620483 1523.393188
5050.999512 -1540.620483 1523.372803
5100.999512 -1490.620483 1523.393188
5100.999512 -1540.620483 1523.372803
4825.999512 -1490.556152 1365.393188
4825.999512 -1540.556152 1365.372803
4825.999512 -1490.535767 1315.393188
4825.999512 -1540.535767 1315.372803
5325.999512 -1490.535767 1315.393188
5325.999512 -1540.535767 1315.372803
5325.999512 -1490.556152 1365.393188
5325.999512 -1540.556152 1365.372803
0
30
6 0
6 2
8 2
9 3
9 1
7 1
3 11
10 2
3 10
11 9
8 10
11 8
10 11
9 7
6 8
9 6
8 9
7 5
4 6
7 4
6 7
5 1
0 4
5 0
4 5
3 2
1 3
2 0
1 2
0 1
20
3 30 29 28
3 -29 27 26
3 25 24 23
3 -24 22 -30
3 21 20 19
3 -20 18 -25
3 17 16 15
3 -16 14 -21
3 13 12 11
3 -12 10 -17
3 -26 9 8
3 -9 7 -13
3 -18 6 -22
3 -6 -14 5
3 -5 4 -27
3 -4 -10 -7
3 -11 3 -8
3 -3 -15 2
3 -2 1 -28
3 -1 -19 -23
0
0
7
*
12
11699.999023 -1490.620483 1523.393188
11699.999023 -1540.620483 1523.372803
11749.999023 -1490.620483 1523.393188
11749.999023 -1540.620483 1523.372803
11479.999023 -1490.556152 1365.393188
11479.999023 -1540.556152 1365.372803
11479.999023 -1490.535767 1315.393188
11479.999023 -1540.535767 1315.372803
11979.999023 -1490.535767 1315.393188
11979.999023 -1540.535767 1315.372803
11979.999023 -1490.556152 1365.393188
11979.999023 -1540.556152 1365.372803
0
30
6 0
6 2
8 2
9 3
9 1
7 1
3 11
10 2
3 10
11 9
8 10
11 8
10 11
9 7
6 8
9 6
8 9
7 5
4 6
7 4
6 7
5 1
0 4
5 0
4 5
3 2
1 3
2 0
1 2
0 1
20
3 30 29 28
3 -29 27 26
3 25 24 23
3 -24 22 -30
3 21 20 19
3 -20 18 -25
3 17 16 15
3 -16 14 -21
3 13 12 11
3 -12 10 -17
3 -26 9 8
3 -9 7 -13
3 -18 6 -22
3 -6 -14 5
3 -5 4 -27
3 -4 -10 -7
3 -11 3 -8
3 -3 -15 2
3 -2 1 -28
3 -1 -19 -23
0
0
7
*
8
-8473.999023 -1540.556152 1365.372803
-7973.999023 -1540.556152 1365.372803
-8473.999023 -1540.535767 1315.372803
-7973.999023 -1540.535767 1315.372803
-8338.999023 -1911.556152 1365.221680
-8338.999023 -1911.535767 1315.221680
-8108.999023 -1911.556152 1365.221680
-8108.999023 -1911.535767 1315.221680
0
18
5 3
6 0
7 3
6 3
1 6
5 7
7 6
4 7
6 4
2 5
5 4
0 5
4 0
3 2
1 3
2 0
1 2
0 1
12
3 18 17 16
3 -17 15 14
3 13 12 11
3 -12 -16 10
3 9 8 7
3 -8 -11 6
3 5 4 -15
3 -4 -7 3
3 -9 2 -13
3 -2 -5 -18
3 -6 1 -3
3 -1 -10 -14
0
0
7
*
8
-1823.999756 -1540.556152 1365.372803
-1323.999878 -1540.556152 1365.372803
-1823.999756 -1540.535767 1315.372803
-1323.999878 -1540.535767 1315.372803
-1688.999756 -1911.556152 1365.221680
-1688.999756 -1911.535767 1315.221680
-1458.999878 -1911.556152 1365.221680
-1458.999878 -1911.535767 1315.221680
0
18
5 3
6 0
7 3
6 3
1 6
5 7
7 6
4 7
6 4
2 5
5 4
0 5
4 0
3 2
1 3
2 0
1 2
0 1
12
3 18 17 16
3 -17 15 14
3 13 12 11
3 -12 -16 10
3 9 8 7
3 -8 -11 6
3 5 4 -15
3 -4 -7 3
3 -9 2 -13
3 -2 -5 -18
3 -6 1 -3
3 -1 -10 -14
0
0
7
*
8
4825.999512 -1540.556152 1365.372803
5325.999512 -1540.556152 1365.372803
4825.999512 -1540.535767 1315.372803
5325.999512 -1540.535767 1315.372803
4960.999512 -1911.556152 1365.221680
4960.999512 -1911.535767 1315.221680
5190.999512 -1911.556152 1365.221680
5190.999512 -1911.535767 1315.221680
0
18
5 3
6 0
7 3
6 3
1 6
5 7
7 6
4 7
6 4
2 5
5 4
0 5
4 0
3 2
1 3
2 0
1 2
0 1
12
3 18 17 16
3 -17 15 14
3 13 12 11
3 -12 -16 10
3 9 8 7
3 -8 -11 6
3 5 4 -15
3 -4 -7 3
3 -9 2 -13
3 -2 -5 -18
3 -6 1 -3
3 -1 -10 -14
0
0
7
*
8
11479.999023 -1540.556152 1365.372803
11979.999023 -1540.556152 1365.372803
11479.999023 -1540.535767 1315.372803
11979.999023 -1540.535767 1315.372803
11609.999023 -1911.556152 1365.221680
11609.999023 -1911.535767 1315.221680
11839.999023 -1911.556152 1365.221680
11839.999023 -1911.535767 1315.221680
0
18
5 3
6 0
7 3
6 3
1 6
5 7
7 6
4 7
6 4
2 5
5 4
0 5
4 0
3 2
1 3
2 0
1 2
0 1
12
3 18 17 16
3 -17 15 14
3 13 12 11
3 -12 -16 10
3 9 8 7
3 -8 -11 6
3 5 4 -15
3 -4 -7 3
3 -9 2 -13
3 -2 -5 -18
3 -6 1 -3
3 -1 -10 -14
0
0
7
*
8
18129.998047 -1540.556152 1365.372803
18629.998047 -1540.556152 1365.372803
18129.998047 -1540.535767 1315.372803
18629.998047 -1540.535767 1315.372803
18259.998047 -1911.556152 1365.221680
18259.998047 -1911.535767 1315.221680
18489.998047 -1911.556152 1365.221680
18489.998047 -1911.535767 1315.221680
0
18
5 3
6 0
7 3
6 3
1 6
5 7
7 6
4 7
6 4
2 5
5 4
0 5
4 0
3 2
1 3
2 0
1 2
0 1
12
3 18 17 16
3 -17 15 14
3 13 12 11
3 -12 -16 10
3 9 8 7
3 -8 -11 6
3 5 4 -15
3 -4 -7 3
3 -9 2 -13
3 -2 -5 -18
3 -6 1 -3
3 -1 -10 -14
0
0
7
*
12
18349.998047 -1490.620483 1523.393188
18349.998047 -1540.620483 1523.372803
18399.998047 -1490.620483 1523.393188
18399.998047 -1540.620483 1523.372803
18129.998047 -1490.556152 1365.393188
18129.998047 -1540.556152 1365.372803
18129.998047 -1490.535767 1315.393188
18129.998047 -1540.535767 1315.372803
18629.998047 -1490.535767 1315.393188
18629.998047 -1540.535767 1315.372803
18629.998047 -1490.556152 1365.393188
18629.998047 -1540.556152 1365.372803
0
30
8 4
8 0
10 0
9 3
9 1
7 1
3 11
10 2
3 10
11 9
8 10
11 8
10 11
9 7
6 8
9 6
8 9
7 5
4 6
7 4
6 7
5 1
0 4
5 0
4 5
3 2
1 3
2 0
1 2
0 1
20
3 30 29 28
3 -29 27 26
3 25 24 23
3 -24 22 -30
3 21 20 19
3 -20 18 -25
3 17 16 15
3 -16 14 -21
3 13 12 11
3 -12 10 -17
3 -26 9 8
3 -9 7 -13
3 -18 6 -22
3 -6 -14 5
3 -5 4 -27
3 -4 -10 -7
3 -8 3 -28
3 -3 -11 2
3 -2 1 -23
3 -1 -15 -19
0
0
7
*
8
-14619.998047 1539.443604 1366.627075
-15119.998047 1539.443604 1366.627075
-14619.998047 1539.463989 1316.627075
-15119.998047 1539.463989 1316.627075
-14989.998047 1910.443604 1366.778198
-14989.998047 1910.463989 1316.778198
-14759.998047 1910.443604 1366.778198
-14759.998047 1910.463989 1316.778198
0
18
7 3
4 0
2 7
0 7
6 0
7 5
6 7
6 5
4 6
5 3
4 5
4 3
1 4
3 2
1 3
2 0
1 2
0 1
12
3 18 17 16
3 -17 15 14
3 13 12 -15
3 -12 11 10
3 9 8 -11
3 -8 7 6
3 5 4 -7
3 -4 -16 3
3 -9 2 -5
3 -2 -13 -18
3 -6 1 -10
3 -1 -3 -14
0
0
7
*
12
-14899.998047 1539.379272 1524.627075
-14899.998047 1489.379272 1524.606689
-14849.998047 1539.379272 1524.627075
-14849.998047 1489.379272 1524.606689
-15119.998047 1539.443604 1366.627075
-15119.998047 1489.443604 1366.606689
-15119.998047 1539.463989 1316.627075
-15119.998047 1489.463989 1316.606689
-14619.998047 1539.463989 1316.627075
-14619.998047 1489.463989 1316.606689
-14619.998047 1539.443604 1366.627075
-14619.998047 1489.443604 1366.606689
0
30
9 3
9 1
7 1
6 0
6 2
8 2
3 11
10 2
3 10
11 9
8 10
11 8
10 11
9 7
6 8
9 6
8 9
7 5
4 6
7 4
6 7
5 1
0 4
5 0
4 5
3 2
1 3
2 0
1 2
0 1
20
3 30 29 28
3 -29 27 26
3 25 24 23
3 -24 22 -30
3 21 20 19
3 -20 18 -25
3 17 16 15
3 -16 14 -21
3 13 12 11
3 -12 10 -17
3 -26 9 8
3 -9 7 -13
3 -11 6 -8
3 -6 -15 5
3 -5 4 -28
3 -4 -19 -23
3 -18 3 -22
3 -3 -14 2
3 -2 1 -27
3 -1 -10 -7
0
0
7
*
8
-7973.999023 1539.443604 1366.627075
-8473.999023 1539.443604 1366.627075
-7973.999023 1539.463989 1316.627075
-8473.999023 1539.463989 1316.627075
-8338.999023 1910.443604 1366.778198
-8338.999023 1910.463989 1316.778198
-8108.999023 1910.443604 1366.778198
-8108.999023 1910.463989 1316.778198
0
18
7 3
4 0
2 7
0 7
6 0
7 5
6 7
6 5
4 6
5 3
4 5
4 3
1 4
3 2
1 3
2 0
1 2
0 1
12
3 18 17 16
3 -17 15 14
3 13 12 -15
3 -12 11 10
3 9 8 -11
3 -8 7 6
3 5 4 -7
3 -4 -16 3
3 -9 2 -5
3 -2 -13 -18
3 -6 1 -10
3 -1 -3 -14
0
0
7
*
12
-8248.999023 1539.379272 1524.627075
-8248.999023 1489.379272 1524.606689
-8198.999023 1539.379272 1524.627075
-8198.999023 1489.379272 1524.606689
-8473.999023 1539.443604 1366.627075
-8473.999023 1489.443604 1366.606689
-8473.999023 1539.463989 1316.627075
-8473.999023 1489.463989 1316.606689
-7973.999023 1539.463989 1316.627075
-7973.999023 1489.463989 1316.606689
-7973.999023 1539.443604 1366.627075
-7973.999023 1489.443604 1366.606689
0
30
9 3
9 1
7 1
6 0
6 2
8 2
3 11
10 2
3 10
11 9
8 10
11 8
10 11
9 7
6 8
9 6
8 9
7 5
4 6
7 4
6 7
5 1
0 4
5 0
4 5
3 2
1 3
2 0
1 2
0 1
20
3 30 29 28
3 -29 27 26
3 25 24 23
3 -24 22 -30
3 21 20 19
3 -20 18 -25
3 17 16 15
3 -16 14 -21
3 13 12 11
3 -12 10 -17
3 -26 9 8
3 -9 7 -13
3 -11 6 -8
3 -6 -15 5
3 -5 4 -28
3 -4 -19 -23
3 -18 3 -22
3 -3 -14 2
3 -2 1 -27
3 -1 -10 -7
0
0
7
*
8
-1323.999878 1539.443604 1366.627075
-1823.999756 1539.443604 1366.627075
-1323.999878 1539.463989 1316.627075
-1823.999756 1539.463989 1316.627075
-1688.999756 1910.443604 1366.778198
-1688.999756 1910.463989 1316.778198
-1458.999878 1910.443604 1366.778198
-1458.999878 1910.463989 1316.778198
0
18
7 3
4 0
2 7
0 7
6 0
7 5
6 7
6 5
4 6
5 3
4 5
4 3
1 4
3 2
1 3
2 0
1 2
0 1
12
3 18 17 16
3 -17 15 14
3 13 12 -15
3 -12 11 10
3 9 8 -11
3 -8 7 6
3 5 4 -7
3 -4 -16 3
3 -9 2 -5
3 -2 -13 -18
3 -6 1 -10
3 -1 -3 -14
0
0
7
*
12
-1598.999756 1539.379272 1524.627075
-1598.999756 1489.379272 1524.606689
-1548.999756 1539.379272 1524.627075
-1548.999756 1489.379272 1524.606689
-1823.999756 1539.443604 1366.627075
-1823.999756 1489.443604 1366.606689
-1823.999756 1539.463989 1316.627075
-1823.999756 1489.463989 1316.606689
-1323.999878 1539.463989 1316.627075
-1323.999878 1489.463989 1316.606689
-1323.999878 1539.443604 1366.627075
-1323.999878 1489.443604 1366.606689
0
30
9 3
9 1
7 1
6 0
6 2
8 2
3 11
10 2
3 10
11 9
8 10
11 8
10 11
9 7
6 8
9 6
8 9
7 5
4 6
7 4
6 7
5 1
0 4
5 0
4 5
3 2
1 3
2 0
1 2
0 1
20
3 30 29 28
3 -29 27 26
3 25 24 23
3 -24 22 -30
3 21 20 19
3 -20 18 -25
3 17 16 15
3 -16 14 -21
3 13 12 11
3 -12 10 -17
3 -26 9 8
3 -9 7 -13
3 -11 6 -8
3 -6 -15 5
3 -5 4 -28
3 -4 -19 -23
3 -18 3 -22
3 -3 -14 2
3 -2 1 -27
3 -1 -10 -7
0
0
7
*
8
5325.999512 1539.443604 1366.627075
4825.999512 1539.443604 1366.627075
5325.999512 1539.463989 1316.627075
4825.999512 1539.463989 1316.627075
4960.999512 1910.443604 1366.778198
4960.999512 1910.463989 1316.778198
5190.999512 1910.443604 1366.778198
5190.999512 1910.463989 1316.778198
0
18
7 3
4 0
2 7
0 7
6 0
7 5
6 7
6 5
4 6
5 3
4 5
4 3
1 4
3 2
1 3
2 0
1 2
0 1
12
3 18 17 16
3 -17 15 14
3 13 12 -15
3 -12 11 10
3 9 8 -11
3 -8 7 6
3 5 4 -7
3 -4 -16 3
3 -9 2 -5
3 -2 -13 -18
3 -6 1 -10
3 -1 -3 -14
0
0
7
*
12
5050.999512 1539.379272 1524.627075
5050.999512 1489.379272 1524.606689
5100.999512 1539.379272 1524.627075
5100.999512 1489.379272 1524.606689
4825.999512 1539.443604 1366.627075
4825.999512 1489.443604 1366.606689
4825.999512 1539.463989 1316.627075
4825.999512 1489.463989 1316.606689
5325.999512 1539.463989 1316.627075
5325.999512 1489.463989 1316.606689
5325.999512 1539.443604 1366.627075
5325.999512 1489.443604 1366.606689
0
30
9 3
9 1
7 1
6 0
6 2
8 2
3 11
10 2
3 10
11 9
8 10
11 8
10 11
9 7
6 8
9 6
8 9
7 5
4 6
7 4
6 7
5 1
0 4
5 0
4 5
3 2
1 3
2 0
1 2
0 1
20
3 30 29 28
3 -29 27 26
3 25 24 23
3 -24 22 -30
3 21 20 19
3 -20 18 -25
3 17 16 15
3 -16 14 -21
3 13 12 11
3 -12 10 -17
3 -26 9 8
3 -9 7 -13
3 -11 6 -8
3 -6 -15 5
3 -5 4 -28
3 -4 -19 -23
3 -18 3 -22
3 -3 -14 2
3 -2 1 -27
3 -1 -10 -7
0
0
7
*
8
11979.999023 1539.443604 1366.627075
11479.999023 1539.443604 1366.627075
11979.999023 1539.463989 1316.627075
11479.999023 1539.463989 1316.627075
11609.999023 1910.443604 1366.778198
11609.999023 1910.463989 1316.778198
11839.999023 1910.443604 1366.778198
11839.999023 1910.463989 1316.778198
0
18
7 3
4 0
2 7
0 7
6 0
7 5
6 7
6 5
4 6
5 3
4 5
4 3
1 4
3 2
1 3
2 0
1 2
0 1
12
3 18 17 16
3 -17 15 14
3 13 12 -15
3 -12 11 10
3 9 8 -11
3 -8 7 6
3 5 4 -7
3 -4 -16 3
3 -9 2 -5
3 -2 -13 -18
3 -6 1 -10
3 -1 -3 -14
0
0
7
*
12
11699.999023 1539.379272 1524.627075
11699.999023 1489.379272 1524.606689
11749.999023 1539.379272 1524.627075
11749.999023 1489.379272 1524.606689
11479.999023 1539.443604 1366.627075
11479.999023 1489.443604 1366.606689
11479.999023 1539.463989 1316.627075
11479.999023 1489.463989 1316.606689
11979.999023 1539.463989 1316.627075
11979.999023 1489.463989 1316.606689
11979.999023 1539.443604 1366.627075
11979.999023 1489.443604 1366.606689
0
30
9 3
9 1
7 1
6 0
6 2
8 2
3 11
10 2
3 10
11 9
8 10
11 8
10 11
9 7
6 8
9 6
8 9
7 5
4 6
7 4
6 7
5 1
0 4
5 0
4 5
3 2
1 3
2 0
1 2
0 1
20
3 30 29 28
3 -29 27 26
3 25 24 23
3 -24 22 -30
3 21 20 19
3 -20 18 -25
3 17 16 15
3 -16 14 -21
3 13 12 11
3 -12 10 -17
3 -26 9 8
3 -9 7 -13
3 -11 6 -8
3 -6 -15 5
3 -5 4 -28
3 -4 -19 -23
3 -18 3 -22
3 -3 -14 2
3 -2 1 -27
3 -1 -10 -7
0
0
7
*
8
18629.998047 1539.443604 1366.627075
18129.998047 1539.443604 1366.627075
18629.998047 1539.463989 1316.627075
18129.998047 1539.463989 1316.627075
18259.998047 1910.443604 1366.778198
18259.998047 1910.463989 1316.778198
18489.998047 1910.443604 1366.778198
18489.998047 1910.463989 1316.778198
0
18
7 3
4 0
2 7
0 7
6 0
7 5
6 7
6 5
4 6
5 3
4 5
4 3
1 4
3 2
1 3
2 0
1 2
0 1
12
3 18 17 16
3 -17 15 14
3 13 12 -15
3 -12 11 10
3 9 8 -11
3 -8 7 6
3 5 4 -7
3 -4 -16 3
3 -9 2 -5
3 -2 -13 -18
3 -6 1 -10
3 -1 -3 -14
0
0
7
*
12
18349.998047 1539.379272 1524.627075
18349.998047 1489.379272 1524.606689
18399.998047 1539.379272 1524.627075
18399.998047 1489.379272 1524.606689
18129.998047 1539.443604 1366.627075
18129.998047 1489.443604 1366.606689
18129.998047 1539.463989 1316.627075
18129.998047 1489.463989 1316.606689
18629.998047 1539.463989 1316.627075
18629.998047 1489.463989 1316.606689
18629.998047 1539.443604 1366.627075
18629.998047 1489.443604 1366.606689
0
30
9 3
9 1
7 1
8 4
8 0
10 0
3 11
10 2
3 10
11 9
8 10
11 8
10 11
9 7
6 8
9 6
8 9
7 5
4 6
7 4
6 7
5 1
0 4
5 0
4 5
3 2
1 3
2 0
1 2
0 1
20
3 30 29 28
3 -29 27 26
3 25 24 23
3 -24 22 -30
3 21 20 19
3 -20 18 -25
3 17 16 15
3 -16 14 -21
3 13 12 11
3 -12 10 -17
3 -26 9 8
3 -9 7 -13
3 -8 6 -28
3 -6 -11 5
3 -5 4 -23
3 -4 -15 -19
3 -18 3 -22
3 -3 -14 2
3 -2 1 -27
3 -1 -10 -7
0
0
7
*
8
18569.998047 1499.134888 2124.610840
18569.998047 1499.159790 2063.610840
18769.998047 1499.134888 2124.610840
18769.998047 1499.159790 2063.610840
18569.998047 1529.207397 1946.622925
18769.998047 1529.207397 1946.622925
18569.998047 1519.207764 1945.618896
18769.998047 1519.207764 1945.618896
0
18
5 3
6 0
7 3
6 3
1 6
5 7
7 6
4 7
6 4
2 5
5 4
0 5
4 0
3 2
1 3
2 0
1 2
0 1
12
3 18 17 16
3 -17 15 14
3 13 12 11
3 -12 -16 10
3 9 8 7
3 -8 -11 6
3 5 4 -15
3 -4 -7 3
3 -9 2 -13
3 -2 -5 -18
3 -6 1 -3
3 -1 -10 -14
0
0
