12
0
0
0
1
4
*
752
-11823.177734 9.249823 1376.888062
-11823.177734 100.514824 1372.917969
19376.822266 9.247467 1376.888062
19376.822266 100.512466 1372.917969
19376.822266 -1919.104492 1239.805908
-11823.177734 -1919.102051 1239.805908
-11823.177734 -1947.466309 1238.798706
19376.822266 -1947.468750 1238.798706
-11823.177734 -2013.955078 1244.363647
19376.822266 -2013.957520 1244.363647
-11823.177734 -2038.216064 1251.497681
19376.822266 -2038.218506 1251.497681
-11823.177734 -2105.060059 1271.152710
19376.822266 -2105.062500 1271.152710
-11823.177734 -2124.364258 1282.306519
19376.822266 -2124.366699 1282.306519
-11823.177734 -2187.283203 1318.662598
19376.822266 -2187.285645 1318.662598
-11823.177734 -2201.249268 1331.986694
19376.822266 -2201.251709 1331.986694
-11823.177734 -2255.989990 1384.215698
19376.822266 -2255.992432 1384.215698
-11823.177734 -2264.805176 1397.940552
19376.822266 -2264.807617 1397.940552
-11823.177734 -2307.308105 1464.117554
19376.822266 -2307.310547 1464.117554
-11823.177734 -2311.662109 1476.709717
19376.822266 -2311.664551 1476.709717
-11823.177734 -2338.344238 1553.864624
19376.822266 -2338.346680 1553.864624
-11823.177734 -2339.324951 1564.154541
19376.822266 -2339.327393 1564.154541
-11823.177734 -2347.350098 1648.398560
19376.822266 -2347.352539 1648.398560
-11823.177734 -2346.302979 1655.675659
19376.822266 -2346.305420 1655.675659
-11823.177734 -2333.819092 1742.391724
19376.822266 -2333.821533 1742.391724
19376.822266 -1864.356812 3493.280762
-11823.177734 -1864.354492 3493.280762
19376.822266 -1811.181885 3611.030762
-11823.177734 -1811.179443 3611.030762
-11823.177734 -1841.635498 3553.828613
-11823.177734 -1847.645508 3542.539795
19376.822266 -1847.647827 3542.539795
19376.822266 -1841.637939 3553.828613
19376.822266 -596.861206 5438.903809
-11823.177734 -596.858826 5438.903809
-11823.177734 -577.751770 5465.270020
19376.822266 -577.754150 5465.270020
-11823.177734 -531.467834 5511.992188
19376.822266 -531.470215 5511.992188
-11823.177734 -514.337769 5529.285156
19376.822266 -514.340149 5529.285156
-11823.177734 -451.903778 5568.807617
19376.822266 -451.906128 5568.807617
-11823.177734 -438.203766 5577.480957
19376.822266 -438.206116 5577.480957
-11823.177734 -360.853790 5604.723145
19376.822266 -360.856140 5604.723145
-11823.177734 -353.213837 5607.412598
19376.822266 -353.216187 5607.412598
-11823.177734 -263.680817 5617.562012
19376.822266 -263.683167 5617.562012
19376.822266 866.118835 5617.562012
-11823.177734 866.121155 5617.562012
19376.822266 951.419800 5607.893066
19376.822266 1169.294800 5478.492188
-11823.177734 1169.297119 5478.492188
19376.822266 1116.775879 5529.285156
-11823.177734 1116.778198 5529.285156
19376.822266 1105.968872 5536.125977
-11823.177734 1105.971191 5536.125977
19376.822266 1040.641846 5577.480957
-11823.177734 1040.644165 5577.480957
19376.822266 1032.603760 5580.312012
-11823.177734 1032.606201 5580.312012
19376.822266 955.651794 5607.413086
-11823.177734 955.654175 5607.413086
-11823.177734 951.422180 5607.893066
19376.822266 2453.147949 3986.776367
-11823.177734 2453.150391 3986.776367
-11823.177734 2498.317383 3922.462402
19376.822266 2498.315186 3922.462402
-11823.177734 2498.699463 3921.590332
19376.822266 2498.697266 3921.590332
19376.822266 2530.626221 3848.739502
-11823.177734 2530.628418 3848.739502
19376.822266 2547.324219 3770.970459
19376.822266 2548.492432 3691.456299
-11823.177734 2548.494629 3691.456299
19376.822266 2547.524170 3770.040283
-11823.177734 2547.526367 3770.040283
-11823.177734 2547.326416 3770.970459
19376.822266 2354.898438 1448.048340
-11823.177734 2354.900879 1448.048340
-11823.177734 2344.398926 1397.131348
19376.822266 2344.396484 1397.131348
-11823.177734 2335.982910 1356.330322
19376.822266 2335.980469 1356.330322
-11823.177734 2315.441895 1312.480469
19376.822266 2315.439453 1312.480469
-11823.177734 2296.257080 1271.524292
19376.822266 2296.254639 1271.524292
-11823.177734 2268.305908 1236.440308
19376.822266 2268.303467 1236.440308
-11823.177734 2237.901855 1198.279419
19376.822266 2237.899414 1198.279419
-11823.177734 2205.368896 1172.852173
19376.822266 2205.366455 1172.852173
-11823.177734 2164.115967 1140.609253
19376.822266 2164.113525 1140.609253
-11823.177734 2129.804688 1124.926392
19376.822266 2129.802490 1124.926392
-11823.177734 2078.942871 1101.677246
19376.822266 2078.940430 1101.677246
-11823.177734 2045.423950 1095.089355
19376.822266 2045.421631 1095.089355
-11823.177734 1987.051880 1083.615234
19376.822266 1987.049561 1083.615234
-11823.177734 1956.381836 1082.438232
19376.822266 1956.379517 1082.438232
-11823.177734 1893.479858 1087.415283
19376.822266 1893.477539 1087.415283
-12223.177734 -1947.466431 1638.798706
-12223.177734 -1478.001587 3389.688721
-12223.177734 -19.113207 1775.881958
-12223.177734 -263.680725 5217.562012
-12223.177734 163.416794 1767.942017
-12223.177734 866.121277 5217.562012
-12223.177734 1956.381836 1482.438232
-12223.177734 2149.975586 3725.846436
19776.822266 1956.379395 1482.438232
19776.822266 2149.973389 3725.846436
19776.822266 163.414383 1767.942017
19776.822266 866.118835 5217.562012
19776.822266 -19.115622 1775.881958
19776.822266 -263.683136 5217.562012
19776.822266 -1947.468750 1638.798706
19776.822266 -1478.004028 3389.688721
19765.511719 2235.559082 3718.461426
19763.193359 2059.523438 1473.537231
19659.666016 2238.174316 1458.120361
19687.775391 2395.271240 3704.678467
19723.232422 2155.638428 1465.243286
19723.232422 2349.232422 3708.651367
19763.050781 2059.862549 1473.508179
19735.443359 2319.864258 3711.186279
19763.193359 2253.117188 3716.946289
19480.349609 2341.319336 1449.220459
19549.771484 2506.263184 3695.100342
19576.822266 2301.506348 1452.655396
19576.822266 2495.100098 3696.064453
19659.082031 2238.620361 1458.082397
19624.894531 2458.350342 3699.235352
19659.666016 2431.768311 3701.529297
19479.986328 2341.366455 1449.216309
19465.828125 2536.817139 3692.464355
19480.349609 2534.912109 3692.628418
19477.937500 2333.744385 1396.583374
19470.396484 2305.607422 1311.314331
19458.111328 2259.748291 1234.730347
19441.697266 2198.495605 1170.715210
19421.992188 2124.956543 1122.519409
19440.132813 2019.689575 1092.587402
19454.361328 2001.146484 1092.587402
19421.589844 2033.917603 1092.587402
19451.617188 1895.026489 1097.139160
19422.388672 1894.421631 1093.339355
19765.408203 1942.744507 1396.808228
19767.500000 1956.379395 1396.583252
19763.193359 1940.099487 1380.198242
19734.718750 1929.289429 1312.311279
19738.371094 1956.379395 1311.314209
19723.232422 1924.928467 1284.926270
19685.654297 1917.227417 1236.562256
19690.892578 1956.379395 1234.730225
19417.812500 1894.326538 1092.744141
19396.619141 1893.887573 1089.988281
19482.781250 1895.779541 1101.869141
19480.349609 1895.621460 1100.875244
19454.361328 1911.612427 1092.587402
19463.304688 1933.206421 1092.587402
19545.398438 1911.209473 1122.519287
19579.875000 1902.273438 1142.650146
19576.822266 1901.904419 1140.338379
19538.367188 1899.400513 1124.607178
19659.666016 1911.901489 1203.114014
19619.982422 1907.112427 1173.044189
19627.478516 1956.379395 1170.715088
19551.345703 1956.379395 1122.519287
19754.187500 2057.494385 1396.583252
19715.160156 2151.718506 1396.583374
19653.074219 2232.630371 1396.583374
19572.162109 2294.716553 1396.583374
19399.996094 2042.862549 1092.587402
19464.083984 2107.521484 1122.519287
19500.228516 2079.786377 1122.519287
19527.964844 2043.641479 1122.519287
19593.896484 2081.708496 1170.715088
19618.937500 2021.254395 1170.715088
19545.398438 2001.549438 1122.519287
19502.152344 2173.454346 1170.715210
19554.062500 2133.620361 1170.715210
19463.304688 1979.552368 1092.587402
19680.191406 2037.667358 1234.730225
19533.859375 2228.373535 1234.730347
19598.904297 2178.461426 1234.730347
19648.816406 2113.415527 1234.730225
19466.355469 1956.379395 1092.587402
19557.595703 2269.488525 1311.314331
19632.474609 2212.032471 1311.314331
19689.931641 2137.153564 1311.314331
19726.050781 2049.954590 1311.314209
19454.792969 2489.477051 3922.462402
19462.025391 2520.968018 3848.739258
19465.806641 2537.437012 3770.040283
19765.109375 2235.301758 3770.040283
19767.908203 2201.293945 3770.016357
19763.193359 2228.439941 3793.380371
19736.156250 2320.048096 3770.040283
19728.056641 2292.730957 3848.712402
19760.167969 2233.973877 3798.142334
19675.703125 2385.699951 3848.739258
19659.666016 2364.349854 3910.352295
19720.882813 2312.820068 3848.739258
19715.160156 2309.533936 3863.174316
19723.232422 2301.561035 3856.311279
19615.355469 2446.618896 3848.739258
19635.656250 2378.313965 3922.370361
19653.671875 2367.835938 3913.351318
19584.583984 2408.015869 3947.933350
19595.109375 2421.437744 3922.462402
19576.822266 2412.531006 3951.818359
19528.806641 2463.409912 3922.462402
19514.302734 2432.159180 3968.711426
19480.349609 2442.818115 3977.885254
19445.396484 2446.305908 3980.887207
19550.277344 2507.688232 3770.040283
19625.945313 2459.787354 3770.040283
19688.970703 2396.164307 3770.040283
19542.904297 2492.484131 3848.739258
19763.191406 147.134384 1665.701904
19723.232422 131.963409 1570.430054
19659.666016 118.936424 1488.618042
19576.822266 108.940445 1425.842041
19480.349609 102.656456 1386.379028
19751.539063 965.908813 5303.448242
19751.642578 965.720825 5303.286133
19763.191406 944.585876 5285.096191
19723.232422 1017.706787 5348.027344
19692.976563 1047.591919 5373.748047
19675.488281 1064.867920 5388.617188
19617.279297 1105.146851 5423.283203
19659.666016 1080.495850 5402.068359
19576.822266 1128.676880 5443.534180
19536.728516 1141.263794 5454.367188
19496.333984 1153.945801 5465.282227
19456.460938 1161.347900 5471.653320
19480.349609 1158.963745 5469.601074
19763.191406 -11.774610 1672.614014
19723.232422 -4.934596 1576.385010
19659.666016 0.940421 1493.750977
19576.822266 5.447441 1430.343018
19480.349609 8.281454 1390.484009
19421.589844 943.656860 5607.413086
19399.996094 952.600830 5607.413086
19440.132813 929.427856 5607.413086
19454.359375 910.884827 5607.413086
19463.304688 889.291809 5607.413086
19466.355469 866.118835 5607.413086
19479.896484 866.118835 5602.645020
19551.345703 866.118835 5577.480957
19545.398438 911.288818 5577.480957
19421.992188 1034.694824 5577.480957
19575.638672 866.118835 5562.103027
19627.478516 866.118835 5529.285156
19618.937500 930.993835 5529.285156
19657.859375 866.118835 5498.617188
19690.892578 866.118835 5465.270020
19680.191406 947.405823 5465.270020
19441.697266 1108.234863 5529.285156
19502.150391 1083.193848 5529.285156
19533.857422 1138.111816 5465.270020
19598.904297 1088.200806 5465.270020
19648.816406 1023.153809 5465.270020
19689.931641 1046.892822 5388.686035
19726.050781 959.693848 5388.686035
19767.500000 866.118835 5303.416992
19761.642578 866.118835 5320.561035
19738.371094 866.118835 5388.686035
19721.236328 866.118835 5416.325195
19554.062500 1043.359741 5529.285156
19593.896484 991.446838 5529.285156
19464.083984 1017.259827 5577.480957
19500.228516 989.524841 5577.480957
19527.964844 953.379883 5577.480957
19767.003906 -1942.179565 1564.405640
19763.191406 -1940.127441 1535.531616
19739.093750 -1936.001709 1477.498657
19723.232422 -1933.286499 1439.302612
19692.314453 -1930.429565 1399.112671
19659.666016 -1927.412598 1356.668701
19628.896484 -1925.737549 1333.118652
19455.742188 -1919.841675 1250.169800
19455.630859 -1919.840454 1250.154663
19480.083984 -1920.068604 1253.366577
19576.822266 -1922.904663 1293.260620
19551.515625 -1922.161499 1282.804810
19480.349609 -1920.071533 1253.401733
19388.138672 -1919.210571 1241.291748
19430.101563 -1919.601563 1246.802734
19406.595703 -1919.382446 1243.715820
19466.355469 -263.683167 5607.412598
19479.896484 -263.683167 5602.645020
19551.345703 -263.683167 5577.480957
19575.638672 -263.683167 5562.102539
19627.478516 -263.683167 5529.285156
19657.859375 -263.683167 5498.616699
19690.892578 -263.683167 5465.270020
19721.236328 -263.683167 5416.324707
19738.371094 -263.683167 5388.686035
19761.642578 -263.683167 5320.561035
19767.500000 -263.683167 5303.416992
19465.083984 -1923.818481 1249.375610
19480.255859 -2333.489502 1655.791626
19476.994141 -2321.083740 1738.975586
19659.408203 -2230.055420 1655.791626
19654.224609 -2224.692383 1713.130737
19576.822266 -2282.059570 1728.512573
19722.919922 -2147.287598 1655.791626
19723.232422 -2140.644775 1690.594604
19659.666016 -2220.660645 1712.049683
19762.843750 -2050.902588 1655.791626
19761.859375 -2050.573486 1666.444580
19765.804688 -1948.001465 1564.550659
19768.179688 -2010.875488 1655.800659
19742.310547 -1947.468750 1476.262695
19695.517578 -1947.468750 1397.069702
19631.873047 -1947.468750 1330.659546
19554.738281 -1947.468750 1280.544800
19468.195313 -1947.468750 1249.375610
19400.470703 -2035.728516 1249.375610
19422.869141 -2119.321533 1280.544800
19442.833984 -2193.827393 1330.659546
19459.306641 -2255.304443 1397.069702
19471.417969 -2300.503662 1476.262695
19478.525391 -2327.032471 1564.050659
19465.083984 -1971.117676 1249.375610
19548.675781 -1993.516602 1280.544800
19623.181641 -2013.479492 1330.659546
19684.658203 -2029.952637 1397.069702
19729.857422 -2042.063477 1476.262695
19756.386719 -2049.171631 1564.050659
19763.191406 -2047.463623 1665.610596
19422.509766 -2026.600586 1249.375610
19465.779297 -2101.548584 1280.544800
19504.347656 -2168.347412 1330.659546
19536.169922 -2223.466553 1397.069702
19559.566406 -2263.990479 1476.262695
19573.298828 -2287.776611 1564.050659
19576.640625 -2293.565674 1655.791626
19480.349609 -2320.656738 1738.861694
19441.433594 -2012.079590 1249.375610
19502.628906 -2073.273438 1280.544800
19557.169922 -2127.815674 1330.659546
19602.173828 -2172.819580 1397.069702
19635.261719 -2205.907471 1476.262695
19654.681641 -2225.328613 1564.050659
19455.955078 -1993.155518 1249.375610
19530.902344 -2036.426758 1280.544800
19597.701172 -2074.992432 1330.659546
19652.820313 -2106.815430 1397.069702
19693.343750 -2130.212646 1476.262695
19717.130859 -2143.945557 1564.050659
19457.490234 -302.530182 5607.412598
19464.111328 -283.606171 5607.412598
19432.644531 -333.683167 5607.412598
19446.822266 -319.506165 5607.412598
19415.669922 -344.349152 5607.412598
19396.746094 -350.971161 5607.412598
19415.658203 -433.830139 5577.480957
19546.970703 -302.518158 5577.480957
19432.597656 -508.055176 5529.285156
19621.195313 -319.459167 5529.285156
19446.708984 -569.879211 5465.270020
19683.019531 -333.570160 5465.270020
19741.843750 -392.845154 5303.370117
19762.347656 -351.613129 5275.977051
19757.705078 -350.617188 5303.416992
19763.191406 -349.915131 5274.850098
19723.232422 -430.272156 5328.232910
19729.304688 -344.135162 5388.686035
19723.089844 -430.426208 5328.335938
19659.492188 -489.104187 5388.686035
19625.343750 -521.211182 5388.647949
19659.666016 -499.275146 5374.075195
19702.564453 -420.552124 5388.686035
19665.048828 -493.430176 5370.191895
19524.914063 -570.133179 5421.147949
19576.822266 -552.223145 5409.250000
19513.091797 -546.651184 5465.270020
19572.642578 -509.233215 5465.270020
19480.349609 -585.508179 5431.361816
19451.390625 -588.684143 5433.471680
19659.791016 -399.953186 5465.270020
19622.373047 -459.503174 5465.270020
19597.015625 -539.317139 5400.675781
19602.656250 -372.439148 5529.285156
19572.794922 -419.965149 5529.285156
19533.103516 -459.654175 5529.285156
19485.578125 -489.517151 5529.285156
19534.062500 -339.405151 5577.480957
19513.269531 -372.496155 5577.480957
19485.636719 -400.130157 5577.480957
19452.544922 -420.923157 5577.480957
19765.171875 -1563.484863 3412.608643
19763.191406 -1578.000000 3416.500732
19733.611328 -1646.979980 3434.995850
19723.232422 -1671.180908 3441.484619
19684.148438 -1720.376953 3454.675781
19659.666016 -1751.197021 3462.939697
19639.701172 -1765.992920 3466.906738
19620.195313 -1780.448975 3470.782715
19463.228516 -1853.369873 3490.334717
19480.349609 -1851.191772 3489.751709
19545.402344 -1825.165894 3482.772705
19576.822266 -1812.595947 3479.402832
19763.392578 -1562.966919 3446.132813
19763.191406 -1564.236938 3446.976807
19748.316406 -1594.150879 3466.849854
19724.294922 -1642.455933 3498.940674
19723.232422 -1644.592896 3500.359619
19659.666016 -1713.596924 3546.200684
19664.738281 -1708.087891 3542.541748
19666.416016 -1706.268921 3541.332764
19598.242188 -1752.853882 3572.281738
19576.822266 -1766.544922 3581.376709
19525.798828 -1784.148926 3593.071777
19480.349609 -1799.828857 3603.488770
19451.839844 -1802.955811 3605.565674
19459.560547 -1838.268921 3542.539795
19538.101563 -1810.608887 3542.539795
19608.457031 -1766.069946 3542.539795
19731.566406 -1645.907837 3466.916748
19684.984375 -1721.051880 3466.916748
-12181.796875 2319.866455 3711.186279
-12169.587891 2155.640869 1465.243286
-12209.406250 2059.864990 1473.508179
-12209.546875 2253.119385 3716.946289
-12209.546875 2059.525879 1473.537231
-12211.869141 2235.561279 3718.461426
-12169.587891 2349.234619 3708.651367
-12134.128906 2395.273438 3704.678467
-12106.021484 2238.176758 1458.120361
-12106.021484 2431.770508 3701.529297
-12105.437500 2238.622803 1458.082397
-12071.250000 2458.352539 3699.235352
-12023.177734 2301.508789 1452.655396
-11912.183594 2536.819336 3692.464355
-11926.341797 2341.368896 1449.216309
-11926.705078 2534.914307 3692.628418
-11926.705078 2341.321777 1449.220459
-11996.126953 2506.265381 3695.100342
-12023.177734 2495.102295 3696.064453
-11916.751953 2305.609863 1311.314331
-11904.464844 2259.750732 1234.730347
-11888.052734 2198.498047 1170.715210
-11868.347656 2124.958984 1122.519409
-11846.349609 2042.864868 1092.587402
-11868.742188 1894.423950 1093.339355
-11897.972656 1895.028931 1097.139160
-11909.660156 1979.554810 1092.587402
-11900.714844 2001.148926 1092.587402
-11912.710938 1956.381836 1092.587402
-11909.660156 1933.208862 1092.587402
-11867.943359 2033.919922 1092.587402
-11886.486328 2019.691895 1092.587402
-11924.292969 2333.746826 1396.583374
-11842.974609 1893.889893 1089.988281
-11929.134766 1895.781982 1101.869141
-11984.722656 1899.402954 1124.607178
-11991.753906 1911.211914 1122.519287
-12026.230469 1902.275879 1142.650146
-12066.337891 1907.114868 1173.044189
-12073.833984 1956.381836 1170.715088
-12106.021484 1911.903931 1203.114014
-12132.009766 1917.229858 1236.562256
-12137.250000 1956.381836 1234.730225
-12169.587891 1924.930908 1284.926270
-12181.072266 1929.291870 1312.311279
-12184.724609 1956.381836 1311.314209
-12209.546875 1940.101929 1380.198242
-12211.761719 1942.746948 1396.808228
-12213.855469 1956.381836 1396.583252
-11926.705078 1895.623901 1100.875244
-11900.714844 1911.614868 1092.587402
-11864.169922 1894.328857 1092.744141
-12099.429688 2232.632813 1396.583374
-12018.517578 2294.718994 1396.583374
-12200.542969 2057.496826 1396.583252
-12161.515625 2151.720947 1396.583374
-11910.439453 2107.523682 1122.519287
-11946.583984 2079.788818 1122.519287
-11974.320313 2043.643921 1122.519287
-11991.753906 2001.551880 1122.519287
-11997.701172 1956.381836 1122.519287
-12023.177734 1901.906860 1140.338379
-12065.292969 2021.256836 1170.715088
-12040.253906 2081.710938 1170.715088
-12000.417969 2133.622803 1170.715210
-11948.505859 2173.456787 1170.715210
-12126.546875 2037.669800 1234.730225
-12095.171875 2113.417725 1234.730225
-12045.259766 2178.463867 1234.730347
-11980.214844 2228.375977 1234.730347
-12172.406250 2049.956787 1311.314209
-12136.287109 2137.156006 1311.314331
-12078.832031 2212.034912 1311.314331
-12003.951172 2269.490967 1311.314331
-11908.380859 2520.970215 3848.739258
-11912.164063 2537.439209 3770.040283
-11901.148438 2489.479492 3922.462402
-11975.164063 2463.412354 3922.462402
-11926.705078 2442.820557 3977.885254
-11891.751953 2446.308350 3980.887207
-12082.011719 2378.316406 3922.370361
-12030.939453 2408.018311 3947.933350
-12041.464844 2421.440186 3922.462402
-12023.177734 2412.533447 3951.818359
-11960.658203 2432.161621 3968.711426
-12106.021484 2364.352295 3910.352295
-12122.060547 2385.702393 3848.739258
-12167.238281 2312.822510 3848.739258
-12174.412109 2292.733398 3848.712402
-12169.587891 2301.563477 3856.311279
-12161.515625 2309.536377 3863.174316
-12211.462891 2235.304199 3770.040283
-12214.263672 2201.296387 3770.016357
-12209.546875 2228.442383 3793.380371
-12182.511719 2320.050293 3770.040283
-12135.326172 2396.166504 3770.040283
-12072.300781 2459.789551 3770.040283
-11996.632813 2507.690430 3770.040283
-12206.525391 2233.976318 3798.142334
-12061.710938 2446.621338 3848.739258
-11989.259766 2492.486328 3848.739258
-12100.027344 2367.838379 3913.351318
-12209.546875 147.136810 1665.701904
-12169.587891 131.965820 1570.430054
-12023.177734 108.942825 1425.842041
-12106.021484 118.938828 1488.618042
-11926.705078 102.658829 1386.379028
-12209.546875 944.588318 5285.096191
-12197.996094 965.723267 5303.286133
-12197.896484 965.911255 5303.448242
-12169.587891 1017.709229 5348.027344
-12139.332031 1047.594238 5373.748047
-12121.841797 1064.870239 5388.617188
-12106.021484 1080.498291 5402.068359
-12063.634766 1105.149292 5423.283203
-11902.816406 1161.350220 5471.653320
-11926.705078 1158.966064 5469.601074
-11942.689453 1153.948242 5465.282227
-11983.083984 1141.266235 5454.367188
-12023.177734 1128.679321 5443.534180
-11926.705078 8.283825 1390.484009
-12023.177734 5.449827 1430.343018
-12106.021484 0.942820 1493.750977
-12169.587891 -4.932188 1576.385010
-12209.546875 -11.772196 1672.614014
-11900.714844 910.887207 5607.413086
-11909.660156 889.294189 5607.413086
-11846.349609 952.603210 5607.413086
-11926.251953 866.121216 5602.645020
-11912.710938 866.121216 5607.413086
-11886.486328 929.430237 5607.413086
-12095.171875 1023.156189 5465.270020
-12126.546875 947.408203 5465.270020
-12065.292969 930.996216 5529.285156
-12136.287109 1046.895264 5388.686035
-12208.000000 866.121277 5320.561035
-12184.724609 866.121216 5388.686035
-12172.406250 959.696228 5388.686035
-12213.855469 866.121277 5303.416992
-11980.214844 1138.114258 5465.270020
-11948.505859 1083.196167 5529.285156
-12167.591797 866.121216 5416.325195
-12040.253906 991.449219 5529.285156
-12000.417969 1043.362183 5529.285156
-12045.259766 1088.203247 5465.270020
-11888.052734 1108.237183 5529.285156
-11868.347656 1034.697144 5577.480957
-11946.583984 989.527222 5577.480957
-11974.320313 953.382263 5577.480957
-11991.753906 911.291199 5577.480957
-12137.250000 866.121216 5465.270020
-12104.214844 866.121216 5498.617188
-12073.833984 866.121216 5529.285156
-12021.994141 866.121216 5562.103027
-11997.701172 866.121216 5577.480957
-11867.943359 943.659241 5607.413086
-11910.439453 1017.262207 5577.480957
-12213.359375 -1942.177246 1564.405640
-12185.449219 -1935.999268 1477.498657
-12209.546875 -1940.125000 1535.531616
-12138.669922 -1930.427124 1399.112671
-12169.587891 -1933.284058 1439.302612
-12075.253906 -1925.735107 1333.118652
-12106.021484 -1927.410156 1356.668701
-11997.873047 -1922.159058 1282.804810
-12023.177734 -1922.902222 1293.260620
-11901.986328 -1919.838013 1250.154663
-11902.095703 -1919.839233 1250.169800
-11834.494141 -1919.208130 1241.291748
-11852.951172 -1919.380005 1243.715820
-11876.457031 -1919.599121 1246.802734
-11926.439453 -1920.066162 1253.366577
-11926.705078 -1920.069092 1253.401733
-12213.855469 -263.680756 5303.416992
-12208.000000 -263.680756 5320.561035
-12184.724609 -263.680756 5388.686035
-12167.591797 -263.680756 5416.324707
-12137.250000 -263.680786 5465.270020
-12104.214844 -263.680786 5498.616699
-12073.833984 -263.680786 5529.285156
-12021.994141 -263.680786 5562.102539
-11997.701172 -263.680786 5577.480957
-11926.251953 -263.680817 5602.645020
-11912.710938 -263.680817 5607.412598
-11950.703125 -2168.344971 1330.659546
-11889.189453 -2193.824951 1330.659546
-11905.662109 -2255.302002 1397.069702
-11869.224609 -2119.319092 1280.544800
-11868.865234 -2026.598145 1249.375610
-11887.789063 -2012.077148 1249.375610
-11911.439453 -1971.115234 1249.375610
-11914.550781 -1947.466309 1249.375610
-11926.705078 -2320.654297 1738.861694
-12023.177734 -2282.057129 1728.512573
-12022.998047 -2293.563232 1655.791626
-12106.021484 -2220.658203 1712.049683
-12169.587891 -2140.642334 1690.594604
-12169.275391 -2147.285156 1655.791626
-12208.214844 -2050.571045 1666.444580
-12209.546875 -2047.461304 1665.610596
-12209.199219 -2050.900146 1655.791626
-12214.535156 -2010.873169 1655.800659
-11926.611328 -2333.487061 1655.791626
-11923.349609 -2321.081299 1738.975586
-11911.439453 -1923.816040 1249.375610
-12078.226563 -1947.466309 1330.659546
-12141.873047 -1947.466309 1397.069702
-12188.666016 -1947.466309 1476.262695
-11846.828125 -2035.726074 1249.375610
-11912.134766 -2101.546143 1280.544800
-11948.982422 -2073.270996 1280.544800
-11902.310547 -1993.153076 1249.375610
-11995.031250 -1993.514160 1280.544800
-11977.257813 -2036.424316 1280.544800
-12044.056641 -2074.989990 1330.659546
-12003.525391 -2127.813232 1330.659546
-12048.529297 -2172.817139 1397.069702
-11982.525391 -2223.464111 1397.069702
-12005.921875 -2263.988037 1476.262695
-11917.773438 -2300.501221 1476.262695
-11924.880859 -2327.030029 1564.050659
-12212.158203 -1947.999146 1564.550659
-12202.742188 -2049.169189 1564.050659
-12100.580078 -2224.689941 1713.130737
-12105.765625 -2230.052979 1655.791626
-12163.486328 -2143.943115 1564.050659
-12176.212891 -2042.061035 1476.262695
-12101.039063 -2225.326172 1564.050659
-12139.701172 -2130.210205 1476.262695
-12131.013672 -2029.950195 1397.069702
-12019.654297 -2287.774170 1564.050659
-12081.617188 -2205.905029 1476.262695
-12099.177734 -2106.812988 1397.069702
-12069.537109 -2013.477051 1330.659546
-12001.093750 -1947.466309 1280.544800
-11862.025391 -344.346802 5607.412598
-11843.099609 -350.968811 5607.412598
-11893.177734 -319.503815 5607.412598
-11879.000000 -333.680817 5607.412598
-11903.843750 -302.527832 5607.412598
-11910.466797 -283.603821 5607.412598
-11993.324219 -302.515778 5577.480957
-11862.013672 -433.827789 5577.480957
-12067.548828 -319.456787 5529.285156
-11878.955078 -508.052795 5529.285156
-12129.375000 -333.567780 5465.270020
-11893.064453 -569.876831 5465.270020
-11959.449219 -546.648804 5465.270020
-11926.705078 -585.505798 5431.361816
-11897.746094 -588.681763 5433.471680
-12018.998047 -509.230835 5465.270020
-12023.177734 -552.220764 5409.250000
-11971.269531 -570.130798 5421.147949
-12068.728516 -459.500793 5465.270020
-12071.699219 -521.208801 5388.647949
-12043.369141 -539.314758 5400.675781
-12148.919922 -420.549713 5388.686035
-12111.404297 -493.427765 5370.191895
-12105.847656 -489.101776 5388.686035
-12106.021484 -499.272736 5374.075195
-12209.546875 -349.912720 5274.850098
-12208.705078 -351.610718 5275.977051
-12204.060547 -350.614777 5303.416992
-12188.199219 -392.842743 5303.370117
-12175.660156 -344.132751 5388.686035
-12169.587891 -430.269745 5328.232910
-12169.445313 -430.423798 5328.335938
-12106.146484 -399.950806 5465.270020
-11931.933594 -489.514771 5529.285156
-11979.460938 -459.651794 5529.285156
-12019.148438 -419.962769 5529.285156
-12049.011719 -372.436768 5529.285156
-11898.900391 -420.920807 5577.480957
-11931.990234 -400.127808 5577.480957
-11959.626953 -372.493805 5577.480957
-11980.417969 -339.402771 5577.480957
-12211.525391 -1563.482422 3412.608643
-12209.546875 -1577.997559 3416.500732
-12179.966797 -1646.977539 3434.995850
-12169.587891 -1671.178467 3441.484619
-12130.505859 -1720.374512 3454.675781
-12086.056641 -1765.990479 3466.906738
-12106.021484 -1751.194580 3462.939697
-11991.759766 -1825.163452 3482.772705
-12023.177734 -1812.593506 3479.402832
-12066.552734 -1780.446533 3470.782715
-11909.582031 -1853.367554 3490.334717
-11926.705078 -1851.189453 3489.751709
-12112.771484 -1706.266479 3541.332764
-12169.587891 -1644.590454 3500.359619
-12170.650391 -1642.453491 3498.940674
-12194.671875 -1594.148438 3466.849854
-12209.546875 -1564.234497 3446.976807
-12209.748047 -1562.964478 3446.132813
-12111.093750 -1708.085449 3542.541748
-12106.021484 -1713.594482 3546.200684
-12044.597656 -1752.851440 3572.281738
-12023.177734 -1766.542480 3581.376709
-11898.195313 -1802.953369 3605.565674
-11926.705078 -1799.826416 3603.488770
-11972.154297 -1784.146484 3593.071777
-12131.339844 -1721.049438 3466.916748
-12177.921875 -1645.905396 3466.916748
-12054.812500 -1766.067505 3542.539795
-11984.455078 -1810.606445 3542.539795
-11905.916016 -1838.266479 3542.539795
0
2250
739 722
738 722
738 723
737 723
737 724
748 724
748 725
747 725
749 741
749 740
727 740
727 747
747 726
728 747
729 750
730 750
730 749
749 727
731 749
733 751
750 733
750 751
43 751
751 732
39 751
42 744
751 42
751 744
745 751
750 745
750 746
750 743
749 750
749 743
742 749
737 748
736 748
748 747
735 748
735 747
747 740
734 747
697 743
743 746
698 743
698 746
746 745
694 746
694 745
745 744
695 745
695 744
744 41
47 744
743 701
742 743
742 701
742 700
741 742
741 700
741 705
740 741
740 705
734 740
125 739
127 739
739 738
706 739
706 738
738 737
707 738
707 737
737 736
709 737
709 736
736 735
711 736
711 735
735 734
712 735
712 734
734 705
703 734
733 729
733 638
732 733
732 638
732 649
39 732
39 649
731 727
731 669
730 731
730 669
730 639
729 730
729 639
638 729
728 726
728 641
727 728
727 641
669 727
641 726
726 725
642 726
642 725
725 724
644 725
644 724
724 723
645 724
645 723
723 722
647 723
647 722
722 125
124 722
686 628
686 687
685 687
685 721
683 721
683 720
684 720
684 719
681 719
681 718
682 718
682 688
58 688
687 626
687 689
721 687
721 689
721 717
720 721
720 717
720 716
719 720
719 716
719 715
718 719
718 715
718 714
688 718
688 714
688 690
54 690
689 624
689 691
717 689
717 691
717 713
716 717
716 713
716 699
715 716
715 699
715 696
714 715
714 696
714 693
690 714
690 693
690 692
50 692
691 622
691 710
713 691
713 710
713 702
699 713
699 702
699 704
700 704
705 700
710 622
710 621
710 620
708 620
708 619
706 619
127 706
712 703
712 702
711 712
702 710
711 702
711 710
709 711
710 708
709 710
709 708
707 709
708 706
707 708
706 707
705 704
703 705
704 702
703 704
702 703
701 697
701 696
700 701
696 699
700 696
699 700
698 694
698 693
697 698
693 696
697 693
696 697
695 47
695 692
694 695
692 693
694 692
693 694
692 47
48 692
691 624
623 691
690 50
52 690
689 626
625 689
688 54
56 688
687 628
627 687
684 681
682 58
60 682
629 686
62 686
686 685
685 683
62 685
62 683
684 62
683 684
62 681
682 62
681 682
32 648
666 648
666 676
664 676
664 677
662 677
662 678
660 678
660 679
658 679
658 680
637 680
32 666
30 666
28 666
28 665
26 665
610 680
611 680
680 679
651 680
651 679
679 678
675 679
675 678
678 677
674 678
674 677
677 676
673 677
673 676
676 648
640 676
640 648
638 648
649 638
609 651
651 675
652 651
652 675
675 674
672 675
672 674
674 673
671 674
671 673
673 640
670 673
670 640
669 640
639 669
607 652
652 672
653 652
653 672
672 671
668 672
668 671
671 670
643 671
643 670
670 669
641 670
669 641
124 667
647 124
647 667
647 668
668 643
646 668
646 643
644 643
642 644
668 667
653 668
653 667
667 603
605 667
636 657
659 657
659 656
661 656
661 630
663 630
663 632
665 632
24 665
24 632
22 632
20 632
20 631
18 631
613 650
650 6
666 664
665 666
665 664
663 665
664 662
663 664
663 662
661 663
662 660
661 662
661 660
659 661
660 658
659 660
659 658
636 659
658 637
636 658
657 6
630 656
630 655
631 655
631 633
16 631
16 633
657 635
656 657
656 635
655 656
655 635
655 634
633 655
633 634
633 654
12 654
654 634
654 6
654 8
10 654
653 605
607 653
653 604
609 652
652 606
611 651
651 608
637 610
637 618
650 637
650 618
617 650
6 613
36 649
649 648
34 649
648 34
647 646
645 647
646 644
645 646
644 645
643 641
642 643
641 642
640 638
639 640
638 639
6 615
614 6
6 612
616 6
637 6
636 637
6 636
635 6
634 635
6 634
633 12
14 633
632 630
631 632
630 631
629 62
629 65
629 575
628 629
628 575
628 574
627 628
627 574
627 600
626 627
626 600
626 599
625 626
625 599
625 598
624 625
624 598
624 597
623 624
623 597
623 596
622 623
622 596
622 587
621 622
621 587
621 582
620 621
620 582
620 581
619 620
619 581
619 584
127 619
127 584
618 610
618 566
617 618
617 566
613 617
616 612
616 566
615 616
615 566
615 0
614 615
614 0
5 614
566 612
613 566
612 613
611 608
611 567
610 611
610 567
566 610
609 606
609 568
608 609
608 568
567 608
607 604
607 569
606 607
606 569
568 606
605 603
605 570
604 605
604 570
569 604
570 603
603 124
126 603
576 601
576 602
593 602
593 586
589 586
589 585
590 585
74 592
76 592
76 573
78 573
576 593
571 593
571 594
572 594
572 595
574 595
600 574
561 586
586 602
591 586
591 602
602 601
592 602
592 601
573 592
601 65
573 601
600 595
599 600
599 595
579 595
579 588
577 588
577 590
590 565
560 590
599 579
598 599
598 579
597 598
597 579
597 578
596 597
596 578
587 596
595 594
588 595
588 594
594 593
589 594
593 589
592 72
591 592
591 72
591 70
561 591
561 70
590 588
589 590
588 589
577 560
577 559
577 580
578 580
578 583
587 578
587 583
582 587
563 585
585 586
562 585
586 562
565 585
585 564
580 557
580 556
583 580
583 556
583 555
581 555
584 581
129 584
553 584
584 555
554 584
583 581
582 583
581 582
580 559
558 580
579 577
578 579
577 578
65 576
576 571
575 65
572 574
575 572
574 575
79 573
573 65
65 571
572 65
571 572
126 548
570 126
570 548
570 549
569 570
569 549
569 551
568 569
568 551
568 550
567 568
567 550
567 552
566 567
566 552
566 1
0 566
560 565
565 564
529 565
529 564
564 563
530 564
530 563
563 562
524 563
524 562
562 561
525 562
525 561
561 68
81 561
526 560
560 529
527 560
560 547
559 560
559 547
559 531
558 559
558 531
558 536
557 558
557 536
557 535
556 557
556 535
556 534
555 556
555 534
555 544
554 555
554 544
554 539
553 554
553 539
553 538
129 553
129 538
497 1
1 552
470 1
470 552
471 552
550 481
550 480
552 550
552 480
495 552
486 551
551 549
487 551
487 549
489 549
551 484
551 483
550 551
550 483
507 550
549 548
490 549
490 548
492 548
548 128
493 548
493 128
1 479
522 84
522 520
523 520
523 546
528 546
528 545
526 545
526 532
547 526
547 532
531 547
520 93
520 521
546 520
546 521
546 543
545 546
545 543
545 542
532 545
532 542
532 541
533 541
533 540
534 540
534 537
544 534
544 537
539 544
92 459
521 459
521 461
543 521
543 461
543 463
543 464
542 543
542 464
542 457
542 455
541 542
541 455
541 453
541 452
540 541
540 452
540 446
540 449
537 540
537 449
537 451
538 451
131 538
539 537
538 539
537 538
536 531
536 533
535 536
533 534
535 533
534 535
533 531
532 533
531 532
530 524
530 523
529 530
523 528
529 523
529 528
527 529
528 526
527 528
526 527
525 81
525 522
524 525
522 523
524 522
523 524
522 81
82 522
521 93
92 521
520 84
87 520
475 496
480 496
495 480
478 98
478 465
499 465
499 519
498 519
498 518
501 518
501 517
500 517
500 516
494 516
494 491
492 491
490 492
465 102
465 466
519 465
519 466
519 515
518 519
518 515
518 514
517 518
517 514
517 513
516 517
516 513
516 512
491 516
491 512
491 488
489 488
487 489
466 106
466 467
515 466
515 467
515 511
514 515
514 511
514 510
513 514
513 510
513 509
512 513
512 509
512 508
488 512
488 508
488 485
486 485
484 486
467 110
467 468
511 467
511 468
511 502
510 511
510 502
510 503
509 510
509 503
509 504
508 509
508 504
508 505
485 508
485 505
485 506
483 506
483 482
507 483
507 482
481 507
475 480
475 482
482 506
474 482
474 506
506 505
472 506
472 505
505 504
473 505
473 504
504 503
477 504
477 503
503 502
476 503
476 502
502 468
469 502
469 468
114 468
118 469
448 500
500 494
450 500
450 494
130 494
493 130
456 498
498 501
454 498
454 501
501 500
447 501
500 447
460 478
478 499
462 478
462 499
499 498
458 499
498 458
479 497
120 497
497 470
496 120
471 495
496 471
495 496
494 492
493 494
492 493
491 489
490 491
489 490
488 486
487 488
486 487
485 483
484 485
483 484
482 480
481 482
480 481
122 479
479 120
478 95
96 478
473 477
120 477
477 476
469 120
476 469
120 476
120 475
475 474
120 474
474 472
473 120
472 473
120 472
471 120
470 471
120 470
469 114
116 469
468 110
112 468
467 106
108 467
466 102
104 466
465 98
100 465
457 464
464 463
458 464
458 463
462 458
463 461
462 463
462 461
460 462
461 459
460 461
460 459
95 460
459 90
95 459
458 456
457 458
457 456
455 457
456 454
455 456
455 454
453 455
454 447
453 454
453 447
452 453
452 447
446 452
131 451
130 451
450 130
451 449
450 451
450 449
448 450
449 446
448 449
448 446
447 448
446 447
44 424
441 424
441 425
442 425
443 437
443 442
442 426
427 442
445 420
445 419
444 419
444 418
430 418
430 417
429 417
436 443
433 443
434 443
434 422
445 422
421 445
434 445
435 445
445 444
432 445
432 444
444 430
431 444
422 443
443 427
423 443
442 437
442 438
442 439
441 442
441 439
441 440
45 440
441 45
44 441
428 417
428 416
40 440
404 40
404 440
440 439
403 440
403 439
439 438
399 439
399 438
438 437
400 438
400 437
437 436
407 437
407 436
436 433
395 436
395 433
396 433
435 432
435 391
434 435
434 391
434 393
398 433
434 398
433 434
391 432
387 432
432 431
388 432
431 430
388 431
388 430
430 429
390 430
390 429
429 428
137 429
137 428
428 139
423 427
427 426
329 427
329 426
426 425
362 426
362 425
425 424
326 425
326 424
424 38
37 424
423 329
423 328
422 423
422 328
421 422
421 328
421 332
420 421
420 332
420 331
419 420
419 331
418 419
418 331
418 334
417 418
417 334
417 354
416 417
416 354
416 336
139 416
139 336
380 59
380 381
379 381
379 415
377 415
377 414
378 414
378 413
375 413
375 412
376 412
376 382
314 382
381 55
381 383
415 381
415 383
415 411
414 415
414 411
414 410
413 414
413 410
413 409
412 413
412 409
412 408
382 412
382 408
382 384
316 384
383 51
383 385
411 383
411 385
411 401
410 411
410 401
410 402
409 410
409 402
409 406
408 409
408 406
408 405
384 408
384 405
384 386
318 386
400 407
407 395
402 407
402 395
406 402
406 395
406 394
405 406
405 394
405 397
386 405
386 397
386 392
320 392
390 137
390 323
389 323
389 322
392 322
321 392
46 404
49 404
404 403
385 404
385 403
401 385
403 399
401 403
402 401
400 402
401 399
400 401
399 400
396 398
398 393
394 398
394 393
397 394
397 393
392 397
396 394
395 396
394 395
393 391
392 393
392 391
389 392
391 387
389 391
390 389
388 390
389 387
388 389
387 388
386 320
319 386
385 51
49 385
384 318
317 384
383 55
53 383
382 316
315 382
381 59
57 381
378 375
376 314
313 376
61 380
63 380
380 379
379 377
63 379
63 377
378 63
377 378
63 375
376 63
375 376
341 324
306 324
369 348
369 349
370 349
370 350
371 350
371 351
372 351
372 352
373 352
373 353
374 353
374 333
330 333
332 328
332 327
330 327
330 368
374 330
374 368
374 367
373 374
373 367
373 366
372 373
372 366
372 365
371 372
371 365
371 364
370 371
370 364
370 363
369 370
369 363
7 369
329 362
329 361
327 361
327 360
368 327
368 360
368 359
367 368
367 359
367 358
366 367
366 358
366 357
365 366
365 357
365 356
364 365
364 356
364 355
363 364
363 355
7 363
362 326
362 325
361 362
361 325
361 347
360 361
360 347
360 346
359 360
359 346
359 345
358 359
358 345
358 344
357 358
357 344
357 343
356 357
356 343
356 342
355 356
355 342
7 355
31 347
347 325
33 347
33 325
35 325
354 334
354 333
336 354
333 353
336 333
336 353
353 352
335 353
335 352
352 351
337 352
337 351
351 350
338 351
338 350
350 349
339 350
339 349
349 348
340 349
340 348
348 7
341 348
7 341
27 346
346 347
29 346
347 29
23 345
345 346
25 345
346 25
19 344
344 345
21 344
345 21
15 343
343 344
17 343
344 17
11 342
342 343
13 342
343 13
342 9
7 342
341 306
341 309
340 341
340 309
340 308
340 307
339 340
339 307
339 303
339 302
338 339
338 302
338 301
338 300
337 338
337 300
337 299
337 298
335 337
335 298
336 335
138 336
335 297
138 335
331 333
334 331
333 334
332 330
331 332
330 331
329 327
328 329
327 328
37 325
326 37
325 326
7 305
311 7
7 310
312 7
324 7
304 324
7 304
323 137
323 135
323 288
322 323
322 288
322 289
321 322
321 289
321 290
320 321
320 290
320 291
319 320
319 291
319 279
318 319
318 279
318 278
317 318
317 278
317 276
316 317
316 276
316 275
315 316
315 275
315 272
314 315
314 272
314 271
313 314
313 271
313 270
63 313
63 270
312 310
312 264
311 312
311 264
305 311
264 310
310 4
2 310
309 306
309 264
308 309
308 264
308 263
307 308
307 263
303 307
306 304
264 306
264 304
305 264
304 305
303 263
303 262
302 303
302 262
301 302
301 262
301 261
300 301
300 261
299 300
299 261
299 260
298 299
298 260
297 298
297 260
297 136
138 297
66 266
270 271
269 271
269 273
268 273
268 296
267 296
267 295
265 295
265 294
266 294
266 274
75 274
272 275
273 275
273 277
296 273
296 277
296 293
295 296
295 293
295 292
294 295
294 292
294 282
274 294
274 282
274 281
71 281
276 278
277 278
277 280
293 277
293 280
293 285
292 293
292 285
292 284
282 292
282 284
282 283
257 283
279 291
280 291
280 287
285 280
285 287
285 286
252 286
291 290
287 291
287 290
290 289
247 290
247 289
289 288
248 289
248 288
288 135
249 288
287 247
287 250
286 287
286 250
251 286
285 252
285 254
284 285
284 254
284 253
284 255
283 284
283 255
256 283
282 257
282 259
281 282
281 259
281 258
281 67
69 281
280 278
279 280
278 279
277 275
276 277
275 276
274 71
73 274
273 271
272 273
271 272
266 75
77 266
64 270
270 269
64 269
269 268
64 268
268 267
267 265
64 267
64 265
266 64
265 266
2 246
264 2
264 246
264 245
263 264
263 245
263 244
262 263
262 244
262 243
261 262
261 243
261 242
260 261
260 242
260 134
136 260
259 257
259 236
258 259
258 236
258 237
67 258
67 237
236 257
257 256
235 257
235 256
256 255
233 256
233 255
255 253
231 255
231 253
229 253
254 252
254 224
253 254
253 224
230 253
224 252
252 251
226 252
226 251
251 250
227 251
227 250
250 247
221 250
221 247
222 247
135 218
249 135
249 218
249 219
248 249
219 247
248 219
247 248
179 245
245 246
180 245
180 246
246 3
167 246
167 3
168 3
177 3
178 3
184 245
245 186
185 245
187 244
244 245
188 244
245 188
174 243
243 244
175 243
244 175
171 242
242 243
172 242
243 172
242 169
134 242
134 169
231 229
232 229
232 228
234 228
234 241
214 241
214 215
85 215
227 221
225 221
225 220
223 220
223 240
228 240
228 239
241 228
241 239
241 238
215 241
215 238
215 216
88 216
147 220
148 220
148 217
140 217
143 240
240 220
145 240
220 145
154 239
239 240
155 239
240 155
150 238
238 239
152 238
239 152
157 216
216 238
158 216
238 158
80 237
83 237
237 236
214 237
214 236
234 214
236 235
234 236
235 233
234 235
234 233
232 234
233 231
232 233
231 232
230 224
230 223
229 230
223 228
229 223
228 229
227 225
226 227
226 225
224 226
225 223
224 225
223 224
222 219
222 217
221 222
217 220
221 217
220 221
219 218
217 219
133 217
218 133
217 218
216 89
91 216
215 88
86 215
214 85
83 214
181 182
169 171
170 171
170 173
191 173
191 213
192 213
192 212
193 212
193 211
194 211
194 210
159 210
159 160
99 160
182 121
182 209
182 190
183 190
172 174
173 174
173 176
213 173
213 176
213 205
212 213
212 205
212 208
211 212
211 208
211 207
210 211
210 207
210 206
160 210
160 206
160 161
103 161
209 121
209 204
209 201
190 209
190 201
190 200
189 200
205 200
208 205
208 200
208 199
207 208
207 199
207 203
206 207
206 203
206 202
161 206
161 202
161 162
107 162
205 176
189 205
189 176
187 176
175 187
204 121
204 165
204 198
201 204
201 198
199 198
203 199
203 198
203 197
202 203
202 197
202 196
162 202
162 196
162 163
111 163
201 199
200 201
199 200
198 165
197 198
197 165
197 164
196 197
196 164
196 166
163 196
163 166
163 195
115 195
195 166
195 121
195 119
117 195
97 156
159 156
159 149
194 159
194 149
194 151
194 153
193 194
193 153
193 142
192 193
192 142
192 144
192 146
191 192
191 146
191 141
170 191
170 141
190 189
184 190
184 189
188 184
189 187
188 189
187 188
186 179
186 183
185 186
183 184
185 183
184 185
183 179
182 183
179 182
121 181
167 181
180 167
181 179
180 181
179 180
168 177
178 123
121 177
178 121
177 178
176 174
175 176
174 175
173 171
172 173
171 172
132 169
170 132
169 170
168 121
167 168
121 167
121 166
166 164
165 121
164 165
121 164
163 115
113 163
162 111
109 162
161 107
105 161
160 103
101 160
159 99
97 159
158 150
158 149
157 158
149 156
157 149
157 156
89 157
156 94
89 156
155 143
155 142
154 155
142 153
154 142
154 153
152 154
153 151
152 153
152 151
150 152
151 149
150 151
149 150
148 140
148 141
147 148
141 146
147 141
147 146
145 147
146 144
145 146
145 144
143 145
144 142
143 144
142 143
141 140
132 141
140 133
132 140
139 138
137 139
138 136
137 138
137 136
135 137
136 134
135 136
135 134
133 135
134 132
133 134
132 133
131 130
129 131
130 128
129 130
129 128
127 129
128 126
127 128
127 126
125 127
126 124
125 126
124 125
1 122
123 3
1 123
123 122
121 123
122 120
121 122
121 120
119 121
120 118
119 120
119 118
117 119
118 116
117 118
117 116
115 117
116 114
115 116
115 114
113 115
114 112
113 114
113 112
111 113
112 110
111 112
111 110
109 111
110 108
109 110
109 108
107 109
108 106
107 108
107 106
105 107
106 104
105 106
105 104
103 105
104 102
103 104
103 102
101 103
102 100
101 102
101 100
99 101
100 98
99 100
99 98
97 99
98 96
97 98
97 96
94 97
96 95
94 96
95 90
89 94
95 89
94 95
93 87
93 88
92 93
88 91
92 88
92 91
90 92
91 89
90 91
89 90
88 87
86 88
87 84
86 87
86 84
85 86
85 84
83 85
84 82
83 84
83 82
80 83
82 81
80 82
81 68
67 80
81 67
80 81
79 65
79 66
78 79
66 77
78 66
78 77
76 78
77 75
76 77
76 75
74 76
75 73
74 75
74 73
72 74
73 71
72 73
72 71
70 72
71 69
70 71
70 69
68 70
69 67
68 69
67 68
66 65
64 66
65 62
63 64
65 63
64 65
63 62
61 63
62 60
61 62
61 60
59 61
60 58
59 60
59 58
57 59
58 56
57 58
57 56
55 57
56 54
55 56
55 54
53 55
54 52
53 54
53 52
51 53
52 50
51 52
51 50
49 51
50 48
49 50
49 48
46 49
48 47
46 48
47 41
40 46
47 40
46 47
45 40
45 42
44 45
42 43
44 42
44 43
38 44
43 39
38 43
42 40
41 42
40 41
39 36
37 38
39 37
38 39
37 36
35 37
36 34
35 36
35 34
33 35
34 32
33 34
33 32
31 33
32 30
31 32
31 30
29 31
30 28
29 30
29 28
27 29
28 26
27 28
27 26
25 27
26 24
25 26
25 24
23 25
24 22
23 24
23 22
21 23
22 20
21 22
21 20
19 21
20 18
19 20
19 18
17 19
18 16
17 18
17 16
15 17
16 14
15 16
15 14
13 15
14 12
13 14
13 12
11 13
12 10
11 12
11 10
9 11
10 8
9 10
9 8
7 9
8 6
7 8
7 6
4 7
6 5
4 6
5 0
2 4
5 2
4 5
3 2
1 3
2 0
1 2
0 1
1500
3 -1 -65 -117
3 -2 -67 1
3 -3 2 -114
3 -4 -70 3
3 -5 4 -111
3 -6 -36 5
3 -7 6 -108
3 -8 -38 7
3 -13 8 -105
3 -9 -35 -59
3 -10 9 -62
3 -11 -18 10
3 -12 11 -41
3 -14 -101 12
3 -99 14 13
3 -15 -84 -21
3 -16 -96 15
3 -17 16 -33
3 -19 -93 17
3 -91 19 18
3 -20 -86 -24
3 -22 21 20
3 -30 22 -29
3 -23 -2165 -27
3 -25 -2169 23
3 -89 25 24
3 -26 -2172 -53
3 -28 27 26
3 29 28 -50
3 -31 30 -47
3 -32 31 -44
3 -34 33 32
3 35 34 -56
3 -37 -73 36
3 -39 -76 37
3 -40 39 38
3 -42 -79 40
3 -64 42 41
3 -43 -204 -55
3 -45 -212 43
3 -46 45 44
3 -48 -210 46
3 -49 48 47
3 -51 -218 49
3 -52 51 50
3 -54 -216 52
3 -2158 54 53
3 -57 56 55
3 -58 57 -206
3 -60 59 58
3 -61 60 -177
3 -63 62 61
3 64 63 -82
3 -66 -1999 65
3 -68 -184 66
3 -69 68 67
3 -71 -198 69
3 -72 71 70
3 -74 -195 72
3 -75 74 73
3 -77 -191 75
3 -78 77 76
3 -80 -187 78
3 -81 80 79
3 -83 -185 81
3 -200 83 82
3 -85 84 -98
3 -87 86 85
3 -88 87 -283
3 -90 89 88
3 -2174 90 -394
3 -92 91 -103
3 -94 93 92
3 -95 94 -298
3 -97 96 95
3 98 97 -408
3 -100 99 -104
3 -102 101 100
3 103 102 -311
3 -106 -405 104
3 -107 106 105
3 -109 -320 107
3 -110 109 108
3 -112 -402 110
3 -113 112 111
3 -115 -399 113
3 -116 115 114
3 -118 -313 116
3 -2002 118 117
3 -119 -237 -427
3 -120 119 -232
3 -121 -239 120
3 -122 121 -134
3 -123 -240 122
3 -124 123 -137
3 -125 -244 124
3 -126 125 -140
3 -127 -234 126
3 -128 127 -143
3 -129 -247 128
3 -130 129 -146
3 -131 -235 130
3 -2136 131 -231
3 -132 -233 -433
3 -133 132 -228
3 -135 134 133
3 -136 135 -152
3 -138 137 136
3 -139 138 -155
3 -141 140 139
3 -142 141 -158
3 -144 143 142
3 -145 144 -161
3 -147 146 145
3 -148 147 -164
3 -149 -230 148
3 -2144 149 -227
3 -150 -229 -439
3 -151 150 -224
3 -153 152 151
3 -154 153 -170
3 -156 155 154
3 -157 156 -173
3 -159 158 157
3 -160 159 -207
3 -162 161 160
3 -163 162 -213
3 -165 164 163
3 -166 165 -219
3 -167 -226 166
3 -2152 167 -223
3 -168 -225 -445
3 -169 168 -178
3 -171 170 169
3 -172 171 -188
3 -174 173 172
3 -175 174 -201
3 -176 -209 175
3 177 176 -199
3 -179 178 -448
3 -180 179 -451
3 -181 -192 180
3 -182 181 -454
3 -183 -196 182
3 184 183 -457
3 -186 185 -203
3 -189 187 186
3 -190 189 188
3 -193 191 190
3 -194 193 192
3 -197 195 194
3 198 197 196
3 -202 200 199
3 203 202 201
3 -205 204 -215
3 -208 206 205
3 209 208 207
3 -211 210 -221
3 -214 212 211
3 215 214 213
3 -217 216 -222
3 -220 218 217
3 221 220 219
3 -2156 223 222
3 -442 225 224
3 -2148 227 226
3 -436 229 228
3 -2140 231 230
3 -430 233 232
3 234 -245 -243
3 -236 -2128 -246
3 -2132 236 235
3 237 -238 -424
3 239 -241 238
3 -242 241 240
3 244 243 242
3 247 246 245
3 -248 -2184 -397
3 -249 -260 248
3 -250 249 -279
3 -251 -342 250
3 -252 251 -276
3 -253 -346 252
3 -254 253 -273
3 -255 -350 254
3 -256 255 -270
3 -257 -354 256
3 -258 257 -267
3 -259 -358 258
3 -388 259 -265
3 -261 -2188 260
3 -262 -2192 261
3 -263 262 -343
3 -264 -2196 263
3 -2200 264 -334
3 -266 -477 265
3 -268 -386 266
3 -269 268 267
3 -271 -285 269
3 -272 271 270
3 -274 -288 272
3 -275 274 273
3 -277 -291 275
3 -278 277 276
3 -280 -294 278
3 -281 280 279
3 -282 -406 281
3 283 282 -395
3 -284 -482 -387
3 -286 -384 284
3 -287 286 285
3 -289 -300 287
3 -290 289 288
3 -292 -303 290
3 -293 292 291
3 -295 -306 293
3 -296 295 294
3 -297 -309 296
3 298 297 -407
3 -299 -487 -385
3 -301 -382 299
3 -302 301 300
3 -304 -322 302
3 -305 304 303
3 -307 -316 305
3 -308 307 306
3 -310 -403 308
3 311 310 309
3 -312 -496 -324
3 -314 313 312
3 -315 314 -321
3 -317 -398 315
3 -318 317 316
3 -319 -400 318
3 320 319 -404
3 -323 322 321
3 -325 -381 323
3 -490 325 324
3 -326 -415 -360
3 -327 -357 326
3 -328 327 -368
3 -329 -353 328
3 -330 329 -361
3 -331 -349 330
3 -332 331 -421
3 -333 -345 332
3 334 333 -335
3 -336 -2204 335
3 -337 -2208 336
3 -338 337 -422
3 -339 -2212 338
3 -2216 339 -365
3 -340 -393 -341
3 -463 340 -392
3 341 -413 -390
3 -344 343 342
3 -347 345 344
3 -348 347 346
3 -351 349 348
3 -352 351 350
3 -355 353 352
3 -356 355 354
3 -359 357 356
3 -414 359 358
3 360 -416 -367
3 -362 361 -370
3 -363 -423 362
3 -364 363 -373
3 -366 365 364
3 -2220 366 -420
3 -369 368 367
3 -371 370 369
3 -372 371 -417
3 -374 373 372
3 -375 374 -377
3 -376 -419 375
3 -2228 376 -380
3 -418 -378 377
3 -379 378 -2236
3 380 379 -2232
3 -383 381 -492
3 383 -485 382
3 385 -480 384
3 387 -475 386
3 -389 388 -459
3 -391 390 389
3 392 391 -461
3 -474 -411 393
3 -396 -2180 394
3 397 396 395
3 -401 399 398
3 402 401 400
3 405 404 403
3 408 407 406
3 -466 -409 -412
3 -410 -471 -2240
3 410 409 -469
3 -464 412 411
3 415 414 413
3 418 417 416
3 -2224 420 419
3 423 422 421
3 -425 424 -2122
3 -426 425 -594
3 -428 427 426
3 -429 428 -597
3 -431 430 429
3 -432 431 -515
3 -434 433 432
3 -435 434 -527
3 -437 436 435
3 -438 437 -536
3 -440 439 438
3 -441 440 -538
3 -443 442 441
3 -444 443 -541
3 -446 445 444
3 -447 446 -543
3 -449 448 447
3 -450 449 -566
3 -452 451 450
3 -453 452 -586
3 -455 454 453
3 -456 455 -579
3 -458 457 456
3 -1995 458 -580
3 -460 459 -479
3 -462 461 460
3 463 462 -473
3 -465 464 -472
3 -467 466 465
3 -468 467 -619
3 -470 469 468
3 471 470 -2242
3 474 473 472
3 -476 475 -484
3 -478 477 476
3 479 478 -616
3 -481 480 -489
3 -483 482 481
3 484 483 -613
3 -486 485 -494
3 -488 487 486
3 489 488 -610
3 -491 490 -495
3 -493 492 491
3 494 493 -607
3 -497 -604 495
3 -2000 497 496
3 -498 -592 -524
3 -499 498 -520
3 -500 -509 499
3 -501 500 -517
3 -502 -549 501
3 -503 502 -568
3 -504 -557 503
3 -533 504 -571
3 -505 -2108 -550
3 -506 -2104 505
3 -507 506 -523
3 -508 -2100 507
3 -2096 508 -598
3 -510 -593 509
3 -511 510 -547
3 -512 -602 511
3 -513 512 -544
3 -514 -595 513
3 515 514 -526
3 -516 -630 -570
3 -518 -554 516
3 -519 518 517
3 -521 -551 519
3 -522 521 520
3 -525 523 522
3 -599 525 524
3 -528 527 526
3 -529 -535 528
3 -530 529 -545
3 -531 -589 530
3 -532 531 -556
3 -534 -559 532
3 -620 534 533
3 -537 536 535
3 -539 538 537
3 -540 539 -590
3 -542 541 540
3 543 542 -564
3 -546 545 544
3 -548 -558 546
3 549 548 547
3 -552 551 550
3 -553 552 -2112
3 -555 554 553
3 -633 555 -2116
3 558 557 556
3 -560 559 -639
3 -561 560 -587
3 -562 -591 561
3 -563 562 -575
3 -565 564 563
3 566 565 -585
3 -567 -624 -572
3 -569 -627 567
3 570 569 568
3 572 -621 571
3 -573 -588 -645
3 -574 573 -648
3 -576 575 574
3 -577 576 -651
3 -578 -584 577
3 579 578 -582
3 -581 -660 580
3 -583 -657 581
3 -654 583 582
3 586 585 584
3 -642 588 587
3 591 590 589
3 593 -600 592
3 -596 594 -601
3 597 596 595
3 599 -2094 598
3 602 601 600
3 -603 -1996 -686
3 -605 604 603
3 -606 605 -682
3 -608 607 606
3 -609 608 -673
3 -611 610 609
3 -612 611 -679
3 -614 613 612
3 -615 614 -669
3 -617 616 615
3 -618 617 -663
3 -2250 619 618
3 -622 -636 620
3 -623 622 621
3 -625 -757 623
3 -626 625 624
3 -628 -755 626
3 -629 628 627
3 -631 -767 629
3 -632 631 630
3 -634 -765 632
3 -2090 634 633
3 -635 -698 -638
3 -637 -764 635
3 -761 637 636
3 -640 639 638
3 -641 640 -700
3 -643 642 641
3 -644 643 -746
3 -646 645 644
3 -647 646 -748
3 -649 648 647
3 -650 649 -751
3 -652 651 650
3 -653 652 -716
3 -655 654 653
3 -656 655 -718
3 -658 657 656
3 -659 658 -744
3 -661 660 659
3 -1991 661 -742
3 -662 -896 -689
3 -664 -898 662
3 -665 664 663
3 -666 -936 665
3 -900 666 -671
3 -667 -681 -853
3 -668 667 -917
3 -670 669 668
3 671 670 -779
3 -672 -831 -677
3 -674 -911 672
3 -675 674 673
3 -676 -812 675
3 -908 676 -683
3 -678 677 -914
3 -680 679 678
3 681 680 -851
3 -684 683 682
3 -685 -793 684
3 -905 685 -687
3 -688 687 686
3 -881 688 -1992
3 -918 -2003 689
3 -690 -772 -2084
3 -691 690 -775
3 -692 -768 691
3 -693 692 -703
3 -694 -758 693
3 -695 694 -706
3 -696 -762 695
3 -697 696 -709
3 -699 698 697
3 700 699 -754
3 -701 -776 -2066
3 -702 701 -773
3 -704 703 702
3 -705 704 -722
3 -707 706 705
3 -708 707 -726
3 -710 709 708
3 -711 710 -730
3 -712 -753 711
3 -713 712 -734
3 -714 -749 713
3 -715 714 -738
3 -717 716 715
3 718 717 -743
3 -719 -2072 -961
3 -720 -774 719
3 -721 720 -957
3 -723 722 721
3 -724 723 -953
3 -725 724 -949
3 -727 726 725
3 -728 727 -948
3 -729 728 -966
3 -731 730 729
3 -732 731 -970
3 -733 732 -974
3 -735 734 733
3 -736 735 -976
3 -737 736 -984
3 -739 738 737
3 -740 739 -980
3 -741 -745 740
3 742 741 -977
3 745 744 743
3 -747 746 -752
3 -750 748 747
3 751 750 749
3 754 753 752
3 -756 755 -770
3 -759 757 756
3 -760 759 758
3 -763 761 760
3 764 763 762
3 -766 765 -771
3 -769 767 766
3 770 769 768
3 -2088 772 771
3 -2068 774 773
3 -2078 776 775
3 -777 -928 -899
3 -778 -854 777
3 779 778 -902
3 -780 -921 -2056
3 -781 780 -946
3 -782 -890 781
3 -783 782 -796
3 -784 -893 783
3 -785 784 -799
3 -786 -883 785
3 -787 786 -802
3 -788 -886 787
3 -789 788 -805
3 -790 -877 789
3 -791 790 -808
3 -792 -903 791
3 793 792 -907
3 -794 -947 -2048
3 -795 794 -944
3 -797 796 795
3 -798 797 -815
3 -800 799 798
3 -801 800 -818
3 -803 802 801
3 -804 803 -821
3 -806 805 804
3 -807 806 -824
3 -809 808 807
3 -810 809 -827
3 -811 -906 810
3 812 811 -910
3 -813 -945 -2040
3 -814 813 -942
3 -816 815 814
3 -817 816 -834
3 -819 818 817
3 -820 819 -837
3 -822 821 820
3 -823 822 -840
3 -825 824 823
3 -826 825 -843
3 -828 827 826
3 -829 828 -846
3 -830 -909 829
3 831 830 -913
3 -832 -943 -2032
3 -833 832 -940
3 -835 834 833
3 -836 835 -871
3 -838 837 836
3 -839 838 -868
3 -841 840 839
3 -842 841 -865
3 -844 843 842
3 -845 844 -862
3 -847 846 845
3 -848 847 -859
3 -849 -912 848
3 -850 849 -856
3 -852 851 850
3 853 852 -916
3 -855 854 -915
3 -857 -929 855
3 -858 857 856
3 -860 -931 858
3 -861 860 859
3 -863 -933 861
3 -864 863 862
3 -866 -922 864
3 -867 866 865
3 -869 -924 867
3 -870 869 868
3 -872 -926 870
3 -873 872 871
3 -874 -938 873
3 -2024 874 -941
3 -875 -2012 -925
3 -2016 875 -939
3 -876 -987 -888
3 -878 -983 876
3 -879 878 877
3 -880 -979 879
3 881 880 -904
3 -882 -963 -895
3 -884 -967 882
3 -885 884 883
3 -887 -971 885
3 888 887 886
3 -889 -960 -920
3 -891 -956 889
3 -892 891 890
3 -894 -952 892
3 895 894 893
3 896 -897 -919
3 898 -937 897
3 -901 899 -935
3 902 901 900
3 905 904 903
3 908 907 906
3 911 910 909
3 914 913 912
3 917 916 915
3 919 -2008 918
3 -2060 921 920
3 922 -923 -932
3 924 -927 923
3 927 926 925
3 929 -930 928
3 931 -934 930
3 934 933 932
3 937 936 935
3 -2020 939 938
3 -2028 941 940
3 -2036 943 942
3 -2044 945 944
3 -2052 947 946
3 -950 -964 948
3 -951 950 949
3 -954 952 951
3 -955 954 953
3 -958 956 955
3 -959 958 957
3 -962 960 959
3 -2062 962 961
3 -965 964 963
3 -968 966 965
3 -969 968 967
3 -972 970 969
3 -973 972 971
3 -975 974 973
3 976 975 -988
3 -978 -1990 977
3 -981 979 978
3 -982 981 980
3 -985 983 982
3 -986 985 984
3 988 987 986
3 -989 -2168 -1082
3 -990 -1028 989
3 -991 990 -1079
3 -992 -1023 991
3 -995 992 -1076
3 -993 -1004 -1043
3 -994 993 -1020
3 -996 -1018 994
3 -1073 996 995
3 -997 -1009 -1091
3 -998 997 -1094
3 -999 -1012 998
3 -1000 999 -1096
3 -1001 -1015 1000
3 -1002 1001 -1099
3 -1003 -1065 1002
3 -1068 1003 -1029
3 -1005 -1046 1004
3 -1006 -1057 1005
3 -1007 1006 -1017
3 -1008 -1010 1007
3 1009 1008 -1088
3 -1011 -1052 1010
3 -1013 -1050 1011
3 -1014 1013 1012
3 -1016 -1060 1014
3 -1062 1016 1015
3 -1019 -1086 1017
3 -1072 1019 1018
3 -1021 1020 -1040
3 -1022 1021 -1037
3 -1024 1023 1022
3 -1025 1024 -1034
3 -1026 -1027 1025
3 -2162 1026 -1031
3 -2164 1028 1027
3 -1030 1029 -1102
3 1030 -1105 -1071
3 -1032 -1176 -2159
3 -1033 1032 1031
3 -1035 -1178 1033
3 -1036 1035 1034
3 -1038 -1182 1036
3 -1039 1038 1037
3 -1041 -1188 1039
3 -1042 1041 1040
3 -1044 -1156 1042
3 -1045 1044 1043
3 -1047 -1157 1045
3 -1048 1047 1046
3 -1049 -1197 1048
3 -1189 1049 -1055
3 -1051 1050 -1058
3 -1053 1052 1051
3 -1054 1053 -1199
3 -1056 1054 -1190
3 1057 1056 1055
3 -1059 -1203 1058
3 -1061 -1209 1059
3 -1063 1061 1060
3 -1064 1063 1062
3 -1066 -1206 1064
3 -1067 1066 1065
3 -1069 -1170 1067
3 -1070 1069 1068
3 1071 -1978 1070
3 -1074 -1084 1072
3 -1075 1074 1073
3 -1077 -1273 1075
3 -1078 1077 1076
3 -1080 -1295 1078
3 -1081 1080 1079
3 -1083 -1403 1081
3 -2175 1083 1082
3 -1085 1084 -1400
3 -1087 1086 1085
3 1088 1087 -1089
3 -1090 1089 -1251
3 -1092 1091 1090
3 -1093 1092 -1397
3 -1095 1094 1093
3 1096 1095 -1097
3 -1098 1097 -1394
3 -1100 1099 1098
3 -1101 1100 -1323
3 -1103 1102 1101
3 -1104 1103 -1325
3 -1106 1105 1104
3 -1977 1106 -1390
3 -1107 -1225 -2131
3 -1108 1107 -1220
3 -1109 -1227 1108
3 -1110 1109 -1122
3 -1111 -1228 1110
3 -1112 1111 -1125
3 -1113 -1232 1112
3 -1114 1113 -1128
3 -1115 -1222 1114
3 -1116 1115 -1131
3 -1117 -1235 1116
3 -1118 1117 -1134
3 -1119 -1223 1118
3 -1439 1119 -1219
3 -1120 -1221 -2139
3 -1121 1120 -1216
3 -1123 1122 1121
3 -1124 1123 -1140
3 -1126 1125 1124
3 -1127 1126 -1143
3 -1129 1128 1127
3 -1130 1129 -1146
3 -1132 1131 1130
3 -1133 1132 -1149
3 -1135 1134 1133
3 -1136 1135 -1152
3 -1137 -1218 1136
3 -1433 1137 -1215
3 -1138 -1217 -2147
3 -1139 1138 -1212
3 -1141 1140 1139
3 -1142 1141 -1181
3 -1144 1143 1142
3 -1145 1144 -1184
3 -1147 1146 1145
3 -1148 1147 -1160
3 -1150 1149 1148
3 -1151 1150 -1163
3 -1153 1152 1151
3 -1154 1153 -1166
3 -1155 -1214 1154
3 -1427 1155 -1211
3 -1158 -1185 1156
3 -1159 1158 1157
3 -1161 1160 1159
3 -1162 1161 -1198
3 -1164 1163 1162
3 -1165 1164 -1193
3 -1167 1166 1165
3 -1168 1167 -1195
3 -1169 -1210 1168
3 -1421 1169 -1175
3 -1171 1170 -1412
3 -1172 -1205 1171
3 -1173 1172 -1415
3 -1174 -1202 1173
3 1175 1174 -1418
3 -1177 -2155 1176
3 -1179 -1213 1177
3 -1180 1179 1178
3 -1183 1181 1180
3 -1186 1183 1182
3 -1187 1185 1184
3 1188 1187 1186
3 -1191 -1196 1189
3 -1192 1191 1190
3 -1194 1193 1192
3 1195 1194 -1200
3 1198 1197 1196
3 -1201 1200 1199
3 -1204 1202 1201
3 -1207 1204 1203
3 -1208 1206 1205
3 1209 1208 1207
3 -1424 1211 1210
3 -2151 1213 1212
3 -1430 1215 1214
3 -2143 1217 1216
3 -1436 1219 1218
3 -2135 1221 1220
3 1222 -1233 -1231
3 -1224 -1445 -1234
3 -1442 1224 1223
3 1225 -1226 -2127
3 1227 -1229 1226
3 -1230 1229 1228
3 1232 1231 1230
3 1235 1234 1233
3 -1236 -1346 -1409
3 -1237 -1369 1236
3 -1463 1237 -1410
3 -1238 -1272 -1344
3 -1239 1238 -1341
3 -1240 -1270 1239
3 -1241 1240 -1338
3 -1242 -1267 1241
3 -1243 1242 -1335
3 -1244 -1264 1243
3 -1245 1244 -1332
3 -1246 -1261 1245
3 -1247 1246 -1329
3 -1248 -1258 1247
3 -1249 1248 -1326
3 -1250 -1255 1249
3 -1398 1250 -1393
3 -1252 1251 -1401
3 -1253 -1396 1252
3 -1254 1253 -1277
3 -1256 1255 1254
3 -1257 1256 -1280
3 -1259 1258 1257
3 -1260 1259 -1283
3 -1262 1261 1260
3 -1263 1262 -1286
3 -1265 1264 1263
3 -1266 1265 -1289
3 -1268 1267 1266
3 -1269 1268 -1292
3 -1271 1270 1269
3 1272 1271 -1294
3 -1274 1273 -1297
3 -1275 -1399 1274
3 -1276 1275 -1300
3 -1278 1277 1276
3 -1279 1278 -1303
3 -1281 1280 1279
3 -1282 1281 -1306
3 -1284 1283 1282
3 -1285 1284 -1309
3 -1287 1286 1285
3 -1288 1287 -1312
3 -1290 1289 1288
3 -1291 1290 -1315
3 -1293 1292 1291
3 1294 1293 -1317
3 -1296 1295 -1404
3 -1298 1297 1296
3 -1299 1298 -1319
3 -1301 1300 1299
3 -1302 1301 -1348
3 -1304 1303 1302
3 -1305 1304 -1352
3 -1307 1306 1305
3 -1308 1307 -1356
3 -1310 1309 1308
3 -1311 1310 -1360
3 -1313 1312 1311
3 -1314 1313 -1364
3 -1316 1315 1314
3 1317 1316 -1368
3 -1318 -2191 -1350
3 -1320 -2187 1318
3 -1321 1320 1319
3 -1322 -2183 1321
3 -2179 1322 -1402
3 -1324 1323 -1395
3 -1327 1325 1324
3 -1328 1327 1326
3 -1330 -1389 1328
3 -1331 1330 1329
3 -1333 -1387 1331
3 -1334 1333 1332
3 -1336 -1383 1334
3 -1337 1336 1335
3 -1339 -1379 1337
3 -1340 1339 1338
3 -1342 -1375 1340
3 -1343 1342 1341
3 -1345 -1371 1343
3 1346 1345 1344
3 -1347 -2199 -1354
3 -1349 -2195 1347
3 1350 1349 1348
3 -1351 -2207 -1358
3 -1353 -2203 1351
3 1354 1353 1352
3 -1355 -2215 -1362
3 -1357 -2211 1355
3 1358 1357 1356
3 -1359 -2223 -1366
3 -1361 -2219 1359
3 1362 1361 1360
3 -1363 -2231 -1367
3 -1365 -2227 1363
3 1366 1365 1364
3 -2235 1368 1367
3 -1451 -1405 -1406
3 -1370 1369 -1455
3 -1372 1371 1370
3 -1373 1372 -1457
3 -1374 1373 -1460
3 -1376 1375 1374
3 -1377 1376 -1462
3 -1378 1377 -1470
3 -1380 1379 1378
3 -1381 1380 -1472
3 -1382 1381 -1475
3 -1384 1383 1382
3 -1385 1384 -1477
3 -1386 1385 -1480
3 -1388 1387 1386
3 -1391 1388 -1482
3 -1392 1390 1389
3 -1485 1392 1391
3 1395 1394 1393
3 1398 1397 1396
3 1401 1400 1399
3 1404 1403 1402
3 -1411 1405 -1467
3 -1453 -1407 -2239
3 -1408 -1449 1406
3 1408 1407 -1447
3 1411 1410 1409
3 -1413 1412 -1982
3 -1414 1413 -1544
3 -1416 1415 1414
3 -1417 1416 -1541
3 -1419 1418 1417
3 -1420 1419 -1538
3 -1422 1421 1420
3 -1423 1422 -1535
3 -1425 1424 1423
3 -1426 1425 -1528
3 -1428 1427 1426
3 -1429 1428 -1569
3 -1431 1430 1429
3 -1432 1431 -1515
3 -1434 1433 1432
3 -1435 1434 -1572
3 -1437 1436 1435
3 -1438 1437 -1499
3 -1440 1439 1438
3 -1441 1440 -1577
3 -1443 1442 1441
3 -1444 1443 -1487
3 -1446 1445 1444
3 -2123 1446 -1580
3 -1448 1447 -1452
3 -1450 1449 1448
3 1451 1450 -1466
3 -1454 -1592 1452
3 -2243 1454 1453
3 -1456 1455 -1464
3 -1458 1457 1456
3 -1459 1458 -1595
3 -1461 1460 1459
3 1462 1461 -1468
3 -1465 1464 1463
3 1467 1466 1465
3 -1469 1468 -1598
3 -1471 1470 1469
3 1472 1471 -1473
3 -1474 1473 -1601
3 -1476 1475 1474
3 1477 1476 -1478
3 -1479 1478 -1604
3 -1481 1480 1479
3 1482 1481 -1483
3 -1484 1483 -1607
3 1485 1484 -1979
3 -1486 -2121 -1589
3 -2097 1486 -1579
3 -1488 -1581 1487
3 -1489 1488 -1575
3 -1490 -1583 1489
3 -1491 1490 -1502
3 -1492 -1585 1491
3 -1493 1492 -1505
3 -1494 -1586 1493
3 -1495 1494 -1508
3 -1496 -1590 1495
3 -1497 1496 -1511
3 -1498 -1578 1497
3 -2105 1498 -1574
3 -1500 -1576 1499
3 -1501 1500 -1570
3 -1503 1502 1501
3 -1504 1503 -1518
3 -1506 1505 1504
3 -1507 1506 -1521
3 -1509 1508 1507
3 -1510 1509 -1524
3 -1512 1511 1510
3 -1513 1512 -1562
3 -1514 -1573 1513
3 -2113 1514 -1566
3 -1516 -1571 1515
3 -1517 1516 -1567
3 -1519 1518 1517
3 -1520 1519 -1531
3 -1522 1521 1520
3 -1523 1522 -1553
3 -1525 1524 1523
3 -1526 1525 -1557
3 -1527 -1560 1526
3 -1616 1527 -1559
3 -1529 -1568 1528
3 -1530 1529 -1536
3 -1532 1531 1530
3 -1533 1532 -1548
3 -1534 -1551 1533
3 -1632 1534 -1550
3 -1537 1536 1535
3 -1539 -1546 1537
3 -1540 1539 1538
3 -1542 -1649 1540
3 -1543 1542 1541
3 -1545 -1646 1543
3 -1643 1545 1544
3 -1547 1546 -1638
3 -1549 1548 1547
3 1550 1549 -1635
3 -1552 1551 -1626
3 -1554 1553 1552
3 -1555 1554 -1628
3 -1556 1555 -1622
3 -1558 1557 1556
3 1559 1558 -1619
3 -1561 1560 -1608
3 -1563 1562 1561
3 -1564 1563 -1610
3 -1565 1564 -1613
3 1566 1565 -2117
3 1569 1568 1567
3 1572 1571 1570
3 -2109 1574 1573
3 1577 1576 1575
3 -2101 1579 1578
3 1581 -1582 1580
3 1583 -1584 1582
3 1585 -1587 1584
3 -1588 1587 1586
3 1590 1589 1588
3 -1591 -2246 -1654
3 -1593 1592 1591
3 -1594 1593 -1651
3 -1596 1595 1594
3 -1597 1596 -1664
3 -1599 1598 1597
3 -1600 1599 -1668
3 -1602 1601 1600
3 -1603 1602 -1672
3 -1605 1604 1603
3 -1606 1605 -1676
3 -1983 1607 1606
3 -1609 1608 -1615
3 -1611 1610 1609
3 -1612 1611 -1722
3 -1614 1613 1612
3 -2091 1614 -1720
3 -1617 -1726 1615
3 -1618 1617 1616
3 -1620 -1728 1618
3 -1621 1620 1619
3 -1623 -1732 1621
3 -1624 1623 1622
3 -1625 -1678 1624
3 -1737 1625 -1630
3 -1627 1626 -1631
3 -1629 1628 1627
3 1630 1629 -1735
3 -1633 -1744 1631
3 -1634 1633 1632
3 -1636 -1742 1634
3 -1637 1636 1635
3 -1639 -1686 1637
3 -1640 1639 1638
3 -1641 -1750 1640
3 -1748 1641 -1647
3 -1642 -1986 -1757
3 -1644 1643 1642
3 -1645 1644 -1754
3 -1648 1646 1645
3 1649 1648 1647
3 -1650 -1889 -1661
3 -1652 -1903 1650
3 -1653 1652 1651
3 -1655 -1900 1653
3 -1656 1655 1654
3 -1657 -1919 1656
3 -1904 1657 -1658
3 -1659 -1908 1658
3 -1905 1659 -2004
3 -1660 -1885 -1666
3 -1662 -1894 1660
3 -1891 1662 1661
3 -1663 -1828 -1670
3 -1665 -1888 1663
3 1666 1665 1664
3 -1667 -1784 -1674
3 -1669 -1911 1667
3 1670 1669 1668
3 -1671 -1766 -1675
3 -1673 -1914 1671
3 1674 1673 1672
3 -1677 1676 1675
3 -1987 1677 -1915
3 -1679 -1734 1678
3 -1680 1679 -1740
3 -1681 -1731 1680
3 -1682 1681 -1693
3 -1683 -1725 1682
3 -1684 1683 -1696
3 -1685 -1763 1684
3 -2081 1685 -1762
3 -1687 -1741 1686
3 -1688 1687 -1753
3 -1689 -1745 1688
3 -1690 1689 -1705
3 -1691 -1738 1690
3 -1692 1691 -1709
3 -1694 1693 1692
3 -1695 1694 -1713
3 -1697 1696 1695
3 -1698 1697 -1717
3 -1699 -1761 1698
3 -2069 1699 -1760
3 -1700 -1965 -1707
3 -1701 -1961 1700
3 -1702 1701 -1751
3 -1703 -1959 1702
3 -1975 1703 -1756
3 -1704 -1945 -1711
3 -1706 -1969 1704
3 1707 1706 1705
3 -1708 -1951 -1715
3 -1710 -1947 1708
3 1711 1710 1709
3 -1712 -1936 -1719
3 -1714 -1955 1712
3 1715 1714 1713
3 -1716 -1942 -1759
3 -1718 -1938 1716
3 1719 1718 1717
3 -1721 -2087 1720
3 -1723 -1764 1721
3 -1724 1723 1722
3 -1727 1725 1724
3 -1729 1727 1726
3 -1730 1729 1728
3 -1733 1731 1730
3 1734 1733 1732
3 -1736 1735 -1747
3 -1739 1737 1736
3 1740 1739 1738
3 -1743 1742 1741
3 -1746 1744 1743
3 1747 1746 1745
3 -1749 1748 -1755
3 -1752 1750 1749
3 1753 1752 1751
3 -1758 1755 1754
3 1758 1757 1756
3 -2073 1760 1759
3 -2077 1762 1761
3 -2083 1764 1763
3 -1765 -1898 -1780
3 -1901 1765 -1897
3 -1767 -1917 1766
3 -1768 1767 -1912
3 -1769 -1880 1768
3 -1770 1769 -1787
3 -1771 -1877 1770
3 -1772 1771 -1790
3 -1773 -1873 1772
3 -1774 1773 -1793
3 -1775 -1870 1774
3 -1776 1775 -1796
3 -1777 -1866 1776
3 -1778 1777 -1799
3 -1779 -1934 1778
3 -2051 1779 -1933
3 -1781 1780 -1803
3 -1782 1781 -1806
3 -1783 -1896 1782
3 -1892 1783 -1883
3 -1785 -1913 1784
3 -1786 1785 -1909
3 -1788 1787 1786
3 -1789 1788 -1824
3 -1791 1790 1789
3 -1792 1791 -1811
3 -1794 1793 1792
3 -1795 1794 -1814
3 -1797 1796 1795
3 -1798 1797 -1817
3 -1800 1799 1798
3 -1801 1800 -1820
3 -1802 -1932 1801
3 -2043 1802 -1931
3 -1804 1803 -1829
3 -1805 1804 -1832
3 -1807 1806 1805
3 -1808 1807 -1846
3 -1809 -1882 1808
3 -1825 1809 -1810
3 -1812 1811 1810
3 -1813 1812 -1847
3 -1815 1814 1813
3 -1816 1815 -1835
3 -1818 1817 1816
3 -1819 1818 -1838
3 -1821 1820 1819
3 -1822 1821 -1841
3 -1823 -1930 1822
3 -2035 1823 -1929
3 -1826 1825 1824
3 -1827 -1886 1826
3 1828 1827 -1910
3 -1830 1829 -1923
3 -1831 1830 -1848
3 -1833 1832 1831
3 -1845 1833 -1834
3 -1836 1835 1834
3 -1837 1836 -1849
3 -1839 1838 1837
3 -1840 1839 -1852
3 -1842 1841 1840
3 -1843 1842 -1855
3 -1844 -1928 1843
3 -2027 1844 -1927
3 1847 1846 1845
3 -1850 1849 1848
3 -1851 1850 -1924
3 -1853 1852 1851
3 -1854 1853 -1922
3 -1856 1855 1854
3 -1857 1856 -1859
3 -1858 -1926 1857
3 -2019 1858 -1862
3 -1921 -1860 1859
3 -1861 1860 -2011
3 1862 1861 -2015
3 -1863 -2059 -1943
3 -1864 -1935 1863
3 -1865 1864 -1939
3 -1867 1866 1865
3 -1868 1867 -1956
3 -1869 1868 -1952
3 -1871 1870 1869
3 -1872 1871 -1948
3 -1874 1873 1872
3 -1875 1874 -1970
3 -1876 1875 -1966
3 -1878 1877 1876
3 -1879 1878 -1962
3 -1881 1880 1879
3 -1916 1881 -1974
3 -1884 1883 1882
3 -1887 1885 1884
3 1888 1887 1886
3 -1890 1889 -1895
3 -1893 1891 1890
3 1894 1893 1892
3 1897 1896 1895
3 -1899 -1920 1898
3 -1902 1900 1899
3 1903 1902 1901
3 1904 -1906 -1918
3 -1907 1905 -2007
3 1908 1907 1906
3 1911 1910 1909
3 1914 1913 1912
3 1917 1916 1915
3 1920 1919 1918
3 1922 -1925 1921
3 1925 1924 1923
3 -2023 1927 1926
3 -2031 1929 1928
3 -2039 1931 1930
3 -2047 1933 1932
3 -2055 1935 1934
3 -1937 1936 -1958
3 -1940 1938 1937
3 -1941 1940 1939
3 -1944 1942 1941
3 -2063 1944 1943
3 -1946 1945 -1972
3 -1949 1947 1946
3 -1950 1949 1948
3 -1953 1951 1950
3 -1954 1953 1952
3 -1957 1955 1954
3 1958 1957 1956
3 -1960 1959 -1973
3 -1963 1961 1960
3 -1964 1963 1962
3 -1967 1965 1964
3 -1968 1967 1966
3 -1971 1969 1968
3 1972 1971 1970
3 -1976 1974 1973
3 -1989 1976 1975
3 -1980 1978 1977
3 -1981 1980 1979
3 -1984 1982 1981
3 -1985 1984 1983
3 -1988 1986 1985
3 1989 1988 1987
3 -1993 1991 1990
3 -1994 1993 1992
3 -1997 1995 1994
3 -1998 1997 1996
3 -2001 1999 1998
3 2002 2001 2000
3 -2005 2003 -2006
3 -2247 2005 2004
3 -2009 2007 2006
3 -2010 2009 2008
3 -2013 2011 2010
3 -2014 2013 2012
3 -2017 2015 2014
3 -2018 2017 2016
3 -2021 2019 2018
3 -2022 2021 2020
3 -2025 2023 2022
3 -2026 2025 2024
3 -2029 2027 2026
3 -2030 2029 2028
3 -2033 2031 2030
3 -2034 2033 2032
3 -2037 2035 2034
3 -2038 2037 2036
3 -2041 2039 2038
3 -2042 2041 2040
3 -2045 2043 2042
3 -2046 2045 2044
3 -2049 2047 2046
3 -2050 2049 2048
3 -2053 2051 2050
3 -2054 2053 2052
3 -2057 2055 2054
3 -2058 2057 2056
3 -2061 2059 2058
3 -2065 2061 2060
3 -2064 2062 -2075
3 2065 2064 2063
3 -2067 2066 -2076
3 -2070 2068 2067
3 -2071 2070 2069
3 -2074 2072 2071
3 2075 2074 2073
3 -2079 2077 2076
3 -2080 2079 2078
3 -2082 2081 2080
3 2083 2082 -2085
3 -2086 2085 2084
3 -2089 2087 2086
3 -2093 2089 2088
3 -2092 2090 -2119
3 2093 2092 2091
3 -2095 2094 -2120
3 -2098 2096 2095
3 -2099 2098 2097
3 -2102 2100 2099
3 -2103 2102 2101
3 -2106 2104 2103
3 -2107 2106 2105
3 -2110 2108 2107
3 -2111 2110 2109
3 -2114 2112 2111
3 -2115 2114 2113
3 -2118 2116 2115
3 2119 2118 2117
3 -2125 2121 2120
3 -2124 2122 -2126
3 2125 2124 2123
3 -2129 2127 2126
3 -2130 2129 2128
3 -2133 2131 2130
3 -2134 2133 2132
3 -2137 2135 2134
3 -2138 2137 2136
3 -2141 2139 2138
3 -2142 2141 2140
3 -2145 2143 2142
3 -2146 2145 2144
3 -2149 2147 2146
3 -2150 2149 2148
3 -2153 2151 2150
3 -2154 2153 2152
3 -2157 2155 2154
3 -2161 2157 2156
3 -2160 2158 -2173
3 2161 2160 2159
3 -2163 2162 -2171
3 -2166 2164 2163
3 -2167 2166 2165
3 -2170 2168 2167
3 -2177 2170 2169
3 2173 2172 2171
3 -2176 2174 -2178
3 2177 2176 2175
3 -2181 2179 2178
3 -2182 2181 2180
3 -2185 2183 2182
3 -2186 2185 2184
3 -2189 2187 2186
3 -2190 2189 2188
3 -2193 2191 2190
3 -2194 2193 2192
3 -2197 2195 2194
3 -2198 2197 2196
3 -2201 2199 2198
3 -2202 2201 2200
3 -2205 2203 2202
3 -2206 2205 2204
3 -2209 2207 2206
3 -2210 2209 2208
3 -2213 2211 2210
3 -2214 2213 2212
3 -2217 2215 2214
3 -2218 2217 2216
3 -2221 2219 2218
3 -2222 2221 2220
3 -2225 2223 2222
3 -2226 2225 2224
3 -2229 2227 2226
3 -2230 2229 2228
3 -2233 2231 2230
3 -2234 2233 2232
3 -2237 2235 2234
3 -2238 2237 2236
3 -2241 2239 2238
3 -2245 2241 2240
3 -2244 2242 -2248
3 2245 2244 2243
3 -2249 2247 2246
3 2250 2249 2248
0
0
