12
0
0
0
3
13
*
192
558.937500 -17380.564453 1445.694336
558.937500 -17380.564453 2017.096680
745.511719 -17380.564453 2017.096680
745.511719 -17380.564453 1445.694336
558.937500 -17668.130859 2017.096680
558.937500 -17668.130859 1445.694336
745.511719 -17668.130859 2017.096680
745.511719 -17668.130859 1445.694336
807.582031 -17668.130859 1445.694336
807.582031 -17380.564453 1445.694336
994.160156 -17380.564453 1445.694336
994.160156 -17668.130859 1445.694336
994.160156 -17380.564453 2017.096680
994.160156 -17668.130859 2017.096680
807.582031 -17380.564453 2017.096680
807.582031 -17668.130859 2017.096680
508.781250 -17668.130859 2374.235352
508.781250 -17380.564453 2374.235352
508.781250 -17380.564453 2017.096680
508.781250 -17668.130859 2017.096680
1042.152344 -17380.564453 2017.096680
1042.152344 -17668.130859 2017.096680
1042.152344 -17380.564453 2374.235352
1042.152344 -17668.130859 2374.235352
918.191406 -17320.083984 2100.059570
903.878906 -17320.083984 2087.665039
888.218750 -17320.083984 2085.387695
873.093750 -17320.083984 2093.502930
860.328125 -17320.083984 2111.028320
851.464844 -17320.083984 2135.854492
847.574219 -17320.083984 2164.985352
849.125000 -17320.083984 2194.907227
855.925781 -17320.083984 2222.008789
867.160156 -17320.083984 2243.024414
881.468750 -17320.083984 2255.418945
897.132813 -17320.083984 2257.696289
912.257813 -17320.083984 2249.581055
925.019531 -17320.083984 2232.053711
933.882813 -17320.083984 2207.227539
937.777344 -17320.083984 2178.098633
936.226563 -17320.083984 2148.178711
929.425781 -17320.083984 2121.075195
903.878906 -17380.564453 2087.665039
918.191406 -17380.564453 2100.059570
888.218750 -17380.564453 2085.387695
873.093750 -17380.564453 2093.502930
860.328125 -17380.564453 2111.028320
851.464844 -17380.564453 2135.854492
847.574219 -17380.564453 2164.985352
849.125000 -17380.564453 2194.907227
855.925781 -17380.564453 2222.008789
867.160156 -17380.564453 2243.024414
881.468750 -17380.564453 2255.418945
897.132813 -17380.564453 2257.696289
912.257813 -17380.564453 2249.581055
925.019531 -17380.564453 2232.053711
933.882813 -17380.564453 2207.227539
937.777344 -17380.564453 2178.098633
936.226563 -17380.564453 2148.178711
929.425781 -17380.564453 2121.075195
695.652344 -17320.083984 2100.059570
681.343750 -17320.083984 2087.665039
665.679688 -17320.083984 2085.387695
650.554688 -17320.083984 2093.502930
637.789063 -17320.083984 2111.028320
628.929688 -17320.083984 2135.854492
625.039063 -17320.083984 2164.985352
626.585938 -17320.083984 2194.907227
633.386719 -17320.083984 2222.008789
644.617188 -17320.083984 2243.024414
658.929688 -17320.083984 2255.418945
674.593750 -17320.083984 2257.696289
689.718750 -17320.083984 2249.581055
702.484375 -17320.083984 2232.053711
711.343750 -17320.083984 2207.227539
715.234375 -17320.083984 2178.098633
713.687500 -17320.083984 2148.178711
706.886719 -17320.083984 2121.075195
681.343750 -17380.564453 2087.665039
695.652344 -17380.564453 2100.059570
665.679688 -17380.564453 2085.387695
650.554688 -17380.564453 2093.502930
637.789063 -17380.564453 2111.028320
628.929688 -17380.564453 2135.854492
625.039063 -17380.564453 2164.985352
626.585938 -17380.564453 2194.907227
633.386719 -17380.564453 2222.008789
644.617188 -17380.564453 2243.024414
658.929688 -17380.564453 2255.418945
674.593750 -17380.564453 2257.696289
689.718750 -17380.564453 2249.581055
702.484375 -17380.564453 2232.053711
711.343750 -17380.564453 2207.227539
715.234375 -17380.564453 2178.098633
713.687500 -17380.564453 2148.178711
706.886719 -17380.564453 2121.075195
839.207031 17754.138672 1445.694336
839.207031 17754.138672 2017.096680
652.625000 17754.138672 2017.096680
652.625000 17754.138672 1445.694336
652.625000 18041.705078 1445.694336
652.625000 18041.705078 2017.096680
839.207031 18041.705078 2017.096680
839.207031 18041.705078 1445.694336
1087.851563 18041.705078 1445.694336
1087.851563 17754.138672 1445.694336
901.269531 17754.138672 1445.694336
901.269531 18041.705078 1445.694336
1087.851563 18041.705078 2017.096680
1087.851563 17754.138672 2017.096680
901.269531 18041.705078 2017.096680
901.269531 17754.138672 2017.096680
602.468750 18041.705078 2017.096680
602.468750 17754.138672 2017.096680
602.468750 17754.138672 2374.235352
602.468750 18041.705078 2374.235352
1135.843750 18041.705078 2017.096680
1135.843750 17754.138672 2017.096680
1135.843750 18041.705078 2374.235352
1135.843750 17754.138672 2374.235352
1023.117188 17693.660156 2121.075195
1029.917969 17693.660156 2148.178711
1031.464844 17693.660156 2178.098633
1027.574219 17693.660156 2207.227539
1018.714844 17693.660156 2232.053711
1005.949219 17693.660156 2249.581055
990.828125 17693.660156 2257.696289
975.164063 17693.660156 2255.418945
960.851563 17693.660156 2243.024414
949.617188 17693.660156 2222.008789
942.816406 17693.660156 2194.907227
941.269531 17693.660156 2164.985352
945.160156 17693.660156 2135.854492
954.019531 17693.660156 2111.028320
966.785156 17693.660156 2093.502930
981.910156 17693.660156 2085.387695
997.574219 17693.660156 2087.665039
1011.882813 17693.660156 2100.059570
1011.882813 17754.138672 2100.059570
997.574219 17754.138672 2087.665039
981.910156 17754.138672 2085.387695
966.785156 17754.138672 2093.502930
954.019531 17754.138672 2111.028320
945.160156 17754.138672 2135.854492
941.269531 17754.138672 2164.985352
942.816406 17754.138672 2194.907227
949.617188 17754.138672 2222.008789
960.851563 17754.138672 2243.024414
975.164063 17754.138672 2255.418945
990.828125 17754.138672 2257.696289
1005.949219 17754.138672 2249.581055
1018.714844 17754.138672 2232.053711
1027.574219 17754.138672 2207.227539
1031.464844 17754.138672 2178.098633
1029.917969 17754.138672 2148.178711
1023.117188 17754.138672 2121.075195
800.578125 17693.660156 2121.075195
807.378906 17693.660156 2148.178711
808.929688 17693.660156 2178.098633
805.039063 17693.660156 2207.227539
796.175781 17693.660156 2232.053711
783.414063 17693.660156 2249.581055
768.285156 17693.660156 2257.696289
752.625000 17693.660156 2255.418945
738.312500 17693.660156 2243.024414
727.082031 17693.660156 2222.008789
720.277344 17693.660156 2194.907227
718.730469 17693.660156 2164.985352
722.621094 17693.660156 2135.854492
731.484375 17693.660156 2111.028320
744.246094 17693.660156 2093.502930
759.371094 17693.660156 2085.387695
775.031250 17693.660156 2087.665039
789.343750 17693.660156 2100.059570
789.343750 17754.138672 2100.059570
775.031250 17754.138672 2087.665039
759.371094 17754.138672 2085.387695
744.246094 17754.138672 2093.502930
731.484375 17754.138672 2111.028320
722.621094 17754.138672 2135.854492
718.730469 17754.138672 2164.985352
720.277344 17754.138672 2194.907227
727.082031 17754.138672 2222.008789
738.312500 17754.138672 2243.024414
752.625000 17754.138672 2255.418945
768.285156 17754.138672 2257.696289
783.414063 17754.138672 2249.581055
796.175781 17754.138672 2232.053711
805.039063 17754.138672 2207.227539
808.929688 17754.138672 2178.098633
807.378906 17754.138672 2148.178711
800.578125 17754.138672 2121.075195
0
288
174 191
191 190
156 191
190 189
157 190
189 188
158 189
188 187
159 188
187 186
160 187
186 185
161 186
185 184
162 185
184 183
163 184
183 182
164 183
182 181
165 182
181 180
166 181
180 179
167 180
179 178
168 179
178 177
169 178
177 176
170 177
176 175
171 176
175 174
172 175
174 173
173 156
172 173
171 172
170 171
169 170
168 169
167 168
166 167
165 166
164 165
163 164
162 163
161 162
160 161
159 160
158 159
157 158
156 157
138 155
155 154
120 155
154 153
121 154
153 152
122 153
152 151
123 152
151 150
124 151
150 149
125 150
149 148
126 149
148 147
127 148
147 146
128 147
146 145
129 146
145 144
130 145
144 143
131 144
143 142
132 143
142 141
133 142
141 140
134 141
140 139
135 140
139 138
136 139
138 137
137 120
136 137
135 136
134 135
133 134
132 133
131 132
130 131
129 130
128 129
127 128
126 127
125 126
124 125
123 124
122 123
121 122
120 121
118 115
114 119
116 118
119 117
118 119
112 116
117 113
116 117
115 112
114 115
113 114
112 113
110 107
106 111
108 110
111 109
110 111
104 108
109 105
108 109
107 104
106 107
105 106
104 105
100 103
103 102
96 103
102 101
97 102
101 100
98 101
100 99
99 96
98 99
97 98
96 97
95 79
94 95
95 77
93 94
94 76
92 93
93 75
91 92
92 74
90 91
91 73
89 90
90 72
88 89
89 71
87 88
88 70
86 87
87 69
85 86
86 68
84 85
85 67
83 84
84 66
82 83
83 65
81 82
82 64
80 81
81 63
78 80
80 62
79 78
60 79
78 61
77 60
76 77
75 76
74 75
73 74
72 73
71 72
70 71
69 70
68 69
67 68
66 67
65 66
64 65
63 64
62 63
61 62
60 61
59 43
58 59
59 41
57 58
58 40
56 57
57 39
55 56
56 38
54 55
55 37
53 54
54 36
52 53
53 35
51 52
52 34
50 51
51 33
49 50
50 32
48 49
49 31
47 48
48 30
46 47
47 29
45 46
46 28
44 45
45 27
42 44
44 26
43 42
24 43
42 25
41 24
40 41
39 40
38 39
37 38
36 37
35 36
34 35
33 34
32 33
31 32
30 31
29 30
28 29
27 28
26 27
25 26
24 25
16 23
22 17
23 21
22 23
20 22
21 19
20 21
18 20
19 16
18 19
17 18
16 17
8 15
14 9
15 13
14 15
12 14
13 11
12 13
10 12
11 8
10 11
9 10
8 9
7 5
6 7
7 3
4 6
6 2
5 4
0 5
4 1
3 0
2 3
1 2
0 1
106
4 288 287 286 285
4 284 -288 283 282
4 281 -287 -284 280
4 279 -286 -281 278
4 -283 -285 -279 277
4 276 275 274 273
4 -274 272 271 270
4 -271 269 268 267
4 -268 266 -276 265
4 -266 -269 -272 -275
4 264 263 262 261
4 -262 260 259 258
4 -259 257 256 255
4 -256 254 -264 253
4 -254 -257 -260 -263
4 234 -252 233 232
4 231 -251 -234 230
4 229 -250 -231 228
4 227 -249 -229 226
4 225 -248 -227 224
4 223 -247 -225 222
4 221 -246 -223 220
4 219 -245 -221 218
4 217 -244 -219 216
4 215 -243 -217 214
4 213 -242 -215 212
4 211 -241 -213 210
4 209 -240 -211 208
4 207 -239 -209 206
4 205 -238 -207 204
4 203 -237 -205 202
4 201 -236 -203 200
4 -233 -235 -201 199
4 180 -198 179 178
4 177 -197 -180 176
4 175 -196 -177 174
4 173 -195 -175 172
4 171 -194 -173 170
4 169 -193 -171 168
4 167 -192 -169 166
4 165 -191 -167 164
4 163 -190 -165 162
4 161 -189 -163 160
4 159 -188 -161 158
4 157 -187 -159 156
4 155 -186 -157 154
4 153 -185 -155 152
4 151 -184 -153 150
4 149 -183 -151 148
4 147 -182 -149 146
4 -179 -181 -147 145
4 144 143 142 141
4 140 -142 139 138
4 -139 -143 137 136
4 -137 -144 135 134
4 -135 -141 -140 133
4 132 131 130 129
4 128 127 -132 126
4 125 124 -128 123
4 -130 122 -125 121
4 -127 -124 -122 -131
4 120 119 118 117
4 116 115 -120 114
4 113 112 -116 111
4 -118 110 -113 109
4 -115 -112 -110 -119
4 90 -92 89 88
4 -89 -93 87 86
4 -87 -94 85 84
4 -85 -95 83 82
4 -83 -96 81 80
4 -81 -97 79 78
4 -79 -98 77 76
4 -77 -99 75 74
4 -75 -100 73 72
4 -73 -101 71 70
4 -71 -102 69 68
4 -69 -103 67 66
4 -67 -104 65 64
4 -65 -105 63 62
4 -63 -106 61 60
4 -61 -107 59 58
4 -59 -108 57 56
4 -57 -91 -90 55
4 36 -38 35 34
4 -35 -39 33 32
4 -33 -40 31 30
4 -31 -41 29 28
4 -29 -42 27 26
4 -27 -43 25 24
4 -25 -44 23 22
4 -23 -45 21 20
4 -21 -46 19 18
4 -19 -47 17 16
4 -17 -48 15 14
4 -15 -49 13 12
4 -13 -50 11 10
4 -11 -51 9 8
4 -9 -52 7 6
4 -7 -53 5 4
4 -5 -54 3 2
4 -3 -37 -36 1
18 252 251 250 249 248 247 246 245 244 243 242 241 240 239 238 237
   236 235
18 198 197 196 195 194 193 192 191 190 189 188 187 186 185 184 183
   182 181
18 108 107 106 105 104 103 102 101 100 99 98 97 96 95 94 93
   92 91
18 54 53 52 51 50 49 48 47 46 45 44 43 42 41 40 39
   38 37
0
0
13
*
288
-641.945313 -17757.521484 17.543945
-690.523438 -17757.521484 -98.372070
-756.882813 -17757.521484 -175.496094
-833.015625 -17757.521484 -204.525391
-909.753906 -17757.521484 -181.958984
-977.820313 -17757.521484 -110.517578
-1029.023438 -17757.521484 1.180664
-1057.183594 -17757.521484 139.662109
-1058.890625 -17757.521484 288.227539
-1033.960938 -17757.521484 428.953125
-985.382813 -17757.521484 544.868164
-919.023438 -17757.521484 621.991211
-842.886719 -17757.521484 651.022461
-766.152344 -17757.521484 628.454102
-698.082031 -17757.521484 557.012695
-646.882813 -17757.521484 445.316406
-618.722656 -17757.521484 306.833008
-617.011719 -17757.521484 158.269531
-690.523438 -17904.835938 -98.372070
-641.945313 -17904.835938 17.543945
-756.882813 -17904.835938 -175.496094
-833.015625 -17904.835938 -204.525391
-909.753906 -17904.835938 -181.958984
-977.820313 -17904.835938 -110.517578
-1029.023438 -17904.835938 1.180664
-618.722656 -17904.835938 306.833008
-646.882813 -17904.835938 445.316406
-617.011719 -17904.835938 158.269531
-641.945313 -18203.427734 17.543945
-641.945313 -18056.113281 17.543945
-617.011719 -18056.113281 158.269531
-617.011719 -18203.427734 158.269531
-618.722656 -18056.113281 306.833008
-618.722656 -18203.427734 306.833008
-1029.023438 -18203.427734 1.180664
-1029.023438 -18056.113281 1.180664
-977.820313 -18056.113281 -110.517578
-977.820313 -18203.427734 -110.517578
-909.753906 -18056.113281 -181.958984
-909.753906 -18203.427734 -181.958984
-833.015625 -18056.113281 -204.525391
-833.015625 -18203.427734 -204.525391
-756.882813 -18056.113281 -175.496094
-756.882813 -18203.427734 -175.496094
-690.523438 -18056.113281 -98.372070
-690.523438 -18203.427734 -98.372070
-1057.183594 -18056.113281 139.662109
-1058.890625 -18056.113281 288.227539
-1033.960938 -18056.113281 428.953125
-985.382813 -18056.113281 544.868164
-919.023438 -18056.113281 621.991211
-842.886719 -18056.113281 651.022461
-766.152344 -18056.113281 628.454102
-698.082031 -18056.113281 557.012695
-646.882813 -18056.113281 445.316406
2755.691406 -18056.113281 17.543945
2707.113281 -18056.113281 -98.372070
2640.753906 -18056.113281 -175.496094
2564.617188 -18056.113281 -204.525391
2487.886719 -18056.113281 -181.958984
2419.812500 -18056.113281 -110.517578
2368.609375 -18056.113281 1.180664
2340.453125 -18056.113281 139.662109
2338.742188 -18056.113281 288.227539
2363.671875 -18056.113281 428.953125
2412.250000 -18056.113281 544.868164
2478.609375 -18056.113281 621.991211
2554.746094 -18056.113281 651.022461
2631.480469 -18056.113281 628.454102
2699.554688 -18056.113281 557.012695
2750.753906 -18056.113281 445.316406
2778.910156 -18056.113281 306.833008
2780.625000 -18056.113281 158.269531
2707.113281 -18203.427734 -98.372070
2755.691406 -18203.427734 17.543945
2640.753906 -18203.427734 -175.496094
2564.617188 -18203.427734 -204.525391
2487.886719 -18203.427734 -181.958984
2419.812500 -18203.427734 -110.517578
2368.609375 -18203.427734 1.180664
2340.453125 -18203.427734 139.662109
2338.742188 -18203.427734 288.227539
2363.671875 -18203.427734 428.953125
2412.250000 -18203.427734 544.868164
2478.609375 -18203.427734 621.991211
2554.746094 -18203.427734 651.022461
2631.480469 -18203.427734 628.454102
2699.554688 -18203.427734 557.012695
2750.753906 -18203.427734 445.316406
2778.910156 -18203.427734 306.833008
2780.625000 -18203.427734 158.269531
2755.691406 -17904.835938 17.543945
2755.691406 -17757.521484 17.543945
2780.625000 -17757.521484 158.269531
2780.625000 -17904.835938 158.269531
2778.910156 -17757.521484 306.833008
2778.910156 -17904.835938 306.833008
2750.753906 -17757.521484 445.316406
2750.753906 -17904.835938 445.316406
2699.554688 -17757.521484 557.012695
2699.554688 -17904.835938 557.012695
2631.480469 -17757.521484 628.454102
2631.480469 -17904.835938 628.454102
2554.746094 -17757.521484 651.022461
2554.746094 -17904.835938 651.022461
2478.609375 -17757.521484 621.991211
2478.609375 -17904.835938 621.991211
2412.250000 -17757.521484 544.868164
2412.250000 -17904.835938 544.868164
2363.671875 -17757.521484 428.953125
2363.671875 -17904.835938 428.953125
2338.742188 -17757.521484 288.227539
2338.742188 -17904.835938 288.227539
2340.453125 -17757.521484 139.662109
2340.453125 -17904.835938 139.662109
2368.609375 -17757.521484 1.180664
2368.609375 -17904.835938 1.180664
2419.812500 -17757.521484 -110.517578
2419.812500 -17904.835938 -110.517578
2487.886719 -17757.521484 -181.958984
2487.886719 -17904.835938 -181.958984
2564.617188 -17757.521484 -204.525391
2564.617188 -17904.835938 -204.525391
2640.753906 -17757.521484 -175.496094
2640.753906 -17904.835938 -175.496094
2707.113281 -17757.521484 -98.372070
2707.113281 -17904.835938 -98.372070
-1057.183594 -18203.427734 139.662109
-1058.890625 -18203.427734 288.227539
-1033.960938 -18203.427734 428.953125
-985.382813 -18203.427734 544.868164
-919.023438 -18203.427734 621.991211
-842.886719 -18203.427734 651.022461
-766.152344 -18203.427734 628.454102
-698.082031 -18203.427734 557.012695
-646.882813 -18203.427734 445.316406
-698.082031 -17904.835938 557.012695
-766.152344 -17904.835938 628.454102
-842.886719 -17904.835938 651.022461
-919.023438 -17904.835938 621.991211
-985.382813 -17904.835938 544.868164
-1033.960938 -17904.835938 428.953125
-1058.890625 -17904.835938 288.227539
-1057.183594 -17904.835938 139.662109
-523.316406 18131.097656 158.269531
-525.031250 18131.097656 306.833008
-553.187500 18131.097656 445.316406
-604.394531 18131.097656 557.012695
-672.464844 18131.097656 628.454102
-749.191406 18131.097656 651.022461
-825.332031 18131.097656 621.991211
-891.695313 18131.097656 544.868164
-940.269531 18131.097656 428.953125
-965.203125 18131.097656 288.227539
-963.488281 18131.097656 139.662109
-935.332031 18131.097656 1.180664
-884.125000 18131.097656 -110.517578
-816.054688 18131.097656 -181.958984
-739.328125 18131.097656 -204.525391
-663.187500 18131.097656 -175.496094
-596.828125 18131.097656 -98.372070
-548.253906 18131.097656 17.543945
-548.253906 18278.410156 17.543945
-596.828125 18278.410156 -98.372070
-663.187500 18278.410156 -175.496094
-739.328125 18278.410156 -204.525391
-816.054688 18278.410156 -181.958984
-884.125000 18278.410156 -110.517578
-935.332031 18278.410156 1.180664
-553.187500 18278.410156 445.316406
-525.031250 18278.410156 306.833008
-523.316406 18278.410156 158.269531
-523.316406 18577.003906 158.269531
-523.316406 18429.689453 158.269531
-548.253906 18429.689453 17.543945
-548.253906 18577.003906 17.543945
-525.031250 18577.003906 306.833008
-525.031250 18429.689453 306.833008
-884.125000 18577.003906 -110.517578
-884.125000 18429.689453 -110.517578
-935.332031 18429.689453 1.180664
-935.332031 18577.003906 1.180664
-816.054688 18577.003906 -181.958984
-816.054688 18429.689453 -181.958984
-739.328125 18577.003906 -204.525391
-739.328125 18429.689453 -204.525391
-663.187500 18577.003906 -175.496094
-663.187500 18429.689453 -175.496094
-596.828125 18577.003906 -98.372070
-596.828125 18429.689453 -98.372070
-553.187500 18429.689453 445.316406
-604.394531 18429.689453 557.012695
-672.464844 18429.689453 628.454102
-749.191406 18429.689453 651.022461
-825.332031 18429.689453 621.991211
-891.695313 18429.689453 544.868164
-940.269531 18429.689453 428.953125
-965.203125 18429.689453 288.227539
-963.488281 18429.689453 139.662109
2874.316406 18429.689453 158.269531
2872.605469 18429.689453 306.833008
2844.449219 18429.689453 445.316406
2793.246094 18429.689453 557.012695
2725.171875 18429.689453 628.454102
2648.441406 18429.689453 651.022461
2572.304688 18429.689453 621.991211
2505.941406 18429.689453 544.868164
2457.367188 18429.689453 428.953125
2432.433594 18429.689453 288.227539
2434.144531 18429.689453 139.662109
2462.300781 18429.689453 1.180664
2513.503906 18429.689453 -110.517578
2581.578125 18429.689453 -181.958984
2658.308594 18429.689453 -204.525391
2734.445313 18429.689453 -175.496094
2800.808594 18429.689453 -98.372070
2849.382813 18429.689453 17.543945
2849.382813 18577.003906 17.543945
2800.808594 18577.003906 -98.372070
2734.445313 18577.003906 -175.496094
2658.308594 18577.003906 -204.525391
2581.578125 18577.003906 -181.958984
2513.503906 18577.003906 -110.517578
2462.300781 18577.003906 1.180664
2434.144531 18577.003906 139.662109
2432.433594 18577.003906 288.227539
2457.367188 18577.003906 428.953125
2505.941406 18577.003906 544.868164
2572.304688 18577.003906 621.991211
2648.441406 18577.003906 651.022461
2725.171875 18577.003906 628.454102
2793.246094 18577.003906 557.012695
2844.449219 18577.003906 445.316406
2872.605469 18577.003906 306.833008
2874.316406 18577.003906 158.269531
2874.316406 18278.410156 158.269531
2874.316406 18131.097656 158.269531
2849.382813 18131.097656 17.543945
2849.382813 18278.410156 17.543945
2872.605469 18278.410156 306.833008
2872.605469 18131.097656 306.833008
2844.449219 18278.410156 445.316406
2844.449219 18131.097656 445.316406
2793.246094 18278.410156 557.012695
2793.246094 18131.097656 557.012695
2725.171875 18278.410156 628.454102
2725.171875 18131.097656 628.454102
2648.441406 18278.410156 651.022461
2648.441406 18131.097656 651.022461
2572.304688 18278.410156 621.991211
2572.304688 18131.097656 621.991211
2505.941406 18278.410156 544.868164
2505.941406 18131.097656 544.868164
2457.367188 18278.410156 428.953125
2457.367188 18131.097656 428.953125
2432.433594 18278.410156 288.227539
2432.433594 18131.097656 288.227539
2434.144531 18278.410156 139.662109
2434.144531 18131.097656 139.662109
2462.300781 18278.410156 1.180664
2462.300781 18131.097656 1.180664
2513.503906 18278.410156 -110.517578
2513.503906 18131.097656 -110.517578
2581.578125 18278.410156 -181.958984
2581.578125 18131.097656 -181.958984
2658.308594 18278.410156 -204.525391
2658.308594 18131.097656 -204.525391
2734.445313 18278.410156 -175.496094
2734.445313 18131.097656 -175.496094
2800.808594 18278.410156 -98.372070
2800.808594 18131.097656 -98.372070
-963.488281 18577.003906 139.662109
-965.203125 18577.003906 288.227539
-940.269531 18577.003906 428.953125
-891.695313 18577.003906 544.868164
-825.332031 18577.003906 621.991211
-749.191406 18577.003906 651.022461
-672.464844 18577.003906 628.454102
-604.394531 18577.003906 557.012695
-553.187500 18577.003906 445.316406
-604.394531 18278.410156 557.012695
-672.464844 18278.410156 628.454102
-749.191406 18278.410156 651.022461
-825.332031 18278.410156 621.991211
-891.695313 18278.410156 544.868164
-940.269531 18278.410156 428.953125
-965.203125 18278.410156 288.227539
-963.488281 18278.410156 139.662109
0
432
287 168
286 287
287 154
285 286
286 153
284 285
285 152
283 284
284 151
282 283
283 150
281 282
282 149
280 281
281 148
169 280
280 147
176 279
279 278
190 279
278 277
191 278
277 276
192 277
276 275
193 276
275 274
194 275
274 273
195 274
273 272
196 273
272 271
197 272
271 181
198 271
269 238
237 270
267 269
270 268
269 270
265 267
268 266
267 268
263 265
266 264
265 266
261 263
264 262
263 264
259 261
262 260
261 262
257 259
260 258
259 260
255 257
258 256
257 258
253 255
256 254
255 256
251 253
254 252
253 254
249 251
252 250
251 252
247 249
250 248
249 250
245 247
248 246
247 248
243 245
246 244
245 246
241 243
244 242
243 244
239 241
242 240
241 242
235 239
240 236
239 240
238 235
237 238
236 237
235 236
217 234
234 233
199 234
233 232
200 233
232 231
201 232
231 230
202 231
230 229
203 230
229 228
204 229
228 227
205 228
227 226
206 227
226 225
207 226
225 224
208 225
224 223
209 224
223 222
210 223
222 221
211 222
221 220
212 221
220 219
213 220
219 218
214 219
218 217
215 218
217 216
216 199
215 216
214 215
213 214
212 213
211 212
210 211
209 210
208 209
207 208
206 207
205 206
204 205
203 204
202 203
201 202
200 201
199 200
198 180
197 198
196 197
195 196
194 195
193 194
192 193
191 192
190 191
177 190
188 175
174 189
186 188
189 187
188 189
184 186
187 185
186 187
182 184
185 183
184 185
178 182
183 179
182 183
181 178
180 181
179 180
178 179
172 176
177 173
176 177
175 172
174 175
173 174
172 173
162 171
171 170
144 171
170 169
145 170
169 146
168 167
155 168
167 166
156 167
166 165
157 166
165 164
158 165
164 163
159 164
163 162
160 163
162 161
161 144
160 161
159 160
158 159
157 158
156 157
155 156
154 155
153 154
152 153
151 152
150 151
149 150
148 149
147 148
146 147
145 146
144 145
24 143
143 142
7 143
142 141
8 142
141 140
9 141
140 139
10 140
139 138
11 139
138 137
12 138
137 136
13 137
136 26
14 136
135 33
134 135
135 54
133 134
134 53
132 133
133 52
131 132
132 51
130 131
131 50
129 130
130 49
128 129
129 48
127 128
128 47
34 127
127 46
91 126
125 92
126 124
125 126
123 125
124 122
123 124
121 123
122 120
121 122
119 121
120 118
119 120
117 119
118 116
117 118
115 117
116 114
115 116
113 115
114 112
113 114
111 113
112 110
111 112
109 111
110 108
109 110
107 109
108 106
107 108
105 107
106 104
105 106
103 105
104 102
103 104
101 103
102 100
101 102
99 101
100 98
99 100
97 99
98 96
97 98
95 97
96 94
95 96
93 95
94 91
93 94
92 93
91 92
90 74
89 90
90 72
88 89
89 71
87 88
88 70
86 87
87 69
85 86
86 68
84 85
85 67
83 84
84 66
82 83
83 65
81 82
82 64
80 81
81 63
79 80
80 62
78 79
79 61
77 78
78 60
76 77
77 59
75 76
76 58
73 75
75 57
74 73
55 74
73 56
72 55
71 72
70 71
69 70
68 69
67 68
66 67
65 66
64 65
63 64
62 63
61 62
60 61
59 60
58 59
57 58
56 57
55 56
54 32
53 54
52 53
51 52
50 51
49 50
48 49
47 48
46 47
35 46
28 45
44 29
45 43
44 45
42 44
43 41
42 43
40 42
41 39
40 41
38 40
39 37
38 39
36 38
37 34
36 37
35 36
34 35
33 31
32 33
30 32
31 28
30 31
29 30
28 29
27 19
25 27
27 17
26 25
15 26
25 16
23 24
24 6
22 23
23 5
21 22
22 4
20 21
21 3
18 20
20 2
19 18
0 19
18 1
17 0
16 17
15 16
14 15
13 14
12 13
11 12
10 11
9 10
8 9
7 8
6 7
5 6
4 5
3 4
2 3
1 2
0 1
152
4 414 -432 413 412
4 411 -431 -414 410
4 409 -430 -411 408
4 407 -429 -409 406
4 405 -428 -407 404
4 403 -427 -405 402
4 401 -417 400 399
4 398 -416 -401 397
4 -413 -415 -398 396
4 395 394 393 392
4 -393 391 390 389
4 388 387 386 385
4 -386 384 383 382
4 -383 381 380 379
4 -380 378 377 376
4 -377 375 374 373
4 -374 372 -395 371
4 342 -360 341 340
4 339 -359 -342 338
4 337 -358 -339 336
4 335 -357 -337 334
4 333 -356 -335 332
4 331 -355 -333 330
4 329 -354 -331 328
4 327 -353 -329 326
4 325 -352 -327 324
4 323 -351 -325 322
4 321 -350 -323 320
4 319 -349 -321 318
4 317 -348 -319 316
4 315 -347 -317 314
4 313 -346 -315 312
4 311 -345 -313 310
4 309 -344 -311 308
4 -341 -343 -309 307
4 306 305 304 303
4 -304 302 301 300
4 -301 299 298 297
4 -298 296 295 294
4 -295 293 292 291
4 -292 290 289 288
4 -289 287 286 285
4 -286 284 283 282
4 -283 281 280 279
4 -280 278 277 276
4 -277 275 274 273
4 -274 272 271 270
4 -271 269 268 267
4 -268 266 265 264
4 -265 263 262 261
4 -262 260 259 258
4 -259 257 256 255
4 -256 254 -306 253
4 252 -370 -388 251
4 250 -369 -252 249
4 248 -368 -250 247
4 246 -367 -248 245
4 244 -366 -246 243
4 242 -365 -244 241
4 240 -364 -242 239
4 238 -363 -240 237
4 236 -362 -238 235
4 -390 -361 -236 234
4 -400 -418 233 232
4 -233 -419 231 230
4 -231 -420 229 228
4 -229 -421 227 226
4 -227 -422 225 224
4 -225 -423 223 222
4 -223 -424 221 220
4 -221 -425 219 218
4 -219 -426 -403 217
4 198 -200 197 196
4 -197 -201 195 194
4 -195 -202 193 192
4 -193 -203 191 190
4 -191 -204 189 188
4 -189 -205 187 186
4 185 -215 184 183
4 -184 -216 182 181
4 -182 -199 -198 180
4 179 178 177 176
4 175 174 -179 173
4 172 171 170 169
4 168 167 -172 166
4 165 164 -168 163
4 162 161 -165 160
4 159 158 -162 157
4 -177 156 -159 155
4 126 -128 125 124
4 -125 -129 123 122
4 -123 -130 121 120
4 -121 -131 119 118
4 -119 -132 117 116
4 -117 -133 115 114
4 -115 -134 113 112
4 -113 -135 111 110
4 -111 -136 109 108
4 -109 -137 107 106
4 -107 -138 105 104
4 -105 -139 103 102
4 -103 -140 101 100
4 -101 -141 99 98
4 -99 -142 97 96
4 -97 -143 95 94
4 -95 -144 93 92
4 -93 -127 -126 91
4 90 89 88 87
4 86 85 -90 84
4 83 82 -86 81
4 80 79 -83 78
4 77 76 -80 75
4 74 73 -77 72
4 71 70 -74 69
4 68 67 -71 66
4 65 64 -68 63
4 62 61 -65 60
4 59 58 -62 57
4 56 55 -59 54
4 53 52 -56 51
4 50 49 -53 48
4 47 46 -50 45
4 44 43 -47 42
4 41 40 -44 39
4 -88 38 -41 37
4 -170 -145 36 35
4 -36 -146 34 33
4 -34 -147 32 31
4 -32 -148 30 29
4 -30 -149 28 27
4 -28 -150 26 25
4 -26 -151 24 23
4 -24 -152 22 21
4 -22 -153 20 19
4 -20 -154 -175 18
4 17 -214 -185 16
4 15 -213 -17 14
4 13 -212 -15 12
4 11 -211 -13 10
4 9 -210 -11 8
4 7 -209 -9 6
4 5 -208 -7 4
4 3 -207 -5 2
4 -187 -206 -3 1
18 432 431 430 429 428 427 426 425 424 423 422 421 420 419 418 417
   416 415
18 -372 -375 -378 -381 -384 -387 370 369 368 367 366 365 364 363 362 361
   -391 -394
18 360 359 358 357 356 355 354 353 352 351 350 349 348 347 346 345
   344 343
18 -254 -257 -260 -263 -266 -269 -272 -275 -278 -281 -284 -287 -290 -293 -296 -299
   -302 -305
18 216 215 214 213 212 211 210 209 208 207 206 205 204 203 202 201
   200 199
18 -174 154 153 152 151 150 149 148 147 146 145 -171 -167 -164 -161 -158
   -156 -178
18 144 143 142 141 140 139 138 137 136 135 134 133 132 131 130 129
   128 127
18 -85 -82 -79 -76 -73 -70 -67 -64 -61 -58 -55 -52 -49 -46 -43 -40
   -38 -89
0
0
13
*
712
2949.558594 18390.464844 1504.752930
2929.628906 18476.675781 1504.752930
2889.656250 18548.228516 1504.752930
2834.460938 18596.492188 1504.752930
2770.707031 18615.642578 1504.752930
2706.074219 18603.371094 1504.752930
2648.359375 18561.156250 1504.752930
2604.535156 18494.093750 1504.752930
2579.875000 18410.269531 1504.752930
2577.359375 18319.794922 1504.752930
2597.289063 18233.582031 1504.752930
2637.261719 18162.029297 1504.752930
2692.453125 18113.767578 1504.752930
2756.214844 18094.615234 1504.752930
2820.847656 18106.888672 1504.752930
2878.554688 18149.101563 1504.752930
2922.382813 18216.166016 1504.752930
2947.042969 18299.988281 1504.752930
2947.042969 18299.988281 1861.573242
2922.382813 18216.166016 1861.573242
2878.554688 18149.101563 1861.573242
2820.847656 18106.888672 1861.573242
2756.214844 18094.615234 1861.573242
2692.453125 18113.767578 1861.573242
2637.261719 18162.029297 1861.573242
2597.289063 18233.582031 1861.573242
2577.359375 18319.794922 1861.573242
2579.875000 18410.269531 1861.573242
2604.535156 18494.093750 1861.573242
2648.359375 18561.156250 1861.573242
2706.074219 18603.371094 1861.573242
2770.707031 18615.642578 1861.573242
2834.460938 18596.492188 1861.573242
2889.656250 18548.228516 1861.573242
2929.628906 18476.675781 1861.573242
2949.558594 18390.464844 1861.573242
3045.746094 18408.726563 1344.458008
3015.515625 18539.500000 1344.458008
2954.882813 18648.037109 1344.458008
2871.160156 18721.242188 1344.458008
2774.449219 18750.292969 1344.458008
2676.410156 18731.677734 1344.458008
2588.871094 18667.646484 1344.458008
2522.390625 18565.921875 1344.458008
2484.988281 18438.769531 1344.458008
2481.171875 18301.533203 1344.458008
2511.402344 18170.757813 1344.458008
2572.035156 18062.222656 1344.458008
2655.757813 17989.015625 1344.458008
2752.468750 17959.966797 1344.458008
2850.503906 17978.580078 1344.458008
2938.042969 18042.611328 1344.458008
3004.523438 18144.337891 1344.458008
3041.929688 18271.488281 1344.458008
3041.929688 18271.488281 1504.752930
3004.523438 18144.337891 1504.752930
2938.042969 18042.611328 1504.752930
2850.503906 17978.580078 1504.752930
2752.468750 17959.966797 1504.752930
2655.757813 17989.015625 1504.752930
2572.035156 18062.222656 1504.752930
2511.402344 18170.757813 1504.752930
2481.171875 18301.533203 1504.752930
2484.988281 18438.769531 1504.752930
2522.390625 18565.921875 1504.752930
2588.871094 18667.646484 1504.752930
2676.410156 18731.677734 1504.752930
2774.449219 18750.292969 1504.752930
2871.160156 18721.242188 1504.752930
2954.882813 18648.037109 1504.752930
3015.515625 18539.500000 1504.752930
3045.746094 18408.726563 1504.752930
1324.726563 17855.605469 -7.900391
1324.726563 17855.605469 1197.231445
503.359375 17855.605469 -7.900391
503.359375 17855.605469 1197.231445
503.359375 17798.064453 1197.231445
1324.726563 17798.064453 1197.231445
1324.726563 17798.064453 -7.900391
503.359375 17798.064453 -7.900391
1251.605469 17755.074219 826.916992
1251.605469 17798.064453 826.916992
1236.902344 17755.074219 824.194336
1236.902344 17798.064453 824.194336
1222.601563 17755.074219 831.258789
1222.601563 17798.064453 831.258789
1210.425781 17755.074219 847.260742
1210.425781 17798.064453 847.260742
1201.843750 17755.074219 870.272461
1201.843750 17798.064453 870.272461
1197.886719 17755.074219 897.510742
1197.886719 17798.064453 897.510742
1199.039063 17755.074219 925.700195
1199.039063 17798.064453 925.700195
1205.156250 17755.074219 951.430664
1205.156250 17798.064453 951.430664
1215.507813 17755.074219 971.604492
1215.507813 17798.064453 971.604492
1228.835938 17755.074219 983.790039
1228.835938 17798.064453 983.790039
1243.539063 17755.074219 986.512695
1243.539063 17798.064453 986.512695
1257.839844 17755.074219 979.448242
1257.839844 17798.064453 979.448242
1270.015625 17755.074219 963.446289
1270.015625 17798.064453 963.446289
1278.597656 17755.074219 940.434570
1278.597656 17798.064453 940.434570
1282.550781 17755.074219 913.196289
1282.550781 17798.064453 913.196289
1281.398438 17755.074219 885.010742
1281.398438 17798.064453 885.010742
1264.933594 17798.064453 839.102539
1264.933594 17755.074219 839.102539
1275.281250 17755.074219 859.278320
1275.281250 17798.064453 859.278320
1275.281250 17798.064453 158.623047
1281.398438 17798.064453 184.356445
1282.550781 17798.064453 212.541992
1278.597656 17798.064453 239.784180
1270.015625 17798.064453 262.792969
1257.839844 17798.064453 278.794922
1243.539063 17798.064453 285.860352
1228.835938 17798.064453 283.136719
1215.507813 17798.064453 270.952148
1205.156250 17798.064453 250.778320
1199.039063 17798.064453 225.043945
1197.886719 17798.064453 196.857422
1201.843750 17798.064453 169.617188
1210.425781 17798.064453 146.608398
1222.601563 17798.064453 130.605469
1236.902344 17798.064453 123.541016
1251.605469 17798.064453 126.264648
1264.933594 17798.064453 138.449219
1264.933594 17755.074219 138.449219
1251.605469 17755.074219 126.264648
1236.902344 17755.074219 123.541016
1222.601563 17755.074219 130.605469
1210.425781 17755.074219 146.608398
1201.843750 17755.074219 169.617188
1197.886719 17755.074219 196.857422
1199.039063 17755.074219 225.043945
1205.156250 17755.074219 250.778320
1215.507813 17755.074219 270.952148
1228.835938 17755.074219 283.136719
1243.539063 17755.074219 285.860352
1257.839844 17755.074219 278.794922
1270.015625 17755.074219 262.792969
1278.597656 17755.074219 239.784180
1282.550781 17755.074219 212.541992
1281.398438 17755.074219 184.356445
1275.281250 17755.074219 158.623047
626.785156 17798.064453 158.623047
632.902344 17798.064453 184.356445
634.054688 17798.064453 212.541992
630.101563 17798.064453 239.784180
621.519531 17798.064453 262.792969
609.343750 17798.064453 278.794922
595.042969 17798.064453 285.860352
580.339844 17798.064453 283.136719
567.011719 17798.064453 270.952148
556.664063 17798.064453 250.778320
550.542969 17798.064453 225.043945
549.390625 17798.064453 196.857422
553.347656 17798.064453 169.617188
561.929688 17798.064453 146.608398
574.109375 17798.064453 130.605469
588.410156 17798.064453 123.541016
603.109375 17798.064453 126.264648
616.437500 17798.064453 138.449219
616.437500 17755.074219 138.449219
603.109375 17755.074219 126.264648
588.410156 17755.074219 123.541016
574.109375 17755.074219 130.605469
561.929688 17755.074219 146.608398
553.347656 17755.074219 169.617188
549.390625 17755.074219 196.857422
550.542969 17755.074219 225.043945
556.664063 17755.074219 250.778320
567.011719 17755.074219 270.952148
580.339844 17755.074219 283.136719
595.042969 17755.074219 285.860352
609.343750 17755.074219 278.794922
621.519531 17755.074219 262.792969
630.101563 17755.074219 239.784180
634.054688 17755.074219 212.541992
632.902344 17755.074219 184.356445
626.785156 17755.074219 158.623047
603.109375 17755.074219 826.916992
603.109375 17798.064453 826.916992
588.410156 17755.074219 824.194336
588.410156 17798.064453 824.194336
574.109375 17755.074219 831.258789
574.109375 17798.064453 831.258789
561.929688 17755.074219 847.260742
561.929688 17798.064453 847.260742
553.347656 17755.074219 870.272461
553.347656 17798.064453 870.272461
549.390625 17755.074219 897.510742
549.390625 17798.064453 897.510742
550.542969 17755.074219 925.700195
550.542969 17798.064453 925.700195
556.664063 17755.074219 951.430664
556.664063 17798.064453 951.430664
567.011719 17755.074219 971.604492
567.011719 17798.064453 971.604492
580.339844 17755.074219 983.790039
580.339844 17798.064453 983.790039
595.042969 17755.074219 986.512695
595.042969 17798.064453 986.512695
609.343750 17755.074219 979.448242
609.343750 17798.064453 979.448242
621.519531 17755.074219 963.446289
621.519531 17798.064453 963.446289
630.101563 17755.074219 940.434570
630.101563 17798.064453 940.434570
634.054688 17755.074219 913.196289
634.054688 17798.064453 913.196289
632.902344 17755.074219 885.010742
632.902344 17798.064453 885.010742
616.437500 17798.064453 839.102539
616.437500 17755.074219 839.102539
626.785156 17755.074219 859.278320
626.785156 17798.064453 859.278320
401.480469 18780.960938 802.145508
401.480469 17954.250000 802.145508
509.976563 17954.250000 802.145508
509.976563 18780.960938 802.145508
401.480469 18780.960938 -7.900391
401.480469 17954.250000 -7.900391
509.976563 17954.250000 -7.900391
509.976563 18780.960938 -7.900391
1488.964844 17954.250000 802.145508
1488.964844 18780.960938 802.145508
1488.964844 17954.250000 -7.900391
1488.964844 18780.960938 -7.900391
1380.468750 18780.960938 802.145508
1380.468750 17954.250000 802.145508
1380.468750 17954.250000 -7.900391
1380.468750 18780.960938 -7.900391
-1201.171875 17954.250000 -7.900391
-1201.171875 17954.250000 802.145508
-1201.171875 18780.960938 802.145508
-1201.171875 18780.960938 -7.900391
3029.261719 18780.960938 802.145508
3029.261719 17954.250000 802.145508
2835.449219 17646.716797 635.249023
2834.199219 17646.716797 743.354492
2813.710938 17646.716797 844.125977
2776.453125 17646.716797 925.405273
2726.917969 17646.716797 977.391602
2671.082031 17646.716797 993.815430
2615.675781 17646.716797 972.690430
2567.390625 17646.716797 916.569336
2532.042969 17646.716797 832.219727
2513.894531 17646.716797 729.815430
2515.144531 17646.716797 621.708008
2535.632813 17646.716797 520.936523
2572.890625 17646.716797 439.657227
2622.429688 17646.716797 387.670898
2678.265625 17646.716797 371.250000
2733.667969 17646.716797 392.374023
2781.953125 17646.716797 448.494141
2817.300781 17646.716797 532.842773
2817.300781 17449.412109 532.842773
2781.953125 17449.412109 448.494141
2733.667969 17449.412109 392.374023
2678.265625 17449.412109 371.250000
2622.429688 17449.412109 387.670898
2572.890625 17449.412109 439.657227
2535.632813 17449.412109 520.936523
2515.144531 17449.412109 621.708008
2513.894531 17449.412109 729.815430
2532.042969 17449.412109 832.219727
2567.390625 17449.412109 916.569336
2615.675781 17449.412109 972.690430
2671.082031 17449.412109 993.815430
2726.917969 17449.412109 977.391602
2776.453125 17449.412109 925.405273
2813.710938 17449.412109 844.125977
2834.199219 17449.412109 743.354492
2835.449219 17449.412109 635.249023
2860.953125 17792.654297 627.747070
2859.503906 17792.654297 753.004883
2835.769531 17792.654297 869.760742
2792.597656 17792.654297 963.934570
2735.207031 17792.654297 1024.166992
2670.511719 17792.654297 1043.194336
2606.320313 17792.654297 1018.719727
2550.371094 17792.654297 953.694336
2509.414063 17792.654297 855.963867
2488.390625 17792.654297 737.315430
2489.835938 17792.654297 612.059570
2513.574219 17792.654297 495.301758
2556.746094 17792.654297 401.128906
2614.140625 17792.654297 340.896484
2678.832031 17792.654297 321.871094
2743.027344 17792.654297 346.343750
2798.972656 17792.654297 411.367188
2839.925781 17792.654297 509.098633
2839.925781 17646.716797 509.098633
2798.972656 17646.716797 411.367188
2743.027344 17646.716797 346.343750
2678.832031 17646.716797 321.871094
2614.140625 17646.716797 340.896484
2556.746094 17646.716797 401.128906
2513.574219 17646.716797 495.301758
2489.835938 17646.716797 612.059570
2488.390625 17646.716797 737.315430
2509.414063 17646.716797 855.963867
2550.371094 17646.716797 953.694336
2606.320313 17646.716797 1018.719727
2670.511719 17646.716797 1043.194336
2735.207031 17646.716797 1024.166992
2792.597656 17646.716797 963.934570
2835.769531 17646.716797 869.760742
2859.503906 17646.716797 753.004883
2860.953125 17646.716797 627.747070
2475.273438 17855.605469 295.124023
2874.074219 17855.605469 295.124023
2874.074219 17855.605469 1069.940430
2475.273438 17855.605469 1069.940430
2475.273438 17792.654297 1069.940430
2874.074219 17792.654297 1069.940430
2874.074219 17792.654297 295.124023
2475.273438 17792.654297 295.124023
-1312.500000 17855.605469 -7.900391
-1312.500000 18879.605469 -7.900391
-1312.500000 18879.605469 1344.458008
-1312.500000 17855.605469 1344.458008
3140.585938 17855.605469 1344.458008
3140.585938 18879.605469 1344.458008
3029.261719 17954.250000 -7.900391
3140.585938 17855.605469 -7.900391
3140.585938 18879.605469 -7.900391
3029.261719 18780.960938 -7.900391
439.019531 18092.179688 2562.991211
1382.562500 18092.179688 2562.991211
1382.562500 18092.179688 1344.458008
439.019531 18092.179688 1344.458008
503.613281 17855.605469 2479.575195
439.019531 17855.605469 2562.991211
439.019531 17855.605469 1344.458008
503.613281 17855.605469 1427.874023
1317.972656 17855.605469 1427.874023
1382.562500 17855.605469 2562.991211
1382.562500 17855.605469 1344.458008
1317.972656 17855.605469 2479.575195
503.613281 18041.705078 1427.874023
503.613281 18041.705078 2479.575195
1317.972656 18041.705078 2479.575195
1317.972656 18041.705078 1427.874023
2855.863281 -18016.888672 1504.752930
2835.937500 -18103.101563 1504.752930
2795.960938 -18174.654297 1504.752930
2740.769531 -18222.916016 1504.752930
2677.011719 -18242.066406 1504.752930
2612.378906 -18229.796875 1504.752930
2554.671875 -18187.582031 1504.752930
2510.839844 -18120.519531 1504.752930
2486.183594 -18036.695313 1504.752930
2483.667969 -17946.220703 1504.752930
2503.597656 -17860.005859 1504.752930
2543.570313 -17788.455078 1504.752930
2598.761719 -17740.191406 1504.752930
2662.519531 -17721.041016 1504.752930
2727.152344 -17733.312500 1504.752930
2784.863281 -17775.527344 1504.752930
2853.351563 -17926.412109 1504.752930
2828.691406 -17842.589844 1504.752930
2855.863281 -18016.888672 1861.573242
2835.937500 -18103.101563 1861.573242
2795.960938 -18174.654297 1861.573242
2740.769531 -18222.916016 1861.573242
2677.011719 -18242.066406 1861.573242
2612.378906 -18229.796875 1861.573242
2554.671875 -18187.582031 1861.573242
2510.839844 -18120.519531 1861.573242
2486.183594 -18036.695313 1861.573242
2483.667969 -17946.220703 1861.573242
2503.597656 -17860.005859 1861.573242
2543.570313 -17788.455078 1861.573242
2598.761719 -17740.191406 1861.573242
2662.519531 -17721.041016 1861.573242
2727.152344 -17733.312500 1861.573242
2784.863281 -17775.527344 1861.573242
2828.691406 -17842.589844 1861.573242
2853.351563 -17926.412109 1861.573242
2952.054688 -18035.150391 1344.458008
2921.824219 -18165.925781 1344.458008
2861.191406 -18274.462891 1344.458008
2777.468750 -18347.667969 1344.458008
2680.753906 -18376.716797 1344.458008
2582.718750 -18358.103516 1344.458008
2495.179688 -18294.072266 1344.458008
2428.699219 -18192.345703 1344.458008
2391.296875 -18065.195313 1344.458008
2387.476563 -17927.957031 1344.458008
2417.707031 -17797.183594 1344.458008
2478.343750 -17688.646484 1344.458008
2562.066406 -17615.439453 1344.458008
2658.773438 -17586.392578 1344.458008
2756.812500 -17605.005859 1344.458008
2844.351563 -17669.037109 1344.458008
2948.238281 -17897.914063 1344.458008
2910.835938 -17770.761719 1344.458008
2952.054688 -18035.150391 1504.752930
2921.824219 -18165.925781 1504.752930
2861.191406 -18274.462891 1504.752930
2777.468750 -18347.667969 1504.752930
2680.753906 -18376.716797 1504.752930
2582.718750 -18358.103516 1504.752930
2495.179688 -18294.072266 1504.752930
2428.699219 -18192.345703 1504.752930
2391.296875 -18065.195313 1504.752930
2387.476563 -17927.957031 1504.752930
2417.707031 -17797.183594 1504.752930
2478.343750 -17688.646484 1504.752930
2562.066406 -17615.439453 1504.752930
2658.773438 -17586.392578 1504.752930
2756.812500 -17605.005859 1504.752930
2844.351563 -17669.037109 1504.752930
2910.835938 -17770.761719 1504.752930
2948.238281 -17897.914063 1504.752930
1231.031250 -17482.031250 -7.900391
1231.031250 -17482.031250 1197.231445
409.667969 -17482.031250 1197.231445
409.667969 -17482.031250 -7.900391
409.667969 -17424.490234 -7.900391
1231.031250 -17424.490234 -7.900391
1231.031250 -17424.490234 1197.231445
409.667969 -17424.490234 1197.231445
1157.914063 -17424.490234 826.916992
1157.914063 -17381.500000 826.916992
1143.210938 -17424.490234 824.194336
1143.210938 -17381.500000 824.194336
1128.910156 -17424.490234 831.258789
1128.910156 -17381.500000 831.258789
1116.734375 -17424.490234 847.260742
1116.734375 -17381.500000 847.260742
1108.148438 -17424.490234 870.272461
1108.148438 -17381.500000 870.272461
1104.199219 -17424.490234 897.510742
1104.199219 -17381.500000 897.510742
1105.347656 -17424.490234 925.700195
1105.347656 -17381.500000 925.700195
1111.464844 -17424.490234 951.430664
1111.464844 -17381.500000 951.430664
1121.812500 -17424.490234 971.604492
1121.812500 -17381.500000 971.604492
1135.144531 -17424.490234 983.790039
1135.144531 -17381.500000 983.790039
1149.843750 -17424.490234 986.512695
1149.843750 -17381.500000 986.512695
1164.144531 -17424.490234 979.448242
1164.144531 -17381.500000 979.448242
1176.324219 -17424.490234 963.446289
1176.324219 -17381.500000 963.446289
1184.906250 -17424.490234 940.434570
1184.906250 -17381.500000 940.434570
1188.855469 -17424.490234 913.196289
1188.855469 -17381.500000 913.196289
1187.710938 -17424.490234 885.010742
1187.710938 -17381.500000 885.010742
1181.589844 -17424.490234 859.278320
1181.589844 -17381.500000 859.278320
1171.242188 -17381.500000 839.102539
1171.242188 -17424.490234 839.102539
1181.589844 -17424.490234 158.623047
1187.710938 -17424.490234 184.356445
1188.855469 -17424.490234 212.541992
1184.906250 -17424.490234 239.784180
1176.324219 -17424.490234 262.792969
1164.144531 -17424.490234 278.794922
1149.843750 -17424.490234 285.860352
1135.144531 -17424.490234 283.136719
1121.812500 -17424.490234 270.952148
1111.464844 -17424.490234 250.778320
1105.347656 -17424.490234 225.043945
1104.199219 -17424.490234 196.857422
1108.148438 -17424.490234 169.617188
1116.734375 -17424.490234 146.608398
1128.910156 -17424.490234 130.605469
1143.210938 -17424.490234 123.541016
1171.242188 -17424.490234 138.449219
1157.914063 -17424.490234 126.264648
1181.589844 -17381.500000 158.623047
1187.710938 -17381.500000 184.356445
1188.855469 -17381.500000 212.541992
1184.906250 -17381.500000 239.784180
1176.324219 -17381.500000 262.792969
1164.144531 -17381.500000 278.794922
1149.843750 -17381.500000 285.860352
1135.144531 -17381.500000 283.136719
1121.812500 -17381.500000 270.952148
1111.464844 -17381.500000 250.778320
1105.347656 -17381.500000 225.043945
1104.199219 -17381.500000 196.857422
1108.148438 -17381.500000 169.617188
1116.734375 -17381.500000 146.608398
1128.910156 -17381.500000 130.605469
1143.210938 -17381.500000 123.541016
1157.914063 -17381.500000 126.264648
1171.242188 -17381.500000 138.449219
533.093750 -17424.490234 158.623047
539.214844 -17424.490234 184.356445
540.363281 -17424.490234 212.541992
536.410156 -17424.490234 239.784180
527.828125 -17424.490234 262.792969
515.652344 -17424.490234 278.794922
501.351563 -17424.490234 285.860352
486.648438 -17424.490234 283.136719
473.320313 -17424.490234 270.952148
462.968750 -17424.490234 250.778320
456.851563 -17424.490234 225.043945
455.699219 -17424.490234 196.857422
459.656250 -17424.490234 169.617188
468.238281 -17424.490234 146.608398
480.414063 -17424.490234 130.605469
494.714844 -17424.490234 123.541016
522.746094 -17424.490234 138.449219
509.417969 -17424.490234 126.264648
533.093750 -17381.500000 158.623047
539.214844 -17381.500000 184.356445
540.363281 -17381.500000 212.541992
536.410156 -17381.500000 239.784180
527.828125 -17381.500000 262.792969
515.652344 -17381.500000 278.794922
501.351563 -17381.500000 285.860352
486.648438 -17381.500000 283.136719
473.320313 -17381.500000 270.952148
462.968750 -17381.500000 250.778320
456.851563 -17381.500000 225.043945
455.699219 -17381.500000 196.857422
459.656250 -17381.500000 169.617188
468.238281 -17381.500000 146.608398
480.414063 -17381.500000 130.605469
494.714844 -17381.500000 123.541016
509.417969 -17381.500000 126.264648
522.746094 -17381.500000 138.449219
509.417969 -17424.490234 826.916992
509.417969 -17381.500000 826.916992
494.714844 -17424.490234 824.194336
494.714844 -17381.500000 824.194336
480.414063 -17424.490234 831.258789
480.414063 -17381.500000 831.258789
468.238281 -17424.490234 847.260742
468.238281 -17381.500000 847.260742
459.656250 -17424.490234 870.272461
459.656250 -17381.500000 870.272461
455.699219 -17424.490234 897.510742
455.699219 -17381.500000 897.510742
456.851563 -17424.490234 925.700195
456.851563 -17381.500000 925.700195
462.968750 -17424.490234 951.430664
462.968750 -17381.500000 951.430664
473.320313 -17424.490234 971.604492
473.320313 -17381.500000 971.604492
486.648438 -17424.490234 983.790039
486.648438 -17381.500000 983.790039
501.351563 -17424.490234 986.512695
501.351563 -17381.500000 986.512695
515.652344 -17424.490234 979.448242
515.652344 -17381.500000 979.448242
527.828125 -17424.490234 963.446289
527.828125 -17381.500000 963.446289
536.410156 -17424.490234 940.434570
536.410156 -17381.500000 940.434570
540.363281 -17424.490234 913.196289
540.363281 -17381.500000 913.196289
539.214844 -17424.490234 885.010742
539.214844 -17381.500000 885.010742
533.093750 -17424.490234 859.278320
533.093750 -17381.500000 859.278320
522.746094 -17381.500000 839.102539
522.746094 -17424.490234 839.102539
307.789063 -17580.673828 802.145508
307.789063 -18407.386719 802.145508
416.285156 -18407.386719 802.145508
416.285156 -17580.673828 802.145508
416.285156 -18407.386719 -7.900391
416.285156 -17580.673828 -7.900391
307.789063 -17580.673828 -7.900391
307.789063 -18407.386719 -7.900391
1395.269531 -18407.386719 802.145508
1395.269531 -17580.673828 802.145508
1395.269531 -18407.386719 -7.900391
1395.269531 -17580.673828 -7.900391
1286.777344 -18407.386719 -7.900391
1286.777344 -17580.673828 -7.900391
1286.777344 -17580.673828 802.145508
1286.777344 -18407.386719 802.145508
-1294.871094 -18407.386719 -7.900391
-1294.871094 -18407.386719 802.145508
-1294.871094 -17580.673828 802.145508
-1294.871094 -17580.673828 -7.900391
2935.570313 -17580.673828 802.145508
2935.570313 -18407.386719 802.145508
2741.753906 -17273.142578 635.249023
2740.507813 -17273.142578 743.354492
2720.019531 -17273.142578 844.125977
2682.761719 -17273.142578 925.405273
2633.222656 -17273.142578 977.391602
2577.386719 -17273.142578 993.815430
2521.984375 -17273.142578 972.690430
2473.695313 -17273.142578 916.569336
2438.351563 -17273.142578 832.219727
2420.203125 -17273.142578 729.815430
2421.449219 -17273.142578 621.708008
2441.941406 -17273.142578 520.936523
2479.199219 -17273.142578 439.657227
2528.734375 -17273.142578 387.670898
2584.570313 -17273.142578 371.250000
2639.976563 -17273.142578 392.374023
2723.609375 -17273.142578 532.842773
2688.261719 -17273.142578 448.494141
2741.753906 -17075.837891 635.249023
2740.507813 -17075.837891 743.354492
2720.019531 -17075.837891 844.125977
2682.761719 -17075.837891 925.405273
2633.222656 -17075.837891 977.391602
2577.386719 -17075.837891 993.815430
2521.984375 -17075.837891 972.690430
2473.695313 -17075.837891 916.569336
2438.351563 -17075.837891 832.219727
2420.203125 -17075.837891 729.815430
2421.449219 -17075.837891 621.708008
2441.941406 -17075.837891 520.936523
2479.199219 -17075.837891 439.657227
2528.734375 -17075.837891 387.670898
2584.570313 -17075.837891 371.250000
2639.976563 -17075.837891 392.374023
2688.261719 -17075.837891 448.494141
2723.609375 -17075.837891 532.842773
2767.257813 -17419.080078 627.747070
2765.816406 -17419.080078 753.004883
2742.078125 -17419.080078 869.760742
2698.906250 -17419.080078 963.934570
2641.511719 -17419.080078 1024.166992
2576.820313 -17419.080078 1043.194336
2512.625000 -17419.080078 1018.719727
2456.679688 -17419.080078 953.694336
2415.722656 -17419.080078 855.963867
2394.699219 -17419.080078 737.315430
2396.144531 -17419.080078 612.059570
2419.882813 -17419.080078 495.301758
2463.054688 -17419.080078 401.128906
2520.445313 -17419.080078 340.896484
2585.140625 -17419.080078 321.871094
2649.332031 -17419.080078 346.343750
2746.234375 -17419.080078 509.098633
2705.281250 -17419.080078 411.367188
2767.257813 -17273.142578 627.747070
2765.816406 -17273.142578 753.004883
2742.078125 -17273.142578 869.760742
2698.906250 -17273.142578 963.934570
2641.511719 -17273.142578 1024.166992
2576.820313 -17273.142578 1043.194336
2512.625000 -17273.142578 1018.719727
2456.679688 -17273.142578 953.694336
2415.722656 -17273.142578 855.963867
2394.699219 -17273.142578 737.315430
2396.144531 -17273.142578 612.059570
2419.882813 -17273.142578 495.301758
2463.054688 -17273.142578 401.128906
2520.445313 -17273.142578 340.896484
2585.140625 -17273.142578 321.871094
2649.332031 -17273.142578 346.343750
2705.281250 -17273.142578 411.367188
2746.234375 -17273.142578 509.098633
2381.578125 -17482.031250 295.124023
2780.378906 -17482.031250 295.124023
2381.578125 -17482.031250 1069.940430
2780.378906 -17482.031250 1069.940430
2381.578125 -17419.080078 295.124023
2780.378906 -17419.080078 295.124023
2780.378906 -17419.080078 1069.940430
2381.578125 -17419.080078 1069.940430
-1406.199219 -17482.031250 1344.458008
-1406.199219 -18506.031250 1344.458008
-1406.199219 -18506.031250 -7.900391
-1406.199219 -17482.031250 -7.900391
3046.898438 -18506.031250 1344.458008
3046.898438 -17482.031250 1344.458008
2935.570313 -18407.386719 -7.900391
3046.898438 -18506.031250 -7.900391
3046.898438 -17482.031250 -7.900391
2935.570313 -17580.673828 -7.900391
345.328125 -17718.605469 2562.991211
1288.871094 -17718.605469 2562.991211
345.328125 -17718.605469 1344.458008
1288.871094 -17718.605469 1344.458008
409.917969 -17482.031250 1427.874023
345.328125 -17482.031250 1344.458008
345.328125 -17482.031250 2562.991211
409.917969 -17482.031250 2479.575195
1224.281250 -17482.031250 2479.575195
1288.871094 -17482.031250 1344.458008
1288.871094 -17482.031250 2562.991211
1224.281250 -17482.031250 1427.874023
1224.281250 -17668.130859 1427.874023
1224.281250 -17668.130859 2479.575195
409.917969 -17668.130859 2479.575195
409.917969 -17668.130859 1427.874023
7.988281 17855.605469 -7.900391
1483.226563 17855.605469 -7.900391
7.988281 -17482.031250 -7.900391
1483.226563 -17482.031250 -7.900391
7.988281 17578.074219 1162.000977
1483.226563 17578.074219 1162.000977
1483.226563 -17165.775391 1162.000977
7.988281 -17165.775391 1162.000977
0
1088
711 710
710 709
709 708
708 711
707 710
711 706
706 707
705 709
707 705
704 708
705 704
704 706
703 702
702 701
701 700
700 703
699 698
698 697
697 699
696 698
699 696
698 695
695 694
694 698
696 695
697 693
693 692
692 697
692 699
693 694
695 692
692 703
700 699
701 696
702 695
697 691
691 690
690 693
698 689
689 691
694 688
688 689
690 688
687 686
686 685
685 684
684 687
683 682
682 685
686 683
681 680
680 679
679 678
678 681
677 676
676 675
675 674
674 677
673 676
677 672
672 673
671 675
673 671
670 674
671 670
670 672
669 668
668 667
667 666
666 665
665 664
664 663
663 662
662 661
661 660
660 659
659 658
658 657
657 656
656 655
655 654
654 653
653 652
652 669
651 668
669 650
650 651
649 667
651 649
648 666
649 648
647 665
648 647
646 664
647 646
645 663
646 645
644 662
645 644
643 661
644 643
642 660
643 642
641 659
642 641
640 658
641 640
639 657
640 639
638 656
639 638
637 655
638 637
636 654
637 636
635 653
636 635
634 652
635 634
634 650
633 632
632 631
631 630
630 629
629 628
628 627
627 626
626 625
625 624
624 623
623 622
622 621
621 620
620 619
619 618
618 617
617 616
616 633
615 632
633 614
614 615
613 631
615 613
612 630
613 612
611 629
612 611
610 628
611 610
609 627
610 609
608 626
609 608
607 625
608 607
606 624
607 606
605 623
606 605
604 622
605 604
603 621
604 603
602 620
603 602
601 619
602 601
600 618
601 600
599 617
600 599
598 616
599 598
598 614
684 597
597 596
596 687
595 594
594 593
593 592
592 595
591 590
590 589
589 588
588 591
589 587
587 586
586 588
587 585
585 584
584 586
583 582
582 581
581 580
580 583
581 579
579 578
578 580
577 576
576 582
583 577
593 597
684 592
596 594
595 687
678 683
686 681
679 682
680 685
595 680
681 595
592 680
680 684
687 681
575 574
574 573
573 572
572 575
573 571
571 570
570 572
571 569
569 568
568 570
569 567
567 566
566 568
567 565
565 564
564 566
565 563
563 562
562 564
563 561
561 560
560 562
561 559
559 558
558 560
559 557
557 556
556 558
557 555
555 554
554 556
555 553
553 552
552 554
553 551
551 550
550 552
551 549
549 548
548 550
549 547
547 546
546 548
547 545
545 544
544 546
545 543
543 542
542 544
543 541
541 540
540 542
541 574
575 540
539 538
538 537
537 536
536 535
535 534
534 533
533 532
532 531
531 530
530 529
529 528
528 527
527 526
526 525
525 524
524 523
523 522
522 539
521 538
539 520
520 521
519 537
521 519
518 536
519 518
517 535
518 517
516 534
517 516
515 533
516 515
514 532
515 514
513 531
514 513
512 530
513 512
511 529
512 511
510 528
511 510
509 527
510 509
508 526
509 508
507 525
508 507
506 524
507 506
505 523
506 505
504 522
505 504
504 520
503 502
502 501
501 500
500 499
499 498
498 497
497 496
496 495
495 494
494 493
493 492
492 491
491 490
490 489
489 488
488 487
487 486
486 503
485 502
503 484
484 485
483 501
485 483
482 500
483 482
481 499
482 481
480 498
481 480
479 497
480 479
478 496
479 478
477 495
478 477
476 494
477 476
475 493
476 475
474 492
475 474
473 491
474 473
472 490
473 472
471 489
472 471
470 488
471 470
469 487
470 469
468 486
469 468
468 484
467 466
466 465
465 464
464 467
465 463
463 462
462 464
463 461
461 460
460 462
461 459
459 458
458 460
459 457
457 456
456 458
457 455
455 454
454 456
455 453
453 452
452 454
453 451
451 450
450 452
451 449
449 448
448 450
449 447
447 446
446 448
447 445
445 444
444 446
445 443
443 442
442 444
443 441
441 440
440 442
441 439
439 438
438 440
439 437
437 436
436 438
437 435
435 434
434 436
435 433
433 432
432 434
433 466
467 432
431 430
430 429
429 428
428 431
428 427
427 426
426 431
426 425
425 430
425 424
424 429
424 427
423 422
422 421
421 420
420 419
419 418
418 417
417 416
416 415
415 414
414 413
413 412
412 411
411 410
410 409
409 408
408 407
407 406
406 423
405 422
423 404
404 405
403 421
405 403
402 420
403 402
401 419
402 401
400 418
401 400
399 417
400 399
398 416
399 398
397 415
398 397
396 414
397 396
395 413
396 395
394 412
395 394
393 411
394 393
392 410
393 392
391 409
392 391
390 408
391 390
389 407
390 389
388 406
389 388
388 404
387 386
386 385
385 384
384 383
383 382
382 381
381 380
380 379
379 378
378 377
377 376
376 375
375 374
374 373
373 372
372 371
371 370
370 387
369 386
387 368
368 369
367 385
369 367
366 384
367 366
365 383
366 365
364 382
365 364
363 381
364 363
362 380
363 362
361 379
362 361
360 378
361 360
359 377
360 359
358 376
359 358
357 375
358 357
356 374
357 356
355 373
356 355
354 372
355 354
353 371
354 353
352 370
353 352
352 368
351 350
350 349
349 348
348 351
347 346
346 345
345 347
344 346
347 344
346 343
343 342
342 346
344 343
345 341
341 340
340 345
340 347
341 342
343 340
344 351
348 343
347 350
340 349
342 339
339 338
338 346
338 337
337 345
337 336
336 341
336 339
335 334
334 333
333 332
332 335
334 331
331 330
330 333
329 328
328 327
327 326
326 329
325 324
324 323
323 322
322 325
321 322
323 320
320 321
324 319
319 320
325 318
318 319
321 318
317 316
316 315
315 314
314 313
313 312
312 311
311 310
310 309
309 308
308 307
307 306
306 305
305 304
304 303
303 302
302 301
301 300
300 317
299 300
301 298
298 299
302 297
297 298
303 296
296 297
304 295
295 296
305 294
294 295
306 293
293 294
307 292
292 293
308 291
291 292
309 290
290 291
310 289
289 290
311 288
288 289
312 287
287 288
313 286
286 287
314 285
285 286
315 284
284 285
316 283
283 284
317 282
282 283
299 282
281 280
280 279
279 278
278 277
277 276
276 275
275 274
274 273
273 272
272 271
271 270
270 269
269 268
268 267
267 266
266 265
265 264
264 281
263 264
265 262
262 263
266 261
261 262
267 260
260 261
268 259
259 260
269 258
258 259
270 257
257 258
271 256
256 257
272 255
255 256
273 254
254 255
274 253
253 254
275 252
252 253
276 251
251 252
277 250
250 251
278 249
249 250
279 248
248 249
280 247
247 248
281 246
246 247
263 246
332 245
245 244
244 335
243 242
242 241
241 240
240 243
239 238
238 237
237 236
236 239
235 234
234 238
239 235
233 232
232 234
235 233
231 230
230 229
229 228
228 231
227 226
226 230
231 227
229 225
225 224
224 228
244 242
243 335
241 245
332 240
326 333
330 329
331 328
334 327
243 326
327 243
240 326
326 332
335 327
223 222
222 221
221 220
220 223
219 218
218 222
223 219
217 216
216 218
219 217
215 214
214 216
217 215
213 212
212 214
215 213
211 210
210 212
213 211
209 208
208 210
211 209
207 206
206 208
209 207
205 204
204 206
207 205
203 202
202 204
205 203
201 200
200 202
203 201
199 198
198 200
201 199
197 196
196 198
199 197
195 194
194 196
197 195
193 192
192 194
195 193
191 190
190 192
193 191
189 188
188 190
191 189
221 188
189 220
187 186
186 185
185 184
184 183
183 182
182 181
181 180
180 179
179 178
178 177
177 176
176 175
175 174
174 173
173 172
172 171
171 170
170 187
169 170
171 168
168 169
172 167
167 168
173 166
166 167
174 165
165 166
175 164
164 165
176 163
163 164
177 162
162 163
178 161
161 162
179 160
160 161
180 159
159 160
181 158
158 159
182 157
157 158
183 156
156 157
184 155
155 156
185 154
154 155
186 153
153 154
187 152
152 153
169 152
151 150
150 149
149 148
148 147
147 146
146 145
145 144
144 143
143 142
142 141
141 140
140 139
139 138
138 137
137 136
136 135
135 134
134 151
133 134
135 132
132 133
136 131
131 132
137 130
130 131
138 129
129 130
139 128
128 129
140 127
127 128
141 126
126 127
142 125
125 126
143 124
124 125
144 123
123 124
145 122
122 123
146 121
121 122
147 120
120 121
148 119
119 120
149 118
118 119
150 117
117 118
151 116
116 117
133 116
115 114
114 113
113 112
112 115
111 110
110 114
115 111
109 108
108 110
111 109
107 106
106 108
109 107
105 104
104 106
107 105
103 102
102 104
105 103
101 100
100 102
103 101
99 98
98 100
101 99
97 96
96 98
99 97
95 94
94 96
97 95
93 92
92 94
95 93
91 90
90 92
93 91
89 88
88 90
91 89
87 86
86 88
89 87
85 84
84 86
87 85
83 82
82 84
85 83
81 80
80 82
83 81
113 80
81 112
79 78
78 77
77 76
76 79
76 75
75 74
74 79
77 73
73 75
78 72
72 73
74 72
71 70
70 69
69 68
68 67
67 66
66 65
65 64
64 63
63 62
62 61
61 60
60 59
59 58
58 57
57 56
56 55
55 54
54 71
53 54
55 52
52 53
56 51
51 52
57 50
50 51
58 49
49 50
59 48
48 49
60 47
47 48
61 46
46 47
62 45
45 46
63 44
44 45
64 43
43 44
65 42
42 43
66 41
41 42
67 40
40 41
68 39
39 40
69 38
38 39
70 37
37 38
71 36
36 37
53 36
35 34
34 33
33 32
32 31
31 30
30 29
29 28
28 27
27 26
26 25
25 24
24 23
23 22
22 21
21 20
20 19
19 18
18 35
17 18
19 16
16 17
20 15
15 16
21 14
14 15
22 13
13 14
23 12
12 13
24 11
11 12
25 10
10 11
26 9
9 10
27 8
8 9
28 7
7 8
29 6
6 7
30 5
5 6
31 4
4 5
32 3
3 4
33 2
2 3
34 1
1 2
35 0
0 1
17 0
410
3 17 18 19
3 20 -17 21
3 22 23 24
3 25 -22 -20
3 26 27 28
3 -28 29 -19
3 210 -51 211
3 212 -210 -181
3 213 -46 -209
3 -203 -213 -212
3 -207 -44 214
3 -214 -205 -211
3 555 556 557
3 558 -555 559
3 560 561 562
3 563 -560 -558
3 564 565 566
3 -566 567 -557
3 748 -591 749
3 750 -748 -719
3 751 -584 -744
3 -743 -751 -750
3 -747 -582 752
3 -752 -741 -749
4 1 2 3 4
4 5 -1 6 7
4 8 -2 -5 9
4 10 -3 -8 11
4 -6 -4 -10 12
4 -11 -9 -7 -12
4 13 14 15 16
4 -27 30 -23 31
4 32 -16 33 -29
4 -33 -15 34 -21
4 -34 -14 35 -25
4 -35 -13 -32 -31
4 36 37 38 -26
4 39 40 -36 -18
4 41 42 -39 -24
4 -38 43 -41 -30
4 -40 -42 -43 -37
4 44 45 46 47
4 48 49 -45 50
4 51 52 53 54
4 55 56 57 58
4 59 -55 60 61
4 62 -56 -59 63
4 64 -57 -62 65
4 -60 -58 -64 66
4 85 -67 86 87
4 88 -68 -85 89
4 90 -69 -88 91
4 92 -70 -90 93
4 94 -71 -92 95
4 96 -72 -94 97
4 98 -73 -96 99
4 100 -74 -98 101
4 102 -75 -100 103
4 104 -76 -102 105
4 106 -77 -104 107
4 108 -78 -106 109
4 110 -79 -108 111
4 112 -80 -110 113
4 114 -81 -112 115
4 116 -82 -114 117
4 118 -83 -116 119
4 -86 -84 -118 120
4 139 -121 140 141
4 142 -122 -139 143
4 144 -123 -142 145
4 146 -124 -144 147
4 148 -125 -146 149
4 150 -126 -148 151
4 152 -127 -150 153
4 154 -128 -152 155
4 156 -129 -154 157
4 158 -130 -156 159
4 160 -131 -158 161
4 162 -132 -160 163
4 164 -133 -162 165
4 166 -134 -164 167
4 168 -135 -166 169
4 170 -136 -168 171
4 172 -137 -170 173
4 -140 -138 -172 174
4 175 176 177 -47
4 178 179 180 181
4 182 183 184 185
4 -184 186 187 188
4 -187 189 190 191
4 192 193 194 195
4 -194 196 197 198
4 199 200 -192 201
4 -180 202 -175 203
4 -177 204 -178 205
4 206 -50 207 -54
4 -53 208 -48 -206
4 209 -49 -208 -52
4 -204 -176 -202 -179
4 215 216 217 218
4 -217 219 220 221
4 -220 222 223 224
4 -223 225 226 227
4 -226 228 229 230
4 -229 231 232 233
4 -232 234 235 236
4 -235 237 238 239
4 -238 240 241 242
4 -241 243 244 245
4 -244 246 247 248
4 -247 249 250 251
4 -250 252 253 254
4 -253 255 256 257
4 -256 258 259 260
4 -259 261 262 263
4 -262 264 265 266
4 -265 267 -215 268
4 287 -269 288 289
4 290 -270 -287 291
4 292 -271 -290 293
4 294 -272 -292 295
4 296 -273 -294 297
4 298 -274 -296 299
4 300 -275 -298 301
4 302 -276 -300 303
4 304 -277 -302 305
4 306 -278 -304 307
4 308 -279 -306 309
4 310 -280 -308 311
4 312 -281 -310 313
4 314 -282 -312 315
4 316 -283 -314 317
4 318 -284 -316 319
4 320 -285 -318 321
4 -288 -286 -320 322
4 341 -323 342 343
4 344 -324 -341 345
4 346 -325 -344 347
4 348 -326 -346 349
4 350 -327 -348 351
4 352 -328 -350 353
4 354 -329 -352 355
4 356 -330 -354 357
4 358 -331 -356 359
4 360 -332 -358 361
4 362 -333 -360 363
4 364 -334 -362 365
4 366 -335 -364 367
4 368 -336 -366 369
4 370 -337 -368 371
4 372 -338 -370 373
4 374 -339 -372 375
4 -342 -340 -374 376
4 377 378 379 380
4 -379 381 382 383
4 -382 384 385 386
4 -385 387 388 389
4 -388 390 391 392
4 -391 393 394 395
4 -394 396 397 398
4 -397 399 400 401
4 -400 402 403 404
4 -403 405 406 407
4 -406 408 409 410
4 -409 411 412 413
4 -412 414 415 416
4 -415 417 418 419
4 -418 420 421 422
4 -421 423 424 425
4 -424 426 427 428
4 -427 429 -377 430
4 431 432 433 434
4 435 436 437 -434
4 -437 438 439 -431
4 -439 440 441 -432
4 -441 442 -435 -433
4 461 -443 462 463
4 464 -444 -461 465
4 466 -445 -464 467
4 468 -446 -466 469
4 470 -447 -468 471
4 472 -448 -470 473
4 474 -449 -472 475
4 476 -450 -474 477
4 478 -451 -476 479
4 480 -452 -478 481
4 482 -453 -480 483
4 484 -454 -482 485
4 486 -455 -484 487
4 488 -456 -486 489
4 490 -457 -488 491
4 492 -458 -490 493
4 494 -459 -492 495
4 -462 -460 -494 496
4 515 -497 516 517
4 518 -498 -515 519
4 520 -499 -518 521
4 522 -500 -520 523
4 524 -501 -522 525
4 526 -502 -524 527
4 528 -503 -526 529
4 530 -504 -528 531
4 532 -505 -530 533
4 534 -506 -532 535
4 536 -507 -534 537
4 538 -508 -536 539
4 540 -509 -538 541
4 542 -510 -540 543
4 544 -511 -542 545
4 546 -512 -544 547
4 548 -513 -546 549
4 -516 -514 -548 550
4 551 552 553 554
4 -565 568 -561 569
4 570 -554 571 -563
4 572 -551 -570 -559
4 573 -552 -572 -567
4 -571 -553 -573 -569
4 574 575 576 -562
4 -576 577 578 -556
4 -578 579 580 -564
4 -580 581 -574 -568
4 -581 -579 -577 -575
4 582 583 584 585
4 -583 586 587 588
4 589 590 591 592
4 593 594 595 596
4 597 -595 598 599
4 -598 -594 600 601
4 -600 -593 602 603
4 -602 -596 -597 604
4 623 -621 624 625
4 -624 -620 626 627
4 -626 -619 628 629
4 -628 -618 630 631
4 -630 -617 632 633
4 -632 -616 634 635
4 -634 -615 636 637
4 -636 -614 638 639
4 -638 -613 640 641
4 -640 -612 642 643
4 -642 -611 644 645
4 -644 -610 646 647
4 -646 -609 648 649
4 -648 -608 650 651
4 -650 -607 652 653
4 -652 -606 654 655
4 -654 -605 656 657
4 -656 -622 -623 658
4 677 -675 678 679
4 -678 -674 680 681
4 -680 -673 682 683
4 -682 -672 684 685
4 -684 -671 686 687
4 -686 -670 688 689
4 -688 -669 690 691
4 -690 -668 692 693
4 -692 -667 694 695
4 -694 -666 696 697
4 -696 -665 698 699
4 -698 -664 700 701
4 -700 -663 702 703
4 -702 -662 704 705
4 -704 -661 706 707
4 -706 -660 708 709
4 -708 -659 710 711
4 -710 -676 -677 712
4 713 714 715 -585
4 716 717 718 719
4 720 721 722 723
4 724 725 -720 726
4 727 728 -724 729
4 730 731 732 733
4 734 735 -730 736
4 -732 737 738 739
4 -715 740 -716 741
4 -718 742 -713 743
4 744 -588 745 -592
4 -587 746 -589 -745
4 -746 -586 747 -590
4 -740 -714 -742 -717
4 753 754 755 756
4 757 758 -753 759
4 760 761 -757 762
4 763 764 -760 765
4 766 767 -763 768
4 769 770 -766 771
4 772 773 -769 774
4 775 776 -772 777
4 778 779 -775 780
4 781 782 -778 783
4 784 785 -781 786
4 787 788 -784 789
4 790 791 -787 792
4 793 794 -790 795
4 796 797 -793 798
4 799 800 -796 801
4 802 803 -799 804
4 -755 805 -802 806
4 825 -823 826 827
4 -826 -822 828 829
4 -828 -821 830 831
4 -830 -820 832 833
4 -832 -819 834 835
4 -834 -818 836 837
4 -836 -817 838 839
4 -838 -816 840 841
4 -840 -815 842 843
4 -842 -814 844 845
4 -844 -813 846 847
4 -846 -812 848 849
4 -848 -811 850 851
4 -850 -810 852 853
4 -852 -809 854 855
4 -854 -808 856 857
4 -856 -807 858 859
4 -858 -824 -825 860
4 879 -877 880 881
4 -880 -876 882 883
4 -882 -875 884 885
4 -884 -874 886 887
4 -886 -873 888 889
4 -888 -872 890 891
4 -890 -871 892 893
4 -892 -870 894 895
4 -894 -869 896 897
4 -896 -868 898 899
4 -898 -867 900 901
4 -900 -866 902 903
4 -902 -865 904 905
4 -904 -864 906 907
4 -906 -863 908 909
4 -908 -862 910 911
4 -910 -861 912 913
4 -912 -878 -879 914
4 915 916 917 918
4 919 920 -915 921
4 922 923 -919 924
4 925 926 -922 927
4 928 929 -925 930
4 931 932 -928 933
4 934 935 -931 936
4 937 938 -934 939
4 940 941 -937 942
4 943 944 -940 945
4 946 947 -943 948
4 949 950 -946 951
4 952 953 -949 954
4 955 956 -952 957
4 958 959 -955 960
4 961 962 -958 963
4 964 965 -961 966
4 -917 967 -964 968
4 969 970 971 972
4 973 974 975 -972
4 976 977 -973 -971
4 978 979 -976 -970
4 -975 980 -978 -969
4 999 -997 1000 1001
4 -1000 -996 1002 1003
4 -1002 -995 1004 1005
4 -1004 -994 1006 1007
4 -1006 -993 1008 1009
4 -1008 -992 1010 1011
4 -1010 -991 1012 1013
4 -1012 -990 1014 1015
4 -1014 -989 1016 1017
4 -1016 -988 1018 1019
4 -1018 -987 1020 1021
4 -1020 -986 1022 1023
4 -1022 -985 1024 1025
4 -1024 -984 1026 1027
4 -1026 -983 1028 1029
4 -1028 -982 1030 1031
4 -1030 -981 1032 1033
4 -1032 -998 -999 1034
4 1053 -1051 1054 1055
4 -1054 -1050 1056 1057
4 -1056 -1049 1058 1059
4 -1058 -1048 1060 1061
4 -1060 -1047 1062 1063
4 -1062 -1046 1064 1065
4 -1064 -1045 1066 1067
4 -1066 -1044 1068 1069
4 -1068 -1043 1070 1071
4 -1070 -1042 1072 1073
4 -1072 -1041 1074 1075
4 -1074 -1040 1076 1077
4 -1076 -1039 1078 1079
4 -1078 -1038 1080 1081
4 -1080 -1037 1082 1083
4 -1082 -1036 1084 1085
4 -1084 -1035 1086 1087
4 -1086 -1052 -1053 1088
18 67 68 69 70 71 72 73 74 75 76 77 78 79 80 81 82
   83 84
18 121 122 123 124 125 126 127 128 129 130 131 132 133 134 135 136
   137 138
18 -267 -264 -261 -258 -255 -252 -249 -246 -243 -240 -237 -234 -231 -228 -225 -222
   -219 -216
18 269 270 271 272 273 274 275 276 277 278 279 280 281 282 283 284
   285 286
18 323 324 325 326 327 328 329 330 331 332 333 334 335 336 337 338
   339 340
18 -429 -426 -423 -420 -417 -414 -411 -408 -405 -402 -399 -396 -393 -390 -387 -384
   -381 -378
18 443 444 445 446 447 448 449 450 451 452 453 454 455 456 457 458
   459 460
18 497 498 499 500 501 502 503 504 505 506 507 508 509 510 511 512
   513 514
18 605 606 607 608 609 610 611 612 613 614 615 616 617 618 619 620
   621 622
18 659 660 661 662 663 664 665 666 667 668 669 670 671 672 673 674
   675 676
18 -758 -761 -764 -767 -770 -773 -776 -779 -782 -785 -788 -791 -794 -797 -800 -803
   -805 -754
18 807 808 809 810 811 812 813 814 815 816 817 818 819 820 821 822
   823 824
18 861 862 863 864 865 866 867 868 869 870 871 872 873 874 875 876
   877 878
18 -920 -923 -926 -929 -932 -935 -938 -941 -944 -947 -950 -953 -956 -959 -962 -965
   -967 -916
18 981 982 983 984 985 986 987 988 989 990 991 992 993 994 995 996
   997 998
18 1035 1036 1037 1038 1039 1040 1041 1042 1043 1044 1045 1046 1047 1048 1049 1050
   1051 1052
0
0
