12
0
0
0
4
5
*
8
359.420898 -431.794739 -254.401398
359.420898 441.051239 -254.401398
917.810913 441.051239 -254.401398
917.810913 -431.794739 -254.401398
917.810913 -431.794739 -236.917999
917.810913 441.051239 -236.917999
359.420898 441.051239 -236.917999
359.420898 -431.794739 -236.917999
0
8
7 4
6 7
5 6
4 5
3 0
2 3
1 2
0 1
2
4 8 7 6 5
4 4 3 2 1
0
0
5
*
8
917.810913 -431.794739 -254.401398
917.810913 -431.794739 -236.917999
917.810913 441.051239 -254.401398
917.810913 441.051239 -236.917999
359.420898 -431.794739 -236.917999
359.420898 -431.794739 -254.401398
359.420898 441.051239 -254.401398
359.420898 441.051239 -236.917999
0
12
7 6
6 5
5 4
4 7
3 2
2 6
7 3
1 0
0 2
3 1
5 0
1 4
4
4 1 2 3 4
4 5 6 -1 7
4 8 9 -5 10
4 -3 11 -8 12
0
0
5
*
236
841.839905 -101.703766 -1627.625977
396.014923 -101.703766 -1627.625977
841.839905 -159.990753 -1708.514160
396.014923 -159.990753 -1708.514160
841.839905 -330.487732 -1708.514160
396.014923 -330.487732 -1708.514160
841.839905 -335.312775 -1668.180176
396.014923 -335.312775 -1668.180176
841.839905 -357.675781 -1273.043457
396.014923 -357.675781 -1273.043457
841.839905 -348.532745 -1207.072266
396.014923 -348.532745 -1207.072266
841.839905 -322.493744 -1151.145020
396.014923 -322.493744 -1151.145020
841.839905 -283.523743 -1113.776367
396.014923 -283.523743 -1113.776367
841.839905 -237.555756 -1100.654297
396.014923 -237.555756 -1100.654297
841.839905 -151.115753 -1100.654297
396.014923 -151.115753 -1100.654297
841.839905 -105.147766 -1113.776367
396.014923 -105.147766 -1113.776367
841.839905 -66.177750 -1151.145020
396.014923 -66.177750 -1151.145020
841.839905 -40.138748 -1207.072266
396.014923 -40.138748 -1207.072266
396.014923 -30.994751 -1273.043457
841.839905 -30.994751 -1273.043457
638.435913 83.000244 -560.405273
629.484924 79.507240 -560.405273
622.551880 72.854248 -560.405273
618.692932 64.055244 -560.405273
618.494934 54.448242 -560.405273
621.987915 45.497246 -560.405273
628.640930 38.565247 -560.405273
637.439941 34.705246 -560.405273
647.046936 34.507248 -560.405273
655.997925 38.001244 -560.405273
662.930908 44.654243 -560.405273
666.789917 53.453247 -560.405273
666.987915 63.060249 -560.405273
663.493896 72.011246 -560.405273
648.041931 82.802246 -560.405273
656.840942 78.943245 -560.405273
638.435913 83.000244 -618.954102
629.484924 79.507240 -618.954102
622.551880 72.854248 -618.954102
618.692932 64.055244 -618.954102
618.494934 54.448242 -618.954102
621.987915 45.497246 -618.954102
628.640930 38.565247 -618.954102
637.439941 34.705246 -618.954102
647.046936 34.507248 -618.954102
655.997925 38.001244 -618.954102
662.930908 44.654243 -618.954102
666.789917 53.453247 -618.954102
666.987915 63.060249 -618.954102
663.493896 72.011246 -618.954102
656.840942 78.943245 -618.954102
648.041931 82.802246 -618.954102
529.670898 20.509247 -488.915070
529.670898 19.580246 -472.485382
529.670898 25.009247 -456.950226
529.670898 35.970245 -444.675323
529.670898 50.794243 -437.530304
529.670898 67.224243 -436.601105
529.670898 82.759247 -442.030304
529.670898 95.034241 -452.991241
529.670898 102.180244 -467.814972
529.670898 103.109245 -484.245636
529.670898 97.680252 -499.780304
529.670898 86.719246 -512.055176
529.670898 71.895241 -519.200195
529.670898 55.465248 -520.129395
529.670898 27.655243 -503.738800
529.670898 39.930244 -514.700195
559.204895 20.510246 -488.915070
559.204895 19.580246 -472.485382
559.204895 25.010246 -456.950226
559.204895 35.971245 -444.675323
559.204895 50.795242 -437.530304
559.204895 67.225243 -436.600128
559.204895 82.760246 -442.030304
559.204895 95.034241 -452.991241
559.204895 102.180244 -467.814972
559.204895 103.109245 -484.245636
559.204895 97.680252 -499.780304
559.204895 86.719246 -512.054199
559.204895 71.895241 -519.200195
559.204895 55.465248 -520.129395
559.204895 39.930244 -514.700195
559.204895 27.655243 -503.738800
718.214905 20.509247 -488.915070
718.214905 19.580246 -472.485382
718.214905 25.009247 -456.950226
718.214905 35.970245 -444.675323
718.214905 50.794243 -437.530304
718.214905 67.224243 -436.601105
718.214905 82.759247 -442.030304
718.214905 95.034241 -452.991241
718.214905 102.180244 -467.814972
718.214905 103.109245 -484.245636
718.214905 97.680252 -499.780304
718.214905 86.719246 -512.055176
718.214905 71.895241 -519.200195
718.214905 55.465248 -520.129395
718.214905 27.655243 -503.738800
718.214905 39.930244 -514.700195
747.748901 20.510246 -488.915070
747.748901 19.580246 -472.485382
747.748901 25.010246 -456.950226
747.748901 35.971245 -444.675323
747.748901 50.795242 -437.530304
747.748901 67.225243 -436.600128
747.748901 82.760246 -442.030304
747.748901 95.034241 -452.991241
747.748901 102.180244 -467.814972
747.748901 103.109245 -484.245636
747.748901 97.680252 -499.780304
747.748901 86.719246 -512.054199
747.748901 71.895241 -519.200195
747.748901 55.465248 -520.129395
747.748901 39.930244 -514.700195
747.748901 27.655243 -503.738800
576.853882 -30.485764 -502.090851
576.853882 -32.574753 -465.143097
576.853882 -20.365753 -430.208527
576.853882 4.283249 -402.604034
576.853882 37.619240 -386.534210
576.853882 74.567245 -384.445343
576.853882 109.502243 -396.654327
576.853882 137.106247 -421.303253
576.853882 153.175247 -454.639191
576.853882 155.265244 -491.587433
576.853882 143.055252 -526.522461
576.853882 118.407242 -554.126465
576.853882 85.071243 -570.196289
576.853882 48.122246 -572.285156
576.853882 -14.415756 -535.427246
576.853882 13.187241 -560.076172
700.566895 -30.485764 -502.090851
700.566895 -32.574753 -465.143097
700.566895 -20.365753 -430.208527
700.566895 4.283249 -402.604034
700.566895 37.619240 -386.534210
700.566895 74.567245 -384.445343
700.566895 109.502243 -396.654327
700.566895 137.106247 -421.303253
700.566895 153.175247 -454.639191
700.566895 155.265244 -491.587433
700.566895 143.055252 -526.522461
700.566895 118.407242 -554.126465
700.566895 85.071243 -570.196289
700.566895 48.122246 -572.285156
700.566895 13.187241 -560.076172
700.566895 -14.415756 -535.427246
576.853882 163.182251 -452.750519
576.853882 156.793243 -484.873566
576.853882 138.597244 -512.104980
576.853882 111.364243 -530.301270
576.853882 79.242249 -536.690430
576.853882 43.448242 -536.690430
576.853882 11.325241 -530.301270
576.853882 -15.906754 -512.104980
576.853882 -34.102753 -484.873566
576.853882 -40.492752 -452.750519
576.853882 -40.492752 -338.341339
576.853882 -34.102753 -306.218292
576.853882 -15.906754 -278.985870
576.853882 11.325241 -260.790070
576.853882 43.448242 -254.401398
576.853882 79.242249 -254.401398
576.853882 111.364243 -260.790070
576.853882 138.597244 -278.985870
576.853882 156.793243 -306.218292
576.853882 163.182251 -338.341339
700.566895 163.182251 -338.341339
700.566895 156.793243 -306.218292
700.566895 138.597244 -278.985870
700.566895 111.364243 -260.790070
700.566895 79.242249 -254.401398
700.566895 43.448242 -254.401398
700.566895 11.325241 -260.790070
700.566895 -15.906754 -278.985870
700.566895 -34.102753 -306.218292
700.566895 -40.492752 -338.341339
700.566895 -40.492752 -452.750519
700.566895 -34.102753 -484.873566
700.566895 -15.906754 -512.104980
700.566895 11.325241 -530.301270
700.566895 43.448242 -536.690430
700.566895 79.242249 -536.690430
700.566895 111.364243 -530.301270
700.566895 138.597244 -512.104980
700.566895 156.793243 -484.873566
700.566895 163.182251 -452.750519
559.204895 163.182251 -338.341339
559.204895 156.793243 -306.218292
559.204895 138.597244 -278.985870
559.204895 111.364243 -260.790070
559.204895 79.242249 -254.401398
559.204895 43.448242 -254.401398
559.204895 11.325241 -260.790070
559.204895 -15.906754 -278.985870
559.204895 -34.102753 -306.218292
559.204895 -40.492752 -338.341339
559.204895 -40.492752 -452.750519
559.204895 -34.102753 -484.873566
559.204895 -15.906754 -512.104980
559.204895 11.325241 -530.301270
559.204895 43.448242 -536.690430
559.204895 79.242249 -536.690430
559.204895 111.364243 -530.301270
559.204895 138.597244 -512.104980
559.204895 156.793243 -484.873566
559.204895 163.182251 -452.750519
718.214905 163.182251 -452.750519
718.214905 156.793243 -484.873566
718.214905 138.597244 -512.104980
718.214905 111.364243 -530.301270
718.214905 79.242249 -536.690430
718.214905 43.448242 -536.690430
718.214905 11.325241 -530.301270
718.214905 -15.906754 -512.104980
718.214905 -34.102753 -484.873566
718.214905 -40.492752 -452.750519
718.214905 -40.492752 -338.341339
718.214905 -34.102753 -306.218292
718.214905 -15.906754 -278.985870
718.214905 11.325241 -260.790070
718.214905 43.448242 -254.401398
718.214905 79.242249 -254.401398
718.214905 111.364243 -260.790070
718.214905 138.597244 -278.985870
718.214905 156.793243 -306.218292
718.214905 163.182251 -338.341339
0
352
235 234
234 233
233 232
232 231
231 230
230 229
229 228
228 227
227 226
226 225
225 224
224 223
223 222
222 221
221 220
220 219
219 218
218 217
217 216
216 235
215 214
214 213
213 212
212 211
211 210
210 209
209 208
208 207
207 206
206 205
205 204
204 203
203 202
202 201
201 200
200 199
199 198
198 197
197 196
196 215
197 234
235 196
198 233
199 232
200 231
201 230
202 229
203 228
204 227
205 226
195 194
194 193
193 192
192 191
191 190
190 189
189 188
188 187
187 186
186 185
185 184
184 183
183 182
182 181
181 180
180 179
179 178
178 177
177 176
176 195
175 174
174 173
173 172
172 171
171 170
170 169
169 168
168 167
167 166
166 165
165 164
164 163
163 162
162 161
161 160
160 159
159 158
158 157
157 156
156 175
195 216
217 194
218 193
219 192
220 191
221 190
222 189
223 188
224 187
225 186
226 185
176 235
156 215
196 175
157 214
158 213
159 212
160 211
161 210
162 209
163 208
164 207
165 206
166 205
185 166
166 175
175 176
176 185
155 154
154 153
153 152
152 151
151 150
150 149
149 148
148 147
147 146
146 145
145 144
144 143
143 142
142 141
141 140
140 155
139 154
155 138
138 139
137 153
139 137
136 152
137 136
135 151
136 135
134 150
135 134
133 149
134 133
132 148
133 132
131 147
132 131
130 146
131 130
129 145
130 129
128 144
129 128
127 143
128 127
126 142
127 126
125 141
126 125
124 140
125 124
124 138
123 122
122 121
121 120
120 119
119 118
118 117
117 116
116 115
115 114
114 113
113 112
112 111
111 110
110 109
109 108
108 123
107 122
123 106
106 107
105 121
107 105
104 120
105 104
103 119
104 103
102 118
103 102
101 117
102 101
100 116
101 100
99 115
100 99
98 114
99 98
97 113
98 97
96 112
97 96
95 111
96 95
94 110
95 94
93 109
94 93
92 108
93 92
92 106
91 90
90 89
89 88
88 87
87 86
86 85
85 84
84 83
83 82
82 81
81 80
80 79
79 78
78 77
77 76
76 91
75 90
91 74
74 75
73 89
75 73
72 88
73 72
71 87
72 71
70 86
71 70
69 85
70 69
68 84
69 68
67 83
68 67
66 82
67 66
65 81
66 65
64 80
65 64
63 79
64 63
62 78
63 62
61 77
62 61
60 76
61 60
60 74
59 58
58 57
57 56
56 55
55 54
54 53
53 52
52 51
51 50
50 49
49 48
48 47
47 46
46 45
45 44
44 59
43 58
59 42
42 43
41 57
43 41
40 56
41 40
39 55
40 39
38 54
39 38
37 53
38 37
36 52
37 36
35 51
36 35
34 50
35 34
33 49
34 33
32 48
33 32
31 47
32 31
30 46
31 30
29 45
30 29
28 44
29 28
28 42
27 26
26 25
25 24
24 27
25 23
23 22
22 24
23 21
21 20
20 22
21 19
19 18
18 20
19 17
17 16
16 18
17 15
15 14
14 16
15 13
13 12
12 14
13 11
11 10
10 12
11 9
9 8
8 10
9 7
7 6
6 8
7 5
5 4
4 6
5 3
3 2
2 4
3 1
1 0
0 2
1 26
27 0
122
4 -39 41 -1 42
4 -38 43 -2 -41
4 -37 44 -3 -43
4 -36 45 -4 -44
4 -35 46 -5 -45
4 -34 47 -6 -46
4 -33 48 -7 -47
4 -32 49 -8 -48
4 -31 50 -9 -49
4 91 -19 92 -51
4 -52 -92 -18 93
4 -93 -17 94 -53
4 -94 -16 95 -54
4 96 -55 -95 -15
4 97 -56 -96 -14
4 -97 -13 98 -57
4 -98 -12 99 -58
4 -11 100 -59 -99
4 101 -60 -100 -10
4 102 -20 -91 -70
4 103 -40 104 -90
4 -89 105 -21 -103
4 -88 106 -22 -105
4 -87 107 -23 -106
4 -86 108 -24 -107
4 -85 109 -25 -108
4 -84 110 -26 -109
4 -83 111 -27 -110
4 -82 112 -28 -111
4 -81 113 -29 -112
4 -113 -80 114 -30
4 115 116 117 118
4 135 -119 136 137
4 138 -120 -135 139
4 140 -121 -138 141
4 142 -122 -140 143
4 144 -123 -142 145
4 146 -124 -144 147
4 148 -125 -146 149
4 150 -126 -148 151
4 152 -127 -150 153
4 154 -128 -152 155
4 156 -129 -154 157
4 158 -130 -156 159
4 160 -131 -158 161
4 162 -132 -160 163
4 164 -133 -162 165
4 -136 -134 -164 166
4 183 -167 184 185
4 186 -168 -183 187
4 188 -169 -186 189
4 190 -170 -188 191
4 192 -171 -190 193
4 194 -172 -192 195
4 196 -173 -194 197
4 198 -174 -196 199
4 200 -175 -198 201
4 202 -176 -200 203
4 204 -177 -202 205
4 206 -178 -204 207
4 208 -179 -206 209
4 210 -180 -208 211
4 212 -181 -210 213
4 -184 -182 -212 214
4 231 -215 232 233
4 234 -216 -231 235
4 236 -217 -234 237
4 238 -218 -236 239
4 240 -219 -238 241
4 242 -220 -240 243
4 244 -221 -242 245
4 246 -222 -244 247
4 248 -223 -246 249
4 250 -224 -248 251
4 252 -225 -250 253
4 254 -226 -252 255
4 256 -227 -254 257
4 258 -228 -256 259
4 260 -229 -258 261
4 -232 -230 -260 262
4 279 -263 280 281
4 282 -264 -279 283
4 284 -265 -282 285
4 286 -266 -284 287
4 288 -267 -286 289
4 290 -268 -288 291
4 292 -269 -290 293
4 294 -270 -292 295
4 296 -271 -294 297
4 298 -272 -296 299
4 300 -273 -298 301
4 302 -274 -300 303
4 304 -275 -302 305
4 306 -276 -304 307
4 308 -277 -306 309
4 -280 -278 -308 310
4 311 312 313 314
4 -313 315 316 317
4 -316 318 319 320
4 -319 321 322 323
4 -322 324 325 326
4 -325 327 328 329
4 -328 330 331 332
4 -331 333 334 335
4 -334 336 337 338
4 -337 339 340 341
4 -340 342 343 344
4 -343 345 346 347
4 -346 348 349 350
4 -349 351 -311 352
20 1 2 3 4 5 6 7 8 9 10 11 12 13 14 15 16
   17 18 19 20
20 21 22 23 24 25 26 27 28 29 30 31 32 33 34 35 36
   37 38 39 40
20 51 52 53 54 55 56 57 58 59 60 61 62 63 64 65 66
   67 68 69 70
20 71 72 73 74 75 76 77 78 79 80 81 82 83 84 85 86
   87 88 89 90
16 119 120 121 122 123 124 125 126 127 128 129 130 131 132 133 134
16 -165 -163 -161 -159 -157 -155 -153 -151 -149 -147 -145 -143 -141 -139 -137 -166
16 167 168 169 170 171 172 173 174 175 176 177 178 179 180 181 182
16 -213 -211 -209 -207 -205 -203 -201 -199 -197 -195 -193 -191 -189 -187 -185 -214
16 215 216 217 218 219 220 221 222 223 224 225 226 227 228 229 230
16 -261 -259 -257 -255 -253 -251 -249 -247 -245 -243 -241 -239 -237 -235 -233 -262
16 263 264 265 266 267 268 269 270 271 272 273 274 275 276 277 278
14 -314 -317 -320 -323 -326 -329 -332 -335 -338 -341 -344 -347 -350 -352
0
0
5
*
214
396.014923 -30.994751 -1273.043457
396.014923 -40.138748 -1207.072266
396.014923 -66.177750 -1151.145020
396.014923 -105.147766 -1113.776367
396.014923 -151.115753 -1100.654297
396.014923 -237.555756 -1100.654297
396.014923 -283.523743 -1113.776367
396.014923 -322.493744 -1151.145020
396.014923 -348.532745 -1207.072266
396.014923 -357.675781 -1273.043457
396.014923 -335.312775 -1668.180176
396.014923 -330.487732 -1708.514160
396.014923 -159.990753 -1708.514160
396.014923 -101.703766 -1627.625977
188.816925 -109.090759 -1100.654297
188.816925 -80.019760 -1144.161133
188.816925 -36.512756 -1173.231934
188.816925 14.808243 -1183.440430
188.816925 111.312248 -1183.440430
188.816925 162.632248 -1173.231934
188.816925 206.139252 -1144.161133
188.816925 235.210236 -1100.654297
339.152924 235.210236 -1100.654297
339.152924 206.139252 -1144.161133
339.152924 162.632248 -1173.231934
339.152924 111.312248 -1183.440430
339.152924 14.808243 -1183.440430
339.152924 -36.512756 -1173.231934
339.152924 -80.019760 -1144.161133
339.152924 -109.090759 -1100.654297
188.816925 235.210236 -690.623535
339.152924 235.210236 -690.623535
188.816925 206.139252 -647.116211
339.152924 206.139252 -647.116211
188.816925 162.632248 -618.045410
339.152924 162.632248 -618.045410
188.816925 111.312248 -607.837402
339.152924 111.312248 -607.837402
188.816925 14.808243 -607.837402
339.152924 14.808243 -607.837402
188.816925 -36.512756 -618.045410
339.152924 -36.512756 -618.045410
188.816925 -80.019760 -647.116211
339.152924 -80.019760 -647.116211
188.816925 -109.090759 -690.623535
339.152924 -109.090759 -690.623535
188.816925 -119.298767 -741.944336
339.152924 -119.298767 -741.944336
339.152924 -119.298767 -1049.333008
188.816925 -119.298767 -1049.333008
188.816925 245.418243 -1049.333008
339.152924 245.418243 -1049.333008
339.152924 245.418243 -741.944336
188.816925 245.418243 -741.944336
383.051910 267.696259 -1068.109863
383.051910 256.241241 -1125.700195
383.051910 223.619247 -1174.521973
383.051910 174.796249 -1207.144531
383.051910 117.206245 -1218.600586
383.051910 8.913254 -1218.600586
383.051910 -48.676758 -1207.144531
383.051910 -97.499756 -1174.521973
383.051910 -130.121765 -1125.700195
383.051910 -141.576752 -1068.109863
383.051910 -141.576752 -723.166992
383.051910 -130.121765 -665.577148
383.051910 -97.499756 -616.754883
383.051910 -48.676758 -584.133301
383.051910 8.913254 -572.677246
383.051910 117.206245 -572.677246
383.051910 174.796249 -584.133301
383.051910 223.619247 -616.754883
383.051910 256.241241 -665.577148
383.051910 267.696259 -723.166992
339.152924 267.696259 -723.166992
339.152924 256.241241 -665.577148
339.152924 223.619247 -616.754883
339.152924 174.796249 -584.133301
339.152924 117.206245 -572.677246
339.152924 8.913254 -572.677246
339.152924 -48.676758 -584.133301
339.152924 -97.499756 -616.754883
339.152924 -130.121765 -665.577148
339.152924 -141.576752 -723.166992
339.152924 -141.576752 -1068.109863
339.152924 -130.121765 -1125.700195
339.152924 -97.499756 -1174.521973
339.152924 -48.676758 -1207.144531
339.152924 8.913254 -1218.600586
339.152924 117.206245 -1218.600586
339.152924 174.796249 -1207.144531
339.152924 223.619247 -1174.521973
339.152924 256.241241 -1125.700195
339.152924 267.696259 -1068.109863
823.460938 245.418243 -1049.333008
823.460938 235.210236 -1100.654297
823.460938 206.139252 -1144.161133
823.460938 162.632248 -1173.231934
823.460938 111.312248 -1183.440430
823.460938 14.808243 -1183.440430
823.460938 -36.512756 -1173.231934
823.460938 -80.019760 -1144.161133
823.460938 -109.090759 -1100.654297
823.460938 -119.298767 -1049.333008
823.460938 -119.298767 -741.944336
823.460938 -109.090759 -690.623535
823.460938 -80.019760 -647.116211
823.460938 -36.512756 -618.045410
823.460938 14.808243 -607.837402
823.460938 111.312248 -607.837402
823.460938 162.632248 -618.045410
823.460938 206.139252 -647.116211
823.460938 235.210236 -690.623535
823.460938 245.418243 -741.944336
383.051910 245.418243 -741.944336
383.051910 235.210236 -690.623535
383.051910 206.139252 -647.116211
383.051910 162.632248 -618.045410
383.051910 111.312248 -607.837402
383.051910 14.808243 -607.837402
383.051910 -36.512756 -618.045410
383.051910 -80.019760 -647.116211
383.051910 -109.090759 -690.623535
383.051910 -119.298767 -741.944336
383.051910 -119.298767 -1049.333008
383.051910 -109.090759 -1100.654297
383.051910 -80.019760 -1144.161133
383.051910 -36.512756 -1173.231934
383.051910 14.808243 -1183.440430
383.051910 111.312248 -1183.440430
383.051910 162.632248 -1173.231934
383.051910 206.139252 -1144.161133
383.051910 235.210236 -1100.654297
383.051910 245.418243 -1049.333008
867.359924 267.696259 -1068.109863
867.359924 256.241241 -1125.700195
867.359924 223.619247 -1174.521973
867.359924 174.796249 -1207.144531
867.359924 117.206245 -1218.600586
867.359924 8.913254 -1218.600586
867.359924 -48.676758 -1207.144531
867.359924 -97.499756 -1174.521973
867.359924 -130.121765 -1125.700195
867.359924 -141.576752 -1068.109863
867.359924 -141.576752 -723.166992
867.359924 -130.121765 -665.577148
867.359924 -97.499756 -616.754883
867.359924 -48.676758 -584.133301
867.359924 8.913254 -572.677246
867.359924 117.206245 -572.677246
867.359924 174.796249 -584.133301
867.359924 223.619247 -616.754883
867.359924 256.241241 -665.577148
867.359924 267.696259 -723.166992
823.460938 267.696259 -723.166992
823.460938 256.241241 -665.577148
823.460938 223.619247 -616.754883
823.460938 174.796249 -584.133301
823.460938 117.206245 -572.677246
823.460938 8.913254 -572.677246
823.460938 -48.676758 -584.133301
823.460938 -97.499756 -616.754883
823.460938 -130.121765 -665.577148
823.460938 -141.576752 -723.166992
823.460938 -141.576752 -1068.109863
823.460938 -130.121765 -1125.700195
823.460938 -97.499756 -1174.521973
823.460938 -48.676758 -1207.144531
823.460938 8.913254 -1218.600586
823.460938 117.206245 -1218.600586
823.460938 174.796249 -1207.144531
823.460938 223.619247 -1174.521973
823.460938 256.241241 -1125.700195
823.460938 267.696259 -1068.109863
867.470947 235.210236 -690.623535
1017.806885 235.210236 -690.623535
867.470947 206.139252 -647.116211
1017.806885 206.139252 -647.116211
867.470947 162.632248 -618.045410
1017.806885 162.632248 -618.045410
867.470947 111.312248 -607.837402
1017.806885 111.312248 -607.837402
867.470947 14.808243 -607.837402
1017.806885 14.808243 -607.837402
867.470947 -36.512756 -618.045410
1017.806885 -36.512756 -618.045410
867.470947 -80.019760 -647.116211
1017.806885 -80.019760 -647.116211
867.470947 -109.090759 -690.623535
1017.806885 -109.090759 -690.623535
867.470947 -119.298767 -741.944336
1017.806885 -119.298767 -741.944336
867.470947 -119.298767 -1049.333008
1017.806885 -119.298767 -1049.333008
867.470947 -109.090759 -1100.654297
1017.806885 -109.090759 -1100.654297
867.470947 -80.019760 -1144.161133
1017.806885 -80.019760 -1144.161133
867.470947 -36.512756 -1173.231934
1017.806885 -36.512756 -1173.231934
867.470947 14.808243 -1183.440430
1017.806885 14.808243 -1183.440430
867.470947 111.312248 -1183.440430
1017.806885 111.312248 -1183.440430
867.470947 162.632248 -1173.231934
1017.806885 162.632248 -1173.231934
867.470947 206.139252 -1144.161133
1017.806885 206.139252 -1144.161133
867.470947 235.210236 -1100.654297
1017.806885 235.210236 -1100.654297
867.470947 245.418243 -1049.333008
1017.806885 245.418243 -1049.333008
1017.806885 245.418243 -741.944336
867.470947 245.418243 -741.944336
0
314
213 212
212 211
211 210
210 213
211 209
209 208
208 210
209 207
207 206
206 208
207 205
205 204
204 206
205 203
203 202
202 204
203 201
201 200
200 202
201 199
199 198
198 200
199 197
197 196
196 198
197 195
195 194
194 196
195 193
193 192
192 194
193 191
191 190
190 192
191 189
189 188
188 190
189 187
187 186
186 188
187 185
185 184
184 186
185 183
183 182
182 184
183 181
181 180
180 182
181 179
179 178
178 180
179 177
177 176
176 178
177 175
175 174
174 176
175 212
213 174
173 172
172 171
171 170
170 169
169 168
168 167
167 166
166 165
165 164
164 163
163 162
162 161
161 160
160 159
159 158
158 157
157 156
156 155
155 154
154 173
153 154
155 152
152 153
156 151
151 152
157 150
150 151
158 149
149 150
159 148
148 149
160 147
147 148
161 146
146 147
162 145
145 146
163 144
144 145
164 143
143 144
165 142
142 143
166 141
141 142
167 140
140 141
168 139
139 140
169 138
138 139
170 137
137 138
171 136
136 137
172 135
135 136
173 134
134 135
153 134
133 132
132 131
131 130
130 129
129 128
128 127
127 126
126 125
125 124
124 123
123 122
122 121
121 120
120 119
119 118
118 117
117 116
116 115
115 114
114 133
113 114
115 112
112 113
116 111
111 112
117 110
110 111
118 109
109 110
119 108
108 109
120 107
107 108
121 106
106 107
122 105
105 106
123 104
104 105
124 103
103 104
125 102
102 103
126 101
101 102
127 100
100 101
128 99
99 100
129 98
98 99
130 97
97 98
131 96
96 97
132 95
95 96
133 94
94 95
113 94
93 92
92 91
91 90
90 89
89 88
88 87
87 86
86 85
85 84
84 83
83 82
82 81
81 80
80 79
79 78
78 77
77 76
76 75
75 74
74 93
73 74
75 72
72 73
76 71
71 72
77 70
70 71
78 69
69 70
79 68
68 69
80 67
67 68
81 66
66 67
82 65
65 66
83 64
64 65
84 63
63 64
85 62
62 63
86 61
61 62
87 60
60 61
88 59
59 60
89 58
58 59
90 57
57 58
91 56
56 57
92 55
55 56
93 54
54 55
73 54
53 52
52 51
51 50
50 53
49 48
48 47
47 46
46 49
47 45
45 44
44 46
45 43
43 42
42 44
43 41
41 40
40 42
41 39
39 38
38 40
39 37
37 36
36 38
37 35
35 34
34 36
35 33
33 32
32 34
33 31
31 30
30 32
31 52
53 30
48 29
29 28
28 27
27 26
26 25
25 24
24 23
23 22
22 51
22 21
21 50
23 20
20 21
24 19
19 20
25 18
18 19
26 17
17 18
27 16
16 17
28 15
15 16
29 14
14 15
49 14
13 12
12 11
11 10
10 9
9 8
8 7
7 6
6 5
5 4
4 3
3 2
2 1
1 0
0 13
109
4 1 2 3 4
4 -3 5 6 7
4 -6 8 9 10
4 -9 11 12 13
4 -12 14 15 16
4 -15 17 18 19
4 -18 20 21 22
4 -21 23 24 25
4 -24 26 27 28
4 -27 29 30 31
4 -30 32 33 34
4 -33 35 36 37
4 -36 38 39 40
4 -39 41 42 43
4 -42 44 45 46
4 -45 47 48 49
4 -48 50 51 52
4 -51 53 54 55
4 -54 56 57 58
4 -57 59 -1 60
4 81 -79 82 83
4 -82 -78 84 85
4 -84 -77 86 87
4 -86 -76 88 89
4 -88 -75 90 91
4 -90 -74 92 93
4 -92 -73 94 95
4 -94 -72 96 97
4 -96 -71 98 99
4 -98 -70 100 101
4 -100 -69 102 103
4 -102 -68 104 105
4 -104 -67 106 107
4 -106 -66 108 109
4 -108 -65 110 111
4 -110 -64 112 113
4 -112 -63 114 115
4 -114 -62 116 117
4 -116 -61 118 119
4 -118 -80 -81 120
4 141 -139 142 143
4 -142 -138 144 145
4 -144 -137 146 147
4 -146 -136 148 149
4 -148 -135 150 151
4 -150 -134 152 153
4 -152 -133 154 155
4 -154 -132 156 157
4 -156 -131 158 159
4 -158 -130 160 161
4 -160 -129 162 163
4 -162 -128 164 165
4 -164 -127 166 167
4 -166 -126 168 169
4 -168 -125 170 171
4 -170 -124 172 173
4 -172 -123 174 175
4 -174 -122 176 177
4 -176 -121 178 179
4 -178 -140 -141 180
4 201 -199 202 203
4 -202 -198 204 205
4 -204 -197 206 207
4 -206 -196 208 209
4 -208 -195 210 211
4 -210 -194 212 213
4 -212 -193 214 215
4 -214 -192 216 217
4 -216 -191 218 219
4 -218 -190 220 221
4 -220 -189 222 223
4 -222 -188 224 225
4 -224 -187 226 227
4 -226 -186 228 229
4 -228 -185 230 231
4 -230 -184 232 233
4 -232 -183 234 235
4 -234 -182 236 237
4 -236 -181 238 239
4 -238 -200 -201 240
4 241 242 243 244
4 245 246 247 248
4 -247 249 250 251
4 -250 252 253 254
4 -253 255 256 257
4 -256 258 259 260
4 -259 261 262 263
4 -262 264 265 266
4 -265 267 268 269
4 -268 270 271 272
4 -271 273 -241 274
4 -243 -283 284 285
4 -284 -282 286 287
4 -286 -281 288 289
4 -288 -280 290 291
4 -290 -279 292 293
4 -292 -278 294 295
4 -294 -277 296 297
4 -296 -276 298 299
4 -298 -275 -245 300
20 -59 -56 -53 -50 -47 -44 -41 -38 -35 -32 -29 -26 -23 -20 -17 -14
   -11 -8 -5 -2
20 61 62 63 64 65 66 67 68 69 70 71 72 73 74 75 76
   77 78 79 80
20 -83 -85 -87 -89 -91 -93 -95 -97 -99 -101 -103 -105 -107 -109 -111 -113
   -115 -117 -119 -120
20 121 122 123 124 125 126 127 128 129 130 131 132 133 134 135 136
   137 138 139 140
20 181 182 183 184 185 186 187 188 189 190 191 192 193 194 195 196
   197 198 199 200
20 -203 -205 -207 -209 -211 -213 -215 -217 -219 -221 -223 -225 -227 -229 -231 -233
   -235 -237 -239 -240
20 -273 -270 -267 -264 -261 -258 -255 -252 -249 -246 275 276 277 278 279 280
   281 282 283 -242
20 -285 -287 -289 -291 -293 -295 -297 -299 -300 -248 -251 -254 -257 -260 -263 -266
   -269 -272 -274 -244
14 301 302 303 304 305 306 307 308 309 310 311 312 313 314
0
0
