12
0
0
0
3
30
*
32
657.880249 -370.683350 -4052.019043
519.377258 -370.683350 -4052.019043
519.377258 -100.220329 -4052.019043
657.880249 -100.220329 -4052.019043
657.880249 -100.220329 -4023.003906
657.880249 -370.683350 -4023.003906
519.377258 -370.683350 -4023.003906
519.377258 -100.220329 -4023.003906
639.021240 -137.046326 -4052.019043
639.021240 -333.857330 -4052.019043
639.021240 -333.857330 -4238.070313
639.021240 -327.683350 -4290.307617
639.021240 -310.100342 -4334.592773
639.021240 -283.786316 -4364.182617
639.021240 -252.746338 -4374.574219
639.021240 -218.158325 -4374.574219
639.021240 -187.118332 -4364.182617
639.021240 -160.803329 -4334.592773
639.021240 -143.220337 -4290.307617
639.021240 -137.046326 -4238.070313
538.235229 -137.046326 -4238.070313
538.235229 -137.046326 -4052.019043
538.235229 -143.220337 -4290.307617
538.235229 -160.803329 -4334.592773
538.235229 -187.118332 -4364.182617
538.235229 -218.158325 -4374.574219
538.235229 -252.746338 -4374.574219
538.235229 -283.786316 -4364.182617
538.235229 -310.100342 -4334.592773
538.235229 -327.683350 -4290.307617
538.235229 -333.857330 -4238.070313
538.235229 -333.857330 -4052.019043
0
48
31 21
31 30
9 31
30 29
10 30
29 28
11 29
28 27
12 28
27 26
13 27
26 25
14 26
25 24
15 25
24 23
16 24
23 22
17 23
22 20
18 22
21 8
20 21
19 20
19 8
18 19
17 18
16 17
15 16
14 15
13 14
12 13
11 12
10 11
9 10
8 9
7 4
7 2
6 7
6 1
5 6
5 0
4 5
3 4
3 0
2 3
1 2
0 1
19
4 48 47 46 45
4 44 43 42 -45
4 -42 41 40 -48
4 -40 39 38 -47
4 -38 37 -44 -46
12 36 35 34 33 32 31 30 29 28 27 26 25
4 24 23 22 -25
4 21 20 -24 -26
4 19 18 -21 -27
4 17 16 -19 -28
4 15 14 -17 -29
4 13 12 -15 -30
4 11 10 -13 -31
4 9 8 -11 -32
4 7 6 -9 -33
4 5 4 -7 -34
4 3 2 -5 -35
4 -37 -39 -41 -43
12 -20 -18 -16 -14 -12 -10 -8 -6 -4 -2 1 -23
0
0
21
*
76
631.733215 -252.574341 -4420.994141
631.733215 -284.784332 -4418.993164
631.733215 -287.517334 -4554.979004
631.733215 -232.924332 -4403.173828
631.733215 -239.680328 -4376.141113
631.733215 -252.746338 -4374.574219
631.733215 -291.354340 -4594.161133
631.733215 -264.678345 -4603.266602
631.733215 -293.160339 -4612.611816
631.733215 -249.817322 -4526.685547
631.733215 -303.724335 -4578.037109
631.733215 -283.786316 -4364.182617
631.733215 -291.538330 -4359.631836
631.733215 -298.826324 -4377.580078
600.487244 -283.786316 -4364.182617
600.487244 -291.538330 -4359.631836
600.487244 -252.746338 -4374.574219
600.487244 -239.680328 -4376.141113
600.487244 -232.924332 -4403.173828
600.487244 -252.574341 -4420.994141
600.487244 -249.817322 -4526.685547
600.487244 -264.678345 -4603.266602
600.487244 -293.160339 -4612.611816
600.487244 -291.354340 -4594.161133
600.487244 -303.724335 -4578.037109
600.487244 -287.517334 -4554.979004
600.487244 -284.784332 -4418.993164
600.487244 -298.826324 -4377.580078
592.451233 -206.069336 -4428.473633
592.451233 -157.650330 -4425.193848
592.451233 -181.656326 -4500.340820
592.451233 -227.532318 -4424.745117
592.451233 -239.680328 -4376.141113
592.451233 -184.002335 -4367.479004
592.451233 -135.014328 -4489.919922
592.451233 -121.668327 -4581.184082
592.451233 -179.375336 -4637.740234
592.451233 -119.058334 -4670.220703
592.451233 -204.811325 -4690.821777
592.451233 -137.669327 -4744.553711
592.451233 -177.124329 -4776.048828
592.451233 -244.130325 -4709.997070
592.451233 -228.752335 -4786.189941
592.451233 -296.107330 -4769.698242
592.451233 -281.352325 -4691.962891
592.451233 -297.096313 -4652.798828
592.451233 -331.307312 -4719.886719
592.451233 -339.832336 -4657.783203
592.451233 -326.779358 -4558.257813
592.451233 -303.724335 -4578.037109
592.451233 -314.252319 -4551.214844
592.451233 -291.354340 -4594.161133
639.021240 -239.680328 -4376.141113
639.021240 -227.532318 -4424.745117
639.021240 -206.069336 -4428.473633
639.021240 -181.656326 -4500.340820
639.021240 -179.375336 -4637.740234
639.021240 -204.811325 -4690.821777
639.021240 -244.130325 -4709.997070
639.021240 -281.352325 -4691.962891
639.021240 -297.096313 -4652.798828
639.021240 -291.354340 -4594.161133
639.021240 -303.724335 -4578.037109
639.021240 -314.252319 -4551.214844
639.021240 -326.779358 -4558.257813
639.021240 -339.832336 -4657.783203
639.021240 -331.307312 -4719.886719
639.021240 -296.107330 -4769.698242
639.021240 -228.752335 -4786.189941
639.021240 -177.124329 -4776.048828
639.021240 -137.669327 -4744.553711
639.021240 -119.058334 -4670.220703
639.021240 -121.668327 -4581.184082
639.021240 -135.014328 -4489.919922
639.021240 -157.650330 -4425.193848
639.021240 -184.002335 -4367.479004
0
178
52 54
52 74
74 54
74 55
73 55
55 72
55 70
71 55
70 56
70 57
70 68
57 67
68 57
58 66
67 58
64 66
62 66
60 62
64 62
66 59
60 66
52 75
75 74
33 75
74 73
29 74
73 72
34 73
72 71
35 72
71 70
37 71
70 69
39 70
69 68
40 69
68 67
42 68
67 66
43 67
66 65
46 66
65 64
47 65
64 63
48 64
63 62
50 63
62 61
49 62
61 60
51 61
60 59
45 60
59 58
44 59
58 57
41 58
57 56
38 57
56 55
36 56
55 54
30 55
54 53
28 54
53 52
31 53
52 32
51 45
49 51
50 49
48 50
49 45
48 49
48 45
47 48
47 45
47 43
46 47
43 46
45 44
43 45
44 41
43 44
43 41
43 40
42 43
40 42
41 38
40 41
40 38
40 37
39 40
37 39
38 36
38 35
37 38
35 37
36 30
35 36
29 34
35 30
34 35
30 34
33 29
32 33
32 29
32 28
31 32
28 31
30 28
29 30
28 29
14 27
18 16
21 23
23 20
16 19
23 25
19 23
25 19
26 14
16 25
26 16
15 27
27 26
13 27
26 25
1 26
25 24
2 25
24 23
10 24
23 22
6 23
22 21
8 22
21 20
7 21
20 19
9 20
19 18
0 19
18 17
3 18
17 16
4 17
16 14
5 16
15 12
14 15
11 14
13 1
13 11
12 13
11 12
11 1
5 11
10 6
2 10
9 0
7 9
9 6
8 7
6 8
7 6
6 0
2 6
5 1
4 5
4 1
4 0
3 4
0 3
2 0
1 2
0 1
106
3 178 177 176
3 175 174 173
3 -173 172 -178
3 -172 171 170
3 169 168 -176
3 167 166 165
3 164 -167 163
3 -168 -164 162
3 161 160 -169
3 159 158 -170
3 157 156 155
3 -155 154 -158
4 153 152 151 -157
4 150 149 -153 -159
4 148 147 -150 -171
4 146 145 -148 -174
4 144 143 -146 -175
4 142 141 -144 -162
4 140 139 -142 -163
4 138 137 -140 -165
4 136 135 -138 -166
4 134 133 -136 -160
4 132 131 -134 -161
4 130 129 -132 -177
4 128 127 -130 -154
4 -151 126 -128 -156
3 125 124 -129
3 123 -149 -125
3 122 121 120
3 119 -122 -124
3 -133 -131 -120
3 118 -139 117
3 -141 -118 -121
3 -117 -137 -135
3 -147 -145 116
3 -116 -143 -119
3 115 -126 -152
3 -127 -115 -123
3 114 113 112
3 111 110 109
3 -109 108 -114
3 -108 107 106
3 105 104 103
3 102 -105 -113
3 -103 101 100
3 99 98 97
3 -97 96 -101
3 95 94 93
3 -93 92 -98
3 -92 91 90
3 89 88 87
3 -87 86 -91
3 -86 85 84
3 83 82 -85
3 81 80 79
3 -79 78 -83
3 -78 77 76
3 -76 75 74
3 -75 73 72
3 71 70 -74
4 69 -110 68 67
4 -68 -111 66 65
4 -66 -112 64 63
4 -64 -100 62 61
4 -62 -96 60 59
4 -60 -90 58 57
4 -58 -84 56 55
4 -56 -82 54 53
4 -54 -70 52 51
4 -52 -71 50 49
4 -50 -72 48 47
4 -48 -73 46 45
4 -46 -77 44 43
4 -44 -80 42 41
4 -42 -81 40 39
4 -40 -88 38 37
4 -38 -89 36 35
4 -36 -94 34 33
4 -34 -95 32 31
4 -32 -99 30 29
4 -30 -104 28 27
4 -28 -102 26 25
4 -26 -106 24 23
4 -24 -107 -69 22
3 21 20 -53
3 19 -47 -45
3 18 17 -21
3 -17 -19 16
3 -16 -43 -41
3 -51 -49 -18
3 -39 15 14
3 -14 -55 -20
3 -37 13 12
3 -12 -57 -15
3 -35 -33 11
3 -11 10 -13
3 -10 9 -59
3 -31 8 7
3 -7 -61 -9
3 6 -27 5
3 -29 -6 -8
3 -5 -25 4
3 -4 3 -63
3 -23 -22 2
3 -2 1 -3
3 -1 -67 -65
0
0
6
*
64
601.083252 -181.767334 -4023.003906
601.083252 -181.767334 -1523.918945
601.186218 -178.157333 -4023.003906
601.186218 -178.157333 -1523.918945
599.901245 -174.783325 -4023.003906
599.901245 -174.783325 -1523.918945
597.421265 -172.157333 -4023.003906
597.421265 -172.157333 -1523.918945
594.126221 -170.680328 -4023.003906
594.126221 -170.680328 -1523.918945
590.516235 -170.577332 -4023.003906
590.516235 -170.577332 -1523.918945
587.142212 -171.862335 -4023.003906
587.142212 -171.862335 -1523.918945
584.516235 -174.342331 -4023.003906
584.516235 -174.342331 -1523.918945
583.039246 -177.637329 -4023.003906
583.039246 -177.637329 -1523.918945
582.936218 -181.247330 -4023.003906
582.936218 -181.247330 -1523.918945
584.221252 -184.621323 -4023.003906
584.221252 -184.621323 -1523.918945
586.701233 -187.247330 -4023.003906
586.701233 -187.247330 -1523.918945
589.996216 -188.724335 -4023.003906
589.996216 -188.724335 -1523.918945
593.606201 -188.828323 -4023.003906
593.606201 -188.828323 -1523.918945
596.980225 -187.542328 -4023.003906
596.980225 -187.542328 -1523.918945
599.606262 -185.063324 -1523.918945
599.606262 -185.063324 -4023.003906
596.980225 -304.620331 -1523.918945
596.980225 -304.620331 -4023.003906
593.606201 -305.905334 -1523.918945
593.606201 -305.905334 -4023.003906
589.996216 -305.802338 -1523.918945
589.996216 -305.802338 -4023.003906
586.701233 -304.325317 -1523.918945
586.701233 -304.325317 -4023.003906
584.221252 -301.699341 -1523.918945
584.221252 -301.699341 -4023.003906
582.936218 -298.325317 -1523.918945
582.936218 -298.325317 -4023.003906
583.039246 -294.715332 -1523.918945
583.039246 -294.715332 -4023.003906
584.516235 -291.420319 -1523.918945
584.516235 -291.420319 -4023.003906
587.142212 -288.940308 -1523.918945
587.142212 -288.940308 -4023.003906
590.516235 -287.655334 -1523.918945
590.516235 -287.655334 -4023.003906
594.126221 -287.758331 -1523.918945
594.126221 -287.758331 -4023.003906
597.421265 -289.235321 -1523.918945
597.421265 -289.235321 -4023.003906
599.901245 -291.861328 -1523.918945
599.901245 -291.861328 -4023.003906
601.186218 -295.235321 -1523.918945
601.186218 -295.235321 -4023.003906
599.606262 -302.140320 -4023.003906
599.606262 -302.140320 -1523.918945
601.083252 -298.845337 -1523.918945
601.083252 -298.845337 -4023.003906
0
96
63 62
62 61
61 60
60 63
59 58
58 62
63 59
57 56
56 58
59 57
55 54
54 56
57 55
53 52
52 54
55 53
51 50
50 52
53 51
49 48
48 50
51 49
47 46
46 48
49 47
45 44
44 46
47 45
43 42
42 44
45 43
41 40
40 42
43 41
39 38
38 40
41 39
37 36
36 38
39 37
35 34
34 36
37 35
33 32
32 34
35 33
61 32
33 60
31 30
30 29
29 28
28 31
29 27
27 26
26 28
27 25
25 24
24 26
25 23
23 22
22 24
23 21
21 20
20 22
21 19
19 18
18 20
19 17
17 16
16 18
17 15
15 14
14 16
15 13
13 12
12 14
13 11
11 10
10 12
11 9
9 8
8 10
9 7
7 6
6 8
7 5
5 4
4 6
5 3
3 2
2 4
3 1
1 0
0 2
1 30
31 0
32
4 1 2 3 4
4 5 6 -1 7
4 8 9 -5 10
4 11 12 -8 13
4 14 15 -11 16
4 17 18 -14 19
4 20 21 -17 22
4 23 24 -20 25
4 26 27 -23 28
4 29 30 -26 31
4 32 33 -29 34
4 35 36 -32 37
4 38 39 -35 40
4 41 42 -38 43
4 44 45 -41 46
4 -3 47 -44 48
4 49 50 51 52
4 -51 53 54 55
4 -54 56 57 58
4 -57 59 60 61
4 -60 62 63 64
4 -63 65 66 67
4 -66 68 69 70
4 -69 71 72 73
4 -72 74 75 76
4 -75 77 78 79
4 -78 80 81 82
4 -81 83 84 85
4 -84 86 87 88
4 -87 89 90 91
4 -90 92 93 94
4 -93 95 -49 96
0
0
