12
2
0.000000 1.000000 0.000000
-1.000000 0.000000 0.000000
0.000000 0.000000 1.000000
0.000000 0.000000 -3.453491
0.000000 1.000000 0.000000
-1.000000 0.000000 0.000000
0.000000 0.000000 1.000000
0.000000 0.000000 -3.453491
0
0
14
-2
*
8
-0.005000 -0.005000 -0.005000
0.005000 -0.005000 -0.005000
0.005000 0.005000 -0.005000
-0.005000 0.005000 -0.005000
-0.005000 -0.005000 0.005000
-0.005000 0.005000 0.005000
0.005000 0.005000 0.005000
0.005000 -0.005000 0.005000
0
12
7 1
6 2
5 3
0 4
5 4
6 5
7 6
4 7
0 3
3 2
2 1
1 0
6
4 9 10 11 12
4 8 7 6 5
4 -9 4 -5 3
4 -10 -3 -6 2
4 -11 -2 -7 1
4 -12 -1 -8 -4
0
0
-2
*
8
-0.005000 -0.005000 -608.177795
0.005000 -0.005000 -608.177795
0.005000 0.005000 -608.177795
-0.005000 0.005000 -608.177795
-0.005000 -0.005000 -608.167786
-0.005000 0.005000 -608.167786
0.005000 0.005000 -608.167786
0.005000 -0.005000 -608.167786
0
12
7 1
6 2
5 3
0 4
5 4
6 5
7 6
4 7
0 3
3 2
2 1
1 0
6
4 9 10 11 12
4 8 7 6 5
4 -9 4 -5 3
4 -10 -3 -6 2
4 -11 -2 -7 1
4 -12 -1 -8 -4
0
0
13
*
8
-1445.411865 3029.629883 1472.874512
-1445.411865 3029.629883 -3.453491
1445.411987 3029.629883 1472.874512
1445.411987 3029.629883 -3.453491
-1445.411865 -2529.629883 -3.453491
-1445.411865 -2529.629883 1472.874512
1445.411987 -2529.629883 1472.874512
1445.411987 -2529.629883 -3.453491
0
12
7 6
6 5
5 4
4 7
3 2
2 6
7 3
1 0
0 2
3 1
5 0
1 4
5
4 -10 -7 -4 -12
4 -3 11 -8 12
4 8 9 -5 10
4 5 6 -1 7
4 1 2 3 4
0
0
13
*
4
-1445.411865 -2529.629883 1472.874512
1445.411987 -2529.629883 1472.874512
1445.411987 3029.629883 1472.874512
-1445.411865 3029.629883 1472.874512
0
4
3 0
2 3
1 2
0 1
1
4 4 3 2 1
0
0
6
*
24
152.500000 38.971142 -11.628784
152.500000 38.971142 -4211.628906
136.028854 22.499998 -11.628784
136.028854 22.500000 -4211.628906
130.000000 -0.000000 -11.628784
130.000000 -0.000000 -4211.628906
136.028854 -22.500002 -11.628784
136.028854 -22.500000 -4211.628906
152.500000 -38.971142 -11.628784
152.500000 -38.971142 -4211.628906
175.000000 -45.000000 -11.628784
175.000000 -45.000000 -4211.628906
197.500000 -38.971142 -11.628784
197.500000 -38.971142 -4211.628906
213.971146 -22.499996 -11.628784
213.971146 -22.500000 -4211.628906
220.000000 -0.000000 -11.628784
220.000000 -0.000000 -4211.628906
213.971146 22.499996 -11.628784
213.971146 22.500000 -4211.628906
197.500000 38.971138 -11.628784
197.500000 38.971142 -4211.628906
175.000000 45.000000 -11.628784
175.000000 45.000000 -4211.628906
0
36
23 1
1 0
0 22
22 23
1 3
3 2
2 0
3 5
5 4
4 2
5 7
7 6
6 4
7 9
9 8
8 6
9 11
11 10
10 8
11 13
13 12
12 10
13 15
15 14
14 12
15 17
17 16
16 14
17 19
19 18
18 16
19 21
21 20
20 18
21 23
22 20
14
4 35 -4 36 -33
4 32 33 34 -30
4 29 30 31 -27
4 26 27 28 -24
4 23 24 25 -21
4 20 21 22 -18
4 17 18 19 -15
4 14 15 16 -12
4 11 12 13 -9
4 8 9 10 -6
4 5 6 7 -2
4 1 2 3 4
12 -3 -7 -10 -13 -16 -19 -22 -25 -28 -31 -34 -36
12 -35 -32 -29 -26 -23 -20 -17 -14 -11 -8 -5 -1
0
0
6
*
24
-175.000000 45.000000 -4211.628906
-175.000000 45.000000 -11.628784
-152.500000 38.971142 -4211.628906
-152.500000 38.971138 -11.628784
-136.028854 22.500000 -4211.628906
-136.028854 22.499996 -11.628784
-130.000000 0.000000 -4211.628906
-130.000000 0.000000 -11.628784
-136.028854 -22.500000 -4211.628906
-136.028854 -22.499996 -11.628784
-152.500000 -38.971142 -4211.628906
-152.500000 -38.971142 -11.628784
-175.000000 -45.000000 -4211.628906
-175.000000 -45.000000 -11.628784
-197.500000 -38.971142 -4211.628906
-197.500000 -38.971142 -11.628784
-213.971146 -22.500000 -4211.628906
-213.971146 -22.500002 -11.628784
-220.000000 0.000000 -4211.628906
-220.000000 0.000000 -11.628784
-213.971146 22.500000 -4211.628906
-213.971146 22.499998 -11.628784
-197.500000 38.971142 -4211.628906
-197.500000 38.971142 -11.628784
0
36
1 3
2 0
3 5
2 3
4 2
5 7
4 5
6 4
7 9
6 7
8 6
9 11
8 9
10 8
11 13
10 11
12 10
13 15
12 13
14 12
15 17
14 15
16 14
17 19
16 17
18 16
19 21
18 19
20 18
21 23
20 21
22 20
1 0
23 1
22 23
0 22
14
4 2 -33 1 -4
4 5 4 3 -7
4 8 7 6 -10
4 11 10 9 -13
4 14 13 12 -16
4 17 16 15 -19
4 20 19 18 -22
4 23 22 21 -25
4 26 25 24 -28
4 29 28 27 -31
4 32 31 30 -35
4 36 35 34 33
12 -34 -30 -27 -24 -21 -18 -15 -12 -9 -6 -3 -1
12 -2 -5 -8 -11 -14 -17 -20 -23 -26 -29 -32 -36
0
0
6
*
8
0.845000 0.845000 -2.608521
-0.845000 0.845000 -2.608521
-0.845000 -0.845000 -2.608521
0.845000 -0.845000 -2.608521
-0.845000 -0.845000 -4.298462
-0.845000 0.845000 -4.298462
0.845000 0.845000 -4.298462
0.845000 -0.845000 -4.298462
0
12
6 7
5 6
4 5
7 4
3 0
0 1
1 2
2 3
7 3
2 4
1 5
0 6
6
4 4 3 2 1
4 5 6 7 8
4 -4 9 -8 10
4 -3 -10 -7 11
4 -2 -11 -6 12
4 -1 -12 -5 -9
0
0
6
*
24
175.000000 45.000000 -4211.628906
175.000000 45.000000 -11.628784
197.500000 38.971142 -4211.628906
197.500000 38.971138 -11.628784
213.971146 22.500000 -4211.628906
213.971146 22.499996 -11.628784
220.000000 -0.000000 -4211.628906
220.000000 -0.000000 -11.628784
213.971146 -22.500000 -4211.628906
213.971146 -22.499996 -11.628784
197.500000 -38.971142 -4211.628906
197.500000 -38.971142 -11.628784
175.000000 -45.000000 -4211.628906
175.000000 -45.000000 -11.628784
152.500000 -38.971142 -4211.628906
152.500000 -38.971142 -11.628784
136.028854 -22.500000 -4211.628906
136.028854 -22.500002 -11.628784
130.000000 -0.000000 -4211.628906
130.000000 -0.000000 -11.628784
136.028854 22.500000 -4211.628906
136.028854 22.499998 -11.628784
152.500000 38.971142 -4211.628906
152.500000 38.971142 -11.628784
0
36
1 3
2 0
3 5
2 3
4 2
5 7
4 5
6 4
7 9
6 7
8 6
9 11
8 9
10 8
11 13
10 11
12 10
13 15
12 13
14 12
15 17
14 15
16 14
17 19
16 17
18 16
19 21
18 19
20 18
21 23
20 21
22 20
1 0
23 1
22 23
0 22
14
4 2 -33 1 -4
4 5 4 3 -7
4 8 7 6 -10
4 11 10 9 -13
4 14 13 12 -16
4 17 16 15 -19
4 20 19 18 -22
4 23 22 21 -25
4 26 25 24 -28
4 29 28 27 -31
4 32 31 30 -35
4 36 35 34 33
12 -34 -30 -27 -24 -21 -18 -15 -12 -9 -6 -3 -1
12 -2 -5 -8 -11 -14 -17 -20 -23 -26 -29 -32 -36
0
0
6
*
24
-197.500000 38.971142 -11.628784
-197.500000 38.971142 -4211.628906
-213.971146 22.499998 -11.628784
-213.971146 22.500000 -4211.628906
-220.000000 0.000000 -11.628784
-220.000000 0.000000 -4211.628906
-213.971146 -22.500002 -11.628784
-213.971146 -22.500000 -4211.628906
-197.500000 -38.971142 -11.628784
-197.500000 -38.971142 -4211.628906
-175.000000 -45.000000 -11.628784
-175.000000 -45.000000 -4211.628906
-152.500000 -38.971142 -11.628784
-152.500000 -38.971142 -4211.628906
-136.028854 -22.499996 -11.628784
-136.028854 -22.500000 -4211.628906
-130.000000 0.000000 -11.628784
-130.000000 0.000000 -4211.628906
-136.028854 22.499996 -11.628784
-136.028854 22.500000 -4211.628906
-152.500000 38.971138 -11.628784
-152.500000 38.971142 -4211.628906
-175.000000 45.000000 -11.628784
-175.000000 45.000000 -4211.628906
0
36
23 1
1 0
0 22
22 23
1 3
3 2
2 0
3 5
5 4
4 2
5 7
7 6
6 4
7 9
9 8
8 6
9 11
11 10
10 8
11 13
13 12
12 10
13 15
15 14
14 12
15 17
17 16
16 14
17 19
19 18
18 16
19 21
21 20
20 18
21 23
22 20
14
4 35 -4 36 -33
4 32 33 34 -30
4 29 30 31 -27
4 26 27 28 -24
4 23 24 25 -21
4 20 21 22 -18
4 17 18 19 -15
4 14 15 16 -12
4 11 12 13 -9
4 8 9 10 -6
4 5 6 7 -2
4 1 2 3 4
12 -3 -7 -10 -13 -16 -19 -22 -25 -28 -31 -34 -36
12 -35 -32 -29 -26 -23 -20 -17 -14 -11 -8 -5 -1
0
0
6
*
24
-175.000000 37.500000 -4208.362305
-175.000000 37.500000 -8.362183
-156.250000 32.475952 -4208.362305
-156.250000 32.475948 -8.362183
-142.524048 18.750000 -4208.362305
-142.524048 18.749996 -8.362183
-137.500000 0.000000 -4208.362305
-137.500000 0.000000 -8.362183
-142.524048 -18.750000 -4208.362305
-142.524048 -18.749996 -8.362183
-156.250000 -32.475952 -4208.362305
-156.250000 -32.475952 -8.362183
-175.000000 -37.500000 -4208.362305
-175.000000 -37.500000 -8.362183
-193.750000 -32.475952 -4208.362305
-193.750000 -32.475952 -8.362183
-207.475952 -18.750000 -4208.362305
-207.475952 -18.750002 -8.362183
-212.500000 0.000000 -4208.362305
-212.500000 0.000000 -8.362183
-207.475952 18.750000 -4208.362305
-207.475952 18.750000 -8.362183
-193.750000 32.475952 -4208.362305
-193.750000 32.475952 -8.362183
0
36
1 3
2 0
3 5
2 3
4 2
5 7
4 5
6 4
7 9
6 7
8 6
9 11
8 9
10 8
11 13
10 11
12 10
13 15
12 13
14 12
15 17
14 15
16 14
17 19
16 17
18 16
19 21
18 19
20 18
21 23
20 21
22 20
1 0
23 1
22 23
0 22
14
4 2 -33 1 -4
4 5 4 3 -7
4 8 7 6 -10
4 11 10 9 -13
4 14 13 12 -16
4 17 16 15 -19
4 20 19 18 -22
4 23 22 21 -25
4 26 25 24 -28
4 29 28 27 -31
4 32 31 30 -35
4 36 35 34 33
12 -34 -30 -27 -24 -21 -18 -15 -12 -9 -6 -3 -1
12 -2 -5 -8 -11 -14 -17 -20 -23 -26 -29 -32 -36
0
0
6
*
24
156.250000 32.475952 -8.362183
156.250000 32.475952 -4208.362305
142.524048 18.750000 -8.362183
142.524048 18.750000 -4208.362305
137.500000 -0.000000 -8.362183
137.500000 -0.000000 -4208.362305
142.524048 -18.750002 -8.362183
142.524048 -18.750000 -4208.362305
156.250000 -32.475952 -8.362183
156.250000 -32.475952 -4208.362305
175.000000 -37.500000 -8.362183
175.000000 -37.500000 -4208.362305
193.750000 -32.475952 -8.362183
193.750000 -32.475952 -4208.362305
207.475952 -18.749996 -8.362183
207.475952 -18.750000 -4208.362305
212.500000 -0.000000 -8.362183
212.500000 -0.000000 -4208.362305
207.475952 18.749996 -8.362183
207.475952 18.750000 -4208.362305
193.750000 32.475948 -8.362183
193.750000 32.475952 -4208.362305
175.000000 37.500000 -8.362183
175.000000 37.500000 -4208.362305
0
36
23 1
1 0
0 22
22 23
1 3
3 2
2 0
3 5
5 4
4 2
5 7
7 6
6 4
7 9
9 8
8 6
9 11
11 10
10 8
11 13
13 12
12 10
13 15
15 14
14 12
15 17
17 16
16 14
17 19
19 18
18 16
19 21
21 20
20 18
21 23
22 20
14
4 35 -4 36 -33
4 32 33 34 -30
4 29 30 31 -27
4 26 27 28 -24
4 23 24 25 -21
4 20 21 22 -18
4 17 18 19 -15
4 14 15 16 -12
4 11 12 13 -9
4 8 9 10 -6
4 5 6 7 -2
4 1 2 3 4
12 -3 -7 -10 -13 -16 -19 -22 -25 -28 -31 -34 -36
12 -35 -32 -29 -26 -23 -20 -17 -14 -11 -8 -5 -1
0
0
6
*
8
0.500000 -0.500000 -3.953491
0.500000 0.500000 -3.953491
-0.500000 0.500000 -3.953491
-0.500000 -0.500000 -3.953491
0.500000 -0.500000 -2.953491
-0.500000 -0.500000 -2.953491
-0.500000 0.500000 -2.953491
0.500000 0.500000 -2.953491
0
12
7 1
6 2
5 3
0 4
5 4
6 5
7 6
4 7
0 3
3 2
2 1
1 0
6
4 -12 -1 -8 -4
4 -11 -2 -7 1
4 -10 -3 -6 2
4 -9 4 -5 3
4 8 7 6 5
4 9 10 11 12
0
0
-2
*
8
0.005000 -0.005000 -538.448486
0.005000 0.005000 -538.448486
-0.005000 0.005000 -538.448486
-0.005000 -0.005000 -538.448486
-0.005000 0.005000 -538.458496
0.005000 0.005000 -538.458496
0.005000 -0.005000 -538.458496
-0.005000 -0.005000 -538.458496
0
12
6 7
5 6
4 5
7 4
3 0
0 1
1 2
2 3
7 3
2 4
1 5
0 6
6
4 4 3 2 1
4 5 6 7 8
4 -4 9 -8 10
4 -3 -10 -7 11
4 -2 -11 -6 12
4 -1 -12 -5 -9
0
0
-2
*
8
0.005000 -0.005000 -538.448486
0.005000 0.005000 -538.448486
-0.005000 0.005000 -538.448486
-0.005000 -0.005000 -538.448486
-0.005000 0.005000 -538.458496
0.005000 0.005000 -538.458496
0.005000 -0.005000 -538.458496
-0.005000 -0.005000 -538.458496
0
12
6 7
5 6
4 5
7 4
3 0
0 1
1 2
2 3
7 3
2 4
1 5
0 6
6
4 4 3 2 1
4 5 6 7 8
4 -4 9 -8 10
4 -3 -10 -7 11
4 -2 -11 -6 12
4 -1 -12 -5 -9
0
0
