12
0
0
0
103
-2
*
8
0.005000 -0.005530 0.005000
0.005000 0.005530 0.005000
-0.005000 0.005530 0.005000
-0.005000 -0.005530 0.005000
-0.005000 0.005530 -0.005000
0.005000 0.005530 -0.005000
0.005000 -0.005530 -0.005000
-0.005000 -0.005530 -0.005000
0
12
6 7
5 6
4 5
7 4
3 0
0 1
1 2
2 3
7 3
2 4
1 5
0 6
6
4 -1 -12 -5 -9
4 -2 -11 -6 12
4 -3 -10 -7 11
4 -4 9 -8 10
4 5 6 7 8
4 4 3 2 1
0
0
-2
*
8
0.005000 -0.005530 0.005000
0.005000 0.005530 0.005000
-0.005000 0.005530 0.005000
-0.005000 -0.005530 0.005000
-0.005000 0.005530 -0.005000
0.005000 0.005530 -0.005000
0.005000 -0.005530 -0.005000
-0.005000 -0.005530 -0.005000
0
12
6 7
5 6
4 5
7 4
3 0
0 1
1 2
2 3
7 3
2 4
1 5
0 6
6
4 -1 -12 -5 -9
4 -2 -11 -6 12
4 -3 -10 -7 11
4 -4 9 -8 10
4 5 6 7 8
4 4 3 2 1
0
0
-2
*
8
-0.005000 -0.005764 799.994995
0.005000 -0.005764 799.994995
0.005000 0.005764 799.994995
-0.005000 0.005764 799.994995
-0.005000 -0.005764 800.005005
-0.005000 0.005764 800.005005
0.005000 0.005764 800.005005
0.005000 -0.005764 800.005005
0
12
7 1
6 2
5 3
0 4
5 4
6 5
7 6
4 7
0 3
3 2
2 1
1 0
6
4 9 10 11 12
4 8 7 6 5
4 -9 4 -5 3
4 -10 -3 -6 2
4 -11 -2 -7 1
4 -12 -1 -8 -4
0
0
13
*
8
-2500.000000 19890.619141 264.293030
2500.000000 19890.619141 264.293030
2500.000000 20092.378906 264.293030
-2500.000000 20092.378906 264.293030
-2500.000000 -20086.525391 264.293030
2500.000000 -20086.525391 264.293030
2500.000000 -19884.763672 264.293030
-2500.000000 -19884.763672 264.293030
0
8
7 6
6 5
5 4
4 7
3 2
2 1
1 0
0 3
2
4 5 6 7 8
4 1 2 3 4
0
0
13
*
16
-2500.000000 -20086.525391 800.000000
-2500.000000 -20086.525391 264.293030
2500.000000 -20086.525391 264.293030
2500.000000 -20086.525391 800.000000
2500.000000 -19884.763672 264.293030
2500.000000 -19884.763672 800.000000
-2500.000000 -19884.763672 264.293030
-2500.000000 -19884.763672 800.000000
2500.000000 20092.378906 800.000000
2500.000000 20092.378906 264.293030
-2500.000000 20092.378906 264.293030
-2500.000000 20092.378906 800.000000
2500.000000 19890.619141 800.000000
2500.000000 19890.619141 264.293030
-2500.000000 19890.619141 800.000000
-2500.000000 19890.619141 264.293030
0
24
14 11
10 15
12 14
15 13
14 15
8 12
13 9
12 13
11 8
10 11
9 10
8 9
0 7
6 1
7 5
6 7
4 6
5 3
4 5
2 4
3 0
2 3
1 2
0 1
10
4 -3 -6 -9 -1
4 -10 2 -5 1
4 5 4 -8 3
4 8 7 -12 6
4 12 11 10 9
4 -21 -18 -15 -13
4 -16 14 -24 13
4 -19 17 16 15
4 -22 20 19 18
4 24 23 22 21
0
0
13
*
20
-500.000000 -19884.763672 800.000000
-500.000000 19890.619141 800.000000
-500.000000 -19884.763672 687.226990
-500.000000 19890.619141 687.226990
-1071.860107 -19884.763672 687.226990
-1071.860107 19890.619141 687.226990
-1928.140137 -19884.763672 687.226990
-1928.140137 19890.619141 687.226990
-2500.000000 -19884.763672 687.226990
-2500.000000 19890.619141 687.226990
-2500.000000 19890.619141 800.000000
-2500.000000 -19884.763672 800.000000
-1886.006836 -19884.763672 400.000000
-1113.992920 -19884.763672 400.000000
-1246.979004 -17271.730469 -506.588989
-1753.020996 -17271.730469 -506.588989
-1113.992920 19890.619141 400.000000
-1886.006836 19890.619141 400.000000
-1753.020996 17277.582031 -506.588989
-1246.979004 17277.582031 -506.588989
0
35
19 18
18 17
17 16
16 19
15 14
14 13
13 12
12 15
11 10
10 9
9 8
8 11
9 7
7 6
6 8
7 17
18 15
12 6
19 14
16 5
5 4
4 13
5 3
3 2
2 4
3 1
1 0
0 2
1 10
11 0
0 4
0 6
6 4
11 6
13 6
16
3 -35 -22 -33
3 -18 -7 35
3 -15 -34 -12
3 -30 34 -32
3 -31 32 33
3 31 -25 -28
4 -27 29 -9 30
4 -24 26 27 28
4 -21 23 24 25
4 -17 -1 19 -5
4 -11 13 14 15
4 9 10 11 12
4 5 6 7 8
4 1 2 3 4
6 -19 -4 20 21 22 -6
6 -14 16 -2 17 -8 18
0
0
13
*
8
-2500.000000 19890.619141 800.000000
-1928.140137 19890.619141 687.226990
-2500.000000 19890.619141 687.226990
-1071.860107 19890.619141 687.226990
-500.000000 19890.619141 800.000000
-500.000000 19890.619141 687.226990
-1113.992920 19890.619141 400.000000
-1886.006836 19890.619141 400.000000
0
13
7 1
7 3
6 7
3 6
4 5
5 3
4 3
0 4
3 1
0 3
2 0
1 2
0 1
6
3 -2 1 -9
3 4 3 2
3 6 -7 5
3 8 7 -10
3 -13 10 9
3 13 12 11
0
0
13
*
20
500.000000 19890.619141 800.000000
500.000000 -19884.763672 800.000000
500.000000 19890.619141 687.226990
500.000000 -19884.763672 687.226990
1071.859985 19890.619141 687.226990
1071.859985 -19884.763672 687.226990
1928.140015 19890.619141 687.226990
1928.140015 -19884.763672 687.226990
2500.000000 -19884.763672 800.000000
2500.000000 19890.619141 800.000000
2500.000000 19890.619141 687.226990
2500.000000 -19884.763672 687.226990
1753.020996 -17271.730469 -506.588989
1246.979004 -17271.730469 -506.588989
1113.993042 -19884.763672 400.000000
1886.007080 -19884.763672 400.000000
1246.979004 17277.582031 -506.588989
1753.020996 17277.582031 -506.588989
1886.007080 19890.619141 400.000000
1113.993042 19890.619141 400.000000
0
35
19 18
18 17
17 16
16 19
15 14
14 13
13 12
12 15
11 10
10 9
9 8
8 11
7 6
6 10
11 7
12 17
18 6
7 15
13 16
14 5
5 4
4 19
3 2
2 4
5 3
1 0
0 2
3 1
9 0
1 8
8 7
8 5
5 7
1 5
15 5
16
3 -35 -18 -33
3 -20 -5 35
3 -25 -34 -28
3 -30 34 -32
3 -31 32 33
3 31 -15 -12
4 -11 29 -26 30
4 26 27 -23 28
4 23 24 -21 25
4 19 -3 -16 -7
4 13 14 -9 15
4 9 10 11 12
4 5 6 7 8
4 1 2 3 4
6 20 21 22 -4 -19 -6
6 -8 16 -2 17 -13 18
0
0
13
*
8
500.000000 19890.619141 800.000000
1071.859985 19890.619141 687.226990
500.000000 19890.619141 687.226990
1928.140015 19890.619141 687.226990
2500.000000 19890.619141 800.000000
2500.000000 19890.619141 687.226990
1886.007080 19890.619141 400.000000
1113.993042 19890.619141 400.000000
0
13
7 1
7 3
6 7
3 6
4 5
5 3
4 3
0 4
3 1
0 3
2 0
1 2
0 1
6
3 -2 1 -9
3 4 3 2
3 6 -7 5
3 8 7 -10
3 -13 10 9
3 13 12 11
0
0
13
*
5
-2085.419922 17008.345703 -527.265015
-2085.419922 14702.527344 -527.265015
-2085.419922 15032.341797 -2239.690918
-2085.419922 15397.925781 -2527.265137
-2085.419922 17008.345703 -2527.265137
0
5
4 3
3 2
2 1
1 0
0 4
1
5 1 2 3 4 5
0
0
13
*
10
-526.745117 17008.345703 -527.265015
-2085.419922 17008.345703 -527.265015
-2085.419922 14702.527344 -527.265015
-526.745117 14702.527344 -527.265015
-2085.419922 15032.341797 -2239.690918
-526.745117 15032.341797 -2239.690918
-2085.419922 15397.925781 -2527.265137
-526.745117 15397.925781 -2527.265137
-2085.419922 17008.345703 -2527.265137
-526.745117 17008.345703 -2527.265137
0
15
0 9
8 1
9 7
8 9
6 8
7 5
6 7
4 6
5 3
4 5
2 4
3 0
2 3
1 2
0 1
6
4 -4 2 -15 1
4 -7 5 4 3
4 -10 8 7 6
4 -13 11 10 9
4 15 14 13 12
5 -12 -9 -6 -3 -1
0
0
13
*
76
-2519.713867 -6015.738770 1672.015991
-2500.000000 -6015.738770 1672.015991
-2539.277832 -6015.738770 687.226990
-2519.713867 -6015.738770 687.226990
-2539.277832 -6015.738770 664.255005
-2145.682617 -6015.738770 687.226990
-2500.000000 -6015.738770 687.226990
-2145.682617 -6015.738770 664.255005
-2473.023926 -19867.871094 1662.099976
-2473.023926 -19867.871094 1687.227051
-2473.023926 19873.726563 1687.227051
-2473.023926 19873.726563 1662.099976
-2473.023926 -19867.871094 1388.601074
-2473.023926 -19867.871094 1413.728027
-2473.023926 19873.726563 1413.728027
-2473.023926 19873.726563 1388.601074
-2473.023926 -19867.871094 1094.473022
-2473.023926 -19867.871094 1119.599976
-2473.023926 19873.726563 1119.599976
-2473.023926 19873.726563 1094.473022
-2519.713867 -7745.103027 1672.015991
-2500.000000 -7745.103027 1672.015991
-2539.277832 -7745.103027 687.226990
-2519.713867 -7745.103027 687.226990
-2539.277832 -7745.103027 664.255005
-2145.682617 -7745.103027 687.226990
-2500.000000 -7745.103027 687.226990
-2145.682617 -7745.103027 664.255005
-2519.713867 -16391.927734 1672.015991
-2500.000000 -16391.927734 1672.015991
-2539.277832 -16391.927734 687.226990
-2519.713867 -16391.927734 687.226990
-2539.277832 -16391.927734 664.255005
-2145.682617 -16391.927734 687.226990
-2500.000000 -16391.927734 687.226990
-2145.682617 -16391.927734 664.255005
-2519.713867 -4286.374512 1672.015991
-2500.000000 -4286.374512 1672.015991
-2539.277832 -4286.374512 687.226990
-2519.713867 -4286.374512 687.226990
-2539.277832 -4286.374512 664.255005
-2145.682617 -4286.374512 687.226990
-2500.000000 -4286.374512 687.226990
-2145.682617 -4286.374512 664.255005
-2519.713867 14736.636719 1672.015991
-2500.000000 14736.636719 1672.015991
-2539.277832 14736.636719 687.226990
-2519.713867 14736.636719 687.226990
-2539.277832 14736.636719 664.255005
-2145.682617 14736.636719 687.226990
-2500.000000 14736.636719 687.226990
-2145.682617 14736.636719 664.255005
-2519.713867 16466.001953 1672.015991
-2500.000000 16466.001953 1672.015991
-2539.277832 16466.001953 687.226990
-2519.713867 16466.001953 687.226990
-2539.277832 16466.001953 664.255005
-2145.682617 16466.001953 687.226990
-2500.000000 16466.001953 687.226990
-2145.682617 16466.001953 664.255005
-2519.713867 -19850.656250 1672.015991
-2500.000000 -19850.656250 1672.015991
-2539.277832 -19850.656250 687.226990
-2519.713867 -19850.656250 687.226990
-2539.277832 -19850.656250 664.255005
-2145.682617 -19850.656250 687.226990
-2500.000000 -19850.656250 687.226990
-2145.682617 -19850.656250 664.255005
-2519.713867 -18121.291016 1672.015991
-2500.000000 -18121.291016 1672.015991
-2539.277832 -18121.291016 687.226990
-2519.713867 -18121.291016 687.226990
-2539.277832 -18121.291016 664.255005
-2145.682617 -18121.291016 687.226990
-2500.000000 -18121.291016 687.226990
-2145.682617 -18121.291016 664.255005
0
116
75 74
74 73
73 75
75 72
72 74
72 71
71 74
70 71
72 70
69 71
71 68
68 69
69 74
67 66
66 65
65 67
67 64
64 66
64 63
63 66
62 63
64 62
61 63
63 60
60 61
61 66
59 58
58 57
57 59
59 56
56 58
56 55
55 58
54 55
56 54
53 55
55 52
52 53
53 58
51 50
50 49
49 51
51 48
48 50
48 47
47 50
46 47
48 46
45 47
47 44
44 45
45 50
43 42
42 41
41 43
43 40
40 42
40 39
39 42
38 39
40 38
37 39
39 36
36 37
37 42
35 34
34 33
33 35
35 32
32 34
32 31
31 34
30 31
32 30
29 31
31 28
28 29
29 34
27 26
26 25
25 27
27 24
24 26
24 23
23 26
22 23
24 22
21 23
23 20
20 21
21 26
19 18
18 17
17 16
16 19
15 14
14 13
13 12
12 15
11 10
10 9
9 8
8 11
7 6
6 5
5 7
7 4
4 6
4 3
3 6
2 3
4 2
1 3
3 0
0 1
1 6
51
3 -110 -113 116
3 113 114 115
3 111 -109 112
3 109 110 -108
3 107 108 -104
3 104 105 106
3 -85 -88 91
3 88 89 90
3 86 -84 87
3 84 85 -83
3 82 83 -79
3 79 80 81
3 -72 -75 78
3 75 76 77
3 73 -71 74
3 71 72 -70
3 69 70 -66
3 66 67 68
3 -59 -62 65
3 62 63 64
3 60 -58 61
3 58 59 -57
3 56 57 -53
3 53 54 55
3 -46 -49 52
3 49 50 51
3 47 -45 48
3 45 46 -44
3 43 44 -40
3 40 41 42
3 -33 -36 39
3 36 37 38
3 34 -32 35
3 32 33 -31
3 30 31 -27
3 27 28 29
3 -20 -23 26
3 23 24 25
3 21 -19 22
3 19 20 -18
3 17 18 -14
3 14 15 16
3 -7 -10 13
3 10 11 12
3 8 -6 9
3 6 7 -5
3 4 5 -1
3 1 2 3
4 100 101 102 103
4 96 97 98 99
4 92 93 94 95
0
0
13
*
152
-2500.000000 -18155.400391 687.226990
-2500.000000 -18121.291016 687.226990
-2500.000000 -18121.291016 1672.015991
-2500.000000 -18155.400391 1672.015991
-2519.713867 -18121.291016 1672.015991
-2519.713867 -18155.400391 1672.015991
-2519.713867 -18121.291016 687.226990
-2519.713867 -18155.400391 687.226990
-2539.277832 -18121.291016 687.226990
-2539.277832 -18155.400391 687.226990
-2539.277832 -18121.291016 664.255005
-2539.277832 -18155.400391 664.255005
-2145.682617 -18121.291016 664.255005
-2145.682617 -18155.400391 664.255005
-2145.682617 -18121.291016 687.226990
-2145.682617 -18155.400391 687.226990
-2500.000000 -19884.763672 687.226990
-2500.000000 -19850.656250 687.226990
-2500.000000 -19850.656250 1672.015991
-2500.000000 -19884.763672 1672.015991
-2519.713867 -19850.656250 1672.015991
-2519.713867 -19884.763672 1672.015991
-2519.713867 -19850.656250 687.226990
-2519.713867 -19884.763672 687.226990
-2539.277832 -19850.656250 687.226990
-2539.277832 -19884.763672 687.226990
-2539.277832 -19850.656250 664.255005
-2539.277832 -19884.763672 664.255005
-2145.682617 -19850.656250 664.255005
-2145.682617 -19884.763672 664.255005
-2145.682617 -19850.656250 687.226990
-2145.682617 -19884.763672 687.226990
-2500.000000 16431.892578 687.226990
-2500.000000 16466.001953 687.226990
-2500.000000 16466.001953 1672.015991
-2500.000000 16431.892578 1672.015991
-2519.713867 16466.001953 1672.015991
-2519.713867 16431.892578 1672.015991
-2519.713867 16466.001953 687.226990
-2519.713867 16431.892578 687.226990
-2539.277832 16466.001953 687.226990
-2539.277832 16431.892578 687.226990
-2539.277832 16466.001953 664.255005
-2539.277832 16431.892578 664.255005
-2145.682617 16466.001953 664.255005
-2145.682617 16431.892578 664.255005
-2145.682617 16466.001953 687.226990
-2145.682617 16431.892578 687.226990
-2500.000000 14702.527344 687.226990
-2500.000000 14736.636719 687.226990
-2500.000000 14736.636719 1672.015991
-2500.000000 14702.527344 1672.015991
-2519.713867 14736.636719 1672.015991
-2519.713867 14702.527344 1672.015991
-2519.713867 14736.636719 687.226990
-2519.713867 14702.527344 687.226990
-2539.277832 14736.636719 687.226990
-2539.277832 14702.527344 687.226990
-2539.277832 14736.636719 664.255005
-2539.277832 14702.527344 664.255005
-2145.682617 14736.636719 664.255005
-2145.682617 14702.527344 664.255005
-2145.682617 14736.636719 687.226990
-2145.682617 14702.527344 687.226990
-2539.277832 -4320.484375 664.255005
-2519.713867 -4320.484375 687.226990
-2539.277832 -4320.484375 687.226990
-2500.000000 -4320.484375 687.226990
-2145.682617 -4320.484375 664.255005
-2145.682617 -4320.484375 687.226990
-2519.713867 -4320.484375 1672.015991
-2500.000000 -4320.484375 1672.015991
-2145.682617 -4286.374512 687.226990
-2500.000000 -4286.374512 687.226990
-2145.682617 -4286.374512 664.255005
-2539.277832 -4286.374512 664.255005
-2539.277832 -4286.374512 687.226990
-2519.713867 -4286.374512 687.226990
-2519.713867 -4286.374512 1672.015991
-2500.000000 -4286.374512 1672.015991
-2500.000000 -16426.037109 687.226990
-2500.000000 -16391.927734 687.226990
-2500.000000 -16391.927734 1672.015991
-2500.000000 -16426.037109 1672.015991
-2519.713867 -16391.927734 1672.015991
-2519.713867 -16426.037109 1672.015991
-2519.713867 -16391.927734 687.226990
-2519.713867 -16426.037109 687.226990
-2539.277832 -16391.927734 687.226990
-2539.277832 -16426.037109 687.226990
-2539.277832 -16391.927734 664.255005
-2539.277832 -16426.037109 664.255005
-2145.682617 -16391.927734 664.255005
-2145.682617 -16426.037109 664.255005
-2145.682617 -16391.927734 687.226990
-2145.682617 -16426.037109 687.226990
-2500.000000 -7779.214355 687.226990
-2500.000000 -7745.103027 687.226990
-2500.000000 -7745.103027 1672.015991
-2500.000000 -7779.214355 1672.015991
-2519.713867 -7745.103027 1672.015991
-2519.713867 -7779.214355 1672.015991
-2519.713867 -7745.103027 687.226990
-2519.713867 -7779.214355 687.226990
-2539.277832 -7745.103027 687.226990
-2539.277832 -7779.214355 687.226990
-2539.277832 -7745.103027 664.255005
-2539.277832 -7779.214355 664.255005
-2145.682617 -7745.103027 664.255005
-2145.682617 -7779.214355 664.255005
-2145.682617 -7745.103027 687.226990
-2145.682617 -7779.214355 687.226990
-2500.000000 -19867.871094 1094.473022
-2473.023926 -19867.871094 1094.473022
-2473.023926 -19867.871094 1119.599976
-2500.000000 -19867.871094 1119.599976
-2473.023926 19873.726563 1119.599976
-2500.000000 19873.726563 1119.599976
-2473.023926 19873.726563 1094.473022
-2500.000000 19873.726563 1094.473022
-2500.000000 -19867.871094 1388.601074
-2473.023926 -19867.871094 1388.601074
-2473.023926 -19867.871094 1413.728027
-2500.000000 -19867.871094 1413.728027
-2473.023926 19873.726563 1413.728027
-2500.000000 19873.726563 1413.728027
-2473.023926 19873.726563 1388.601074
-2500.000000 19873.726563 1388.601074
-2500.000000 -19867.871094 1662.099976
-2473.023926 -19867.871094 1662.099976
-2473.023926 -19867.871094 1687.227051
-2500.000000 -19867.871094 1687.227051
-2473.023926 19873.726563 1687.227051
-2500.000000 19873.726563 1687.227051
-2473.023926 19873.726563 1662.099976
-2500.000000 19873.726563 1662.099976
-2500.000000 -6049.849121 687.226990
-2500.000000 -6015.738770 687.226990
-2500.000000 -6015.738770 1672.015991
-2500.000000 -6049.849121 1672.015991
-2519.713867 -6015.738770 1672.015991
-2519.713867 -6049.849121 1672.015991
-2519.713867 -6015.738770 687.226990
-2519.713867 -6049.849121 687.226990
-2539.277832 -6015.738770 687.226990
-2539.277832 -6049.849121 687.226990
-2539.277832 -6015.738770 664.255005
-2539.277832 -6049.849121 664.255005
-2145.682617 -6015.738770 664.255005
-2145.682617 -6049.849121 664.255005
-2145.682617 -6015.738770 687.226990
-2145.682617 -6049.849121 687.226990
0
268
141 136
149 136
136 143
147 136
147 143
136 151
150 137
151 149
150 151
148 150
149 147
148 149
146 148
147 145
146 147
144 146
145 143
144 145
142 144
143 141
142 143
140 142
141 139
140 141
138 140
139 136
138 139
137 138
136 137
128 135
134 129
135 133
134 135
132 134
133 131
132 133
130 132
131 128
130 131
129 130
128 129
120 127
126 121
127 125
126 127
124 126
125 123
124 125
122 124
123 120
122 123
121 122
120 121
112 119
118 113
119 117
118 119
116 118
117 115
116 117
114 116
115 112
114 115
113 114
112 113
101 96
109 96
96 103
107 96
107 103
96 111
110 97
111 109
110 111
108 110
109 107
108 109
106 108
107 105
106 107
104 106
105 103
104 105
102 104
103 101
102 103
100 102
101 99
100 101
98 100
99 96
98 99
97 98
96 97
85 80
93 80
80 87
91 80
91 87
80 95
94 81
95 93
94 95
92 94
93 91
92 93
90 92
91 89
90 91
88 90
89 87
88 89
86 88
87 85
86 87
84 86
85 83
84 85
82 84
83 80
82 83
81 82
80 81
73 79
79 78
71 79
78 77
70 78
77 76
65 77
76 75
66 76
75 74
64 75
74 72
68 74
73 67
72 73
69 72
70 65
71 70
67 71
70 67
68 69
69 67
64 68
68 67
67 65
64 67
66 64
65 66
64 65
53 48
61 48
48 55
59 48
59 55
48 63
62 49
63 61
62 63
60 62
61 59
60 61
58 60
59 57
58 59
56 58
57 55
56 57
54 56
55 53
54 55
52 54
53 51
52 53
50 52
51 48
50 51
49 50
48 49
37 32
45 32
32 39
43 32
43 39
32 47
46 33
47 45
46 47
44 46
45 43
44 45
42 44
43 41
42 43
40 42
41 39
40 41
38 40
39 37
38 39
36 38
37 35
36 37
34 36
35 32
34 35
33 34
32 33
21 16
29 16
16 23
27 16
27 23
16 31
30 17
31 29
30 31
28 30
29 27
28 29
26 28
27 25
26 27
24 26
25 23
24 25
22 24
23 21
22 23
20 22
21 19
20 21
18 20
19 16
18 19
17 18
16 17
5 0
13 0
0 7
11 0
11 7
0 15
14 1
15 13
14 15
12 14
13 11
12 13
10 12
11 9
10 11
8 10
9 7
8 9
6 8
7 5
6 7
4 6
5 3
4 5
2 4
3 0
2 3
1 2
0 1
127
3 -3 -1 -20
3 1 -26 -23
3 -6 -2 -8
3 2 -4 -11
3 4 3 -5
3 5 -17 -14
3 -68 -66 -85
3 66 -91 -88
3 -71 -67 -73
3 67 -69 -76
3 69 68 -70
3 70 -82 -79
3 -97 -95 -114
3 95 -120 -117
3 -100 -96 -102
3 96 -98 -105
3 98 97 -99
3 99 -111 -108
3 -148 -143 140
3 143 142 141
3 145 -147 144
3 147 -149 146
3 149 148 -152
3 152 151 150
3 -155 -153 -172
3 153 -178 -175
3 -158 -154 -160
3 154 -156 -163
3 156 155 -157
3 157 -169 -166
3 -184 -182 -201
3 182 -207 -204
3 -187 -183 -189
3 183 -185 -192
3 185 184 -186
3 186 -198 -195
3 -213 -211 -230
3 211 -236 -233
3 -216 -212 -218
3 212 -214 -221
3 214 213 -215
3 215 -227 -224
3 -242 -240 -259
3 240 -265 -262
3 -245 -241 -247
3 241 -243 -250
3 243 242 -244
3 244 -256 -253
4 -9 7 -29 6
4 -12 10 9 8
4 -15 13 12 11
4 -18 16 15 14
4 -21 19 18 17
4 -24 22 21 20
4 -27 25 24 23
4 29 28 27 26
4 -38 -35 -32 -30
4 -33 31 -41 30
4 -36 34 33 32
4 -39 37 36 35
4 41 40 39 38
4 -50 -47 -44 -42
4 -45 43 -53 42
4 -48 46 45 44
4 -51 49 48 47
4 53 52 51 50
4 -62 -59 -56 -54
4 -57 55 -65 54
4 -60 58 57 56
4 -63 61 60 59
4 65 64 63 62
4 -74 72 -94 71
4 -77 75 74 73
4 -80 78 77 76
4 -83 81 80 79
4 -86 84 83 82
4 -89 87 86 85
4 -92 90 89 88
4 94 93 92 91
4 -103 101 -123 100
4 -106 104 103 102
4 -109 107 106 105
4 -112 110 109 108
4 -115 113 112 111
4 -118 116 115 114
4 -121 119 118 117
4 123 122 121 120
4 -137 124 -126 -142
4 126 125 -128 -141
4 128 127 -130 -140
4 130 129 -132 -151
4 132 131 -134 -150
4 134 133 -136 -146
4 136 135 -139 -144
4 139 138 137 -145
4 -161 159 -181 158
4 -164 162 161 160
4 -167 165 164 163
4 -170 168 167 166
4 -173 171 170 169
4 -176 174 173 172
4 -179 177 176 175
4 181 180 179 178
4 -190 188 -210 187
4 -193 191 190 189
4 -196 194 193 192
4 -199 197 196 195
4 -202 200 199 198
4 -205 203 202 201
4 -208 206 205 204
4 210 209 208 207
4 -219 217 -239 216
4 -222 220 219 218
4 -225 223 222 221
4 -228 226 225 224
4 -231 229 228 227
4 -234 232 231 230
4 -237 235 234 233
4 239 238 237 236
4 -248 246 -268 245
4 -251 249 248 247
4 -254 252 251 250
4 -257 255 254 253
4 -260 258 257 256
4 -263 261 260 259
4 -266 264 263 262
4 268 267 266 265
0
0
13
*
4
2473.023926 19873.726563 1662.099976
2473.023926 19873.726563 1687.227051
2473.023926 -19867.871094 1687.227051
2473.023926 -19867.871094 1662.099976
0
4
3 2
2 1
1 0
0 3
1
4 1 2 3 4
0
0
13
*
8
2500.000000 -19867.871094 1687.227051
2473.023926 -19867.871094 1687.227051
2473.023926 -19867.871094 1662.099976
2500.000000 -19867.871094 1662.099976
2500.000000 19873.726563 1687.227051
2473.023926 19873.726563 1687.227051
2500.000000 19873.726563 1662.099976
2473.023926 19873.726563 1662.099976
0
12
6 3
2 7
4 6
7 5
6 7
0 4
5 1
4 5
3 0
2 3
1 2
0 1
5
4 -3 -6 -9 -1
4 -10 2 -5 1
4 5 4 -8 3
4 8 7 -12 6
4 12 11 10 9
0
0
13
*
4
2473.023926 19873.726563 1388.601074
2473.023926 19873.726563 1413.728027
2473.023926 -19867.871094 1413.728027
2473.023926 -19867.871094 1388.601074
0
4
3 2
2 1
1 0
0 3
1
4 1 2 3 4
0
0
13
*
8
2500.000000 -19867.871094 1413.728027
2473.023926 -19867.871094 1413.728027
2473.023926 -19867.871094 1388.601074
2500.000000 -19867.871094 1388.601074
2500.000000 19873.726563 1413.728027
2473.023926 19873.726563 1413.728027
2500.000000 19873.726563 1388.601074
2473.023926 19873.726563 1388.601074
0
12
6 3
2 7
4 6
7 5
6 7
0 4
5 1
4 5
3 0
2 3
1 2
0 1
5
4 -3 -6 -9 -1
4 -10 2 -5 1
4 5 4 -8 3
4 8 7 -12 6
4 12 11 10 9
0
0
13
*
4
2473.023926 19873.726563 1094.473022
2473.023926 19873.726563 1119.599976
2473.023926 -19867.871094 1119.599976
2473.023926 -19867.871094 1094.473022
0
4
3 2
2 1
1 0
0 3
1
4 1 2 3 4
0
0
13
*
8
2500.000000 -19867.871094 1119.599976
2473.023926 -19867.871094 1119.599976
2473.023926 -19867.871094 1094.473022
2500.000000 -19867.871094 1094.473022
2500.000000 19873.726563 1119.599976
2473.023926 19873.726563 1119.599976
2500.000000 19873.726563 1094.473022
2473.023926 19873.726563 1094.473022
0
12
6 3
2 7
4 6
7 5
6 7
0 4
5 1
4 5
3 0
2 3
1 2
0 1
5
4 -3 -6 -9 -1
4 -10 2 -5 1
4 5 4 -8 3
4 8 7 -12 6
4 12 11 10 9
0
0
13
*
8
-2519.713867 19924.726563 1672.015991
-2500.000000 19924.726563 1672.015991
-2539.277832 19924.726563 687.226990
-2519.713867 19924.726563 687.226990
-2539.277832 19924.726563 664.255005
-2145.682617 19924.726563 687.226990
-2500.000000 19924.726563 687.226990
-2145.682617 19924.726563 664.255005
0
13
7 6
6 5
5 7
7 4
4 6
4 3
3 6
2 3
4 2
1 3
3 0
0 1
1 6
6
3 -7 -10 13
3 10 11 12
3 8 -6 9
3 6 7 -5
3 4 5 -1
3 1 2 3
0
0
13
*
16
-2500.000000 19890.619141 687.226990
-2500.000000 19924.726563 687.226990
-2500.000000 19924.726563 1672.015991
-2500.000000 19890.619141 1672.015991
-2519.713867 19924.726563 1672.015991
-2519.713867 19890.619141 1672.015991
-2519.713867 19924.726563 687.226990
-2519.713867 19890.619141 687.226990
-2539.277832 19924.726563 687.226990
-2539.277832 19890.619141 687.226990
-2539.277832 19924.726563 664.255005
-2539.277832 19890.619141 664.255005
-2145.682617 19924.726563 664.255005
-2145.682617 19890.619141 664.255005
-2145.682617 19924.726563 687.226990
-2145.682617 19890.619141 687.226990
0
29
5 0
13 0
0 7
11 0
11 7
0 15
14 1
15 13
14 15
12 14
13 11
12 13
10 12
11 9
10 11
8 10
9 7
8 9
6 8
7 5
6 7
4 6
5 3
4 5
2 4
3 0
2 3
1 2
0 1
14
3 -3 -1 -20
3 1 -26 -23
3 -6 -2 -8
3 2 -4 -11
3 4 3 -5
3 5 -17 -14
4 -9 7 -29 6
4 -12 10 9 8
4 -15 13 12 11
4 -18 16 15 14
4 -21 19 18 17
4 -24 22 21 20
4 -27 25 24 23
4 29 28 27 26
0
0
13
*
8
-2519.713867 18195.363281 1672.015991
-2500.000000 18195.363281 1672.015991
-2539.277832 18195.363281 687.226990
-2519.713867 18195.363281 687.226990
-2539.277832 18195.363281 664.255005
-2145.682617 18195.363281 687.226990
-2500.000000 18195.363281 687.226990
-2145.682617 18195.363281 664.255005
0
13
7 6
6 5
5 7
7 4
4 6
4 3
3 6
2 3
4 2
1 3
3 0
0 1
1 6
6
3 -7 -10 13
3 10 11 12
3 8 -6 9
3 6 7 -5
3 4 5 -1
3 1 2 3
0
0
13
*
16
-2500.000000 18161.255859 687.226990
-2500.000000 18195.363281 687.226990
-2500.000000 18195.363281 1672.015991
-2500.000000 18161.255859 1672.015991
-2519.713867 18195.363281 1672.015991
-2519.713867 18161.255859 1672.015991
-2519.713867 18195.363281 687.226990
-2519.713867 18161.255859 687.226990
-2539.277832 18195.363281 687.226990
-2539.277832 18161.255859 687.226990
-2539.277832 18195.363281 664.255005
-2539.277832 18161.255859 664.255005
-2145.682617 18195.363281 664.255005
-2145.682617 18161.255859 664.255005
-2145.682617 18195.363281 687.226990
-2145.682617 18161.255859 687.226990
0
29
5 0
13 0
0 7
11 0
11 7
0 15
14 1
15 13
14 15
12 14
13 11
12 13
10 12
11 9
10 11
8 10
9 7
8 9
6 8
7 5
6 7
4 6
5 3
4 5
2 4
3 0
2 3
1 2
0 1
14
3 -3 -1 -20
3 1 -26 -23
3 -6 -2 -8
3 2 -4 -11
3 4 3 -5
3 5 -17 -14
4 -9 7 -29 6
4 -12 10 9 8
4 -15 13 12 11
4 -18 16 15 14
4 -21 19 18 17
4 -24 22 21 20
4 -27 25 24 23
4 29 28 27 26
0
0
13
*
8
2500.000000 -7745.103027 1672.015991
2519.714111 -7745.103027 1672.015991
2145.683105 -7745.103027 687.226990
2145.683105 -7745.103027 664.255005
2500.000000 -7745.103027 687.226990
2539.278076 -7745.103027 687.226990
2519.714111 -7745.103027 687.226990
2539.278076 -7745.103027 664.255005
0
13
7 6
6 5
5 7
7 4
4 6
3 4
7 3
2 4
3 2
1 4
4 0
0 1
1 6
6
3 -5 -10 13
3 10 11 12
3 8 -6 9
3 6 -4 7
3 4 5 -1
3 1 2 3
0
0
13
*
16
2500.000000 -7779.214355 1672.015991
2500.000000 -7745.103027 1672.015991
2500.000000 -7745.103027 687.226990
2500.000000 -7779.214355 687.226990
2519.714111 -7779.214355 1672.015991
2519.714111 -7745.103027 1672.015991
2519.714111 -7779.214355 687.226990
2519.714111 -7745.103027 687.226990
2539.278076 -7779.214355 687.226990
2539.278076 -7745.103027 687.226990
2539.278076 -7779.214355 664.255005
2539.278076 -7745.103027 664.255005
2145.683105 -7779.214355 664.255005
2145.683105 -7745.103027 664.255005
2145.683105 -7779.214355 687.226990
2145.683105 -7745.103027 687.226990
0
29
0 6
6 3
10 6
10 3
12 3
14 3
2 15
12 14
15 13
14 15
10 12
13 11
12 13
8 10
11 9
10 11
6 8
9 7
8 9
4 6
7 5
6 7
0 4
5 1
4 5
3 0
2 3
1 2
0 1
14
3 -2 -1 -26
3 1 -20 -23
3 -17 -3 -14
3 3 2 -4
3 -11 4 -5
3 5 -6 -8
4 -27 7 -10 6
4 10 9 -13 8
4 13 12 -16 11
4 16 15 -19 14
4 19 18 -22 17
4 22 21 -25 20
4 25 24 -29 23
4 29 28 27 26
0
0
13
*
8
2500.000000 -16391.927734 1672.015991
2519.714111 -16391.927734 1672.015991
2145.683105 -16391.927734 687.226990
2145.683105 -16391.927734 664.255005
2500.000000 -16391.927734 687.226990
2539.278076 -16391.927734 687.226990
2519.714111 -16391.927734 687.226990
2539.278076 -16391.927734 664.255005
0
13
7 6
6 5
5 7
7 4
4 6
3 4
7 3
2 4
3 2
1 4
4 0
0 1
1 6
6
3 -5 -10 13
3 10 11 12
3 8 -6 9
3 6 -4 7
3 4 5 -1
3 1 2 3
0
0
13
*
16
2500.000000 -16426.037109 1672.015991
2500.000000 -16391.927734 1672.015991
2500.000000 -16391.927734 687.226990
2500.000000 -16426.037109 687.226990
2519.714111 -16426.037109 1672.015991
2519.714111 -16391.927734 1672.015991
2519.714111 -16426.037109 687.226990
2519.714111 -16391.927734 687.226990
2539.278076 -16426.037109 687.226990
2539.278076 -16391.927734 687.226990
2539.278076 -16426.037109 664.255005
2539.278076 -16391.927734 664.255005
2145.683105 -16426.037109 664.255005
2145.683105 -16391.927734 664.255005
2145.683105 -16426.037109 687.226990
2145.683105 -16391.927734 687.226990
0
29
0 6
6 3
10 6
10 3
12 3
14 3
2 15
12 14
15 13
14 15
10 12
13 11
12 13
8 10
11 9
10 11
6 8
9 7
8 9
4 6
7 5
6 7
0 4
5 1
4 5
3 0
2 3
1 2
0 1
14
3 -2 -1 -26
3 1 -20 -23
3 -17 -3 -14
3 3 2 -4
3 -11 4 -5
3 5 -6 -8
4 -27 7 -10 6
4 10 9 -13 8
4 13 12 -16 11
4 16 15 -19 14
4 19 18 -22 17
4 22 21 -25 20
4 25 24 -29 23
4 29 28 27 26
0
0
13
*
8
2500.000000 -18121.291016 1672.015991
2519.714111 -18121.291016 1672.015991
2145.683105 -18121.291016 687.226990
2145.683105 -18121.291016 664.255005
2500.000000 -18121.291016 687.226990
2539.278076 -18121.291016 687.226990
2519.714111 -18121.291016 687.226990
2539.278076 -18121.291016 664.255005
0
13
7 6
6 5
5 7
7 4
4 6
3 4
7 3
2 4
3 2
1 4
4 0
0 1
1 6
6
3 -5 -10 13
3 10 11 12
3 8 -6 9
3 6 -4 7
3 4 5 -1
3 1 2 3
0
0
13
*
16
2500.000000 -18155.400391 1672.015991
2500.000000 -18121.291016 1672.015991
2500.000000 -18121.291016 687.226990
2500.000000 -18155.400391 687.226990
2519.714111 -18155.400391 1672.015991
2519.714111 -18121.291016 1672.015991
2519.714111 -18155.400391 687.226990
2519.714111 -18121.291016 687.226990
2539.278076 -18155.400391 687.226990
2539.278076 -18121.291016 687.226990
2539.278076 -18155.400391 664.255005
2539.278076 -18121.291016 664.255005
2145.683105 -18155.400391 664.255005
2145.683105 -18121.291016 664.255005
2145.683105 -18155.400391 687.226990
2145.683105 -18121.291016 687.226990
0
29
0 6
6 3
10 6
10 3
12 3
14 3
2 15
12 14
15 13
14 15
10 12
13 11
12 13
8 10
11 9
10 11
6 8
9 7
8 9
4 6
7 5
6 7
0 4
5 1
4 5
3 0
2 3
1 2
0 1
14
3 -2 -1 -26
3 1 -20 -23
3 -17 -3 -14
3 3 2 -4
3 -11 4 -5
3 5 -6 -8
4 -27 7 -10 6
4 10 9 -13 8
4 13 12 -16 11
4 16 15 -19 14
4 19 18 -22 17
4 22 21 -25 20
4 25 24 -29 23
4 29 28 27 26
0
0
13
*
8
2500.000000 -19850.656250 1672.015991
2519.714111 -19850.656250 1672.015991
2145.683105 -19850.656250 687.226990
2145.683105 -19850.656250 664.255005
2500.000000 -19850.656250 687.226990
2539.278076 -19850.656250 687.226990
2519.714111 -19850.656250 687.226990
2539.278076 -19850.656250 664.255005
0
13
7 6
6 5
5 7
7 4
4 6
3 4
7 3
2 4
3 2
1 4
4 0
0 1
1 6
6
3 -5 -10 13
3 10 11 12
3 8 -6 9
3 6 -4 7
3 4 5 -1
3 1 2 3
0
0
13
*
16
2500.000000 -19884.763672 1672.015991
2500.000000 -19850.656250 1672.015991
2500.000000 -19850.656250 687.226990
2500.000000 -19884.763672 687.226990
2519.714111 -19884.763672 1672.015991
2519.714111 -19850.656250 1672.015991
2519.714111 -19884.763672 687.226990
2519.714111 -19850.656250 687.226990
2539.278076 -19884.763672 687.226990
2539.278076 -19850.656250 687.226990
2539.278076 -19884.763672 664.255005
2539.278076 -19850.656250 664.255005
2145.683105 -19884.763672 664.255005
2145.683105 -19850.656250 664.255005
2145.683105 -19884.763672 687.226990
2145.683105 -19850.656250 687.226990
0
29
0 6
6 3
10 6
10 3
12 3
14 3
2 15
12 14
15 13
14 15
10 12
13 11
12 13
8 10
11 9
10 11
6 8
9 7
8 9
4 6
7 5
6 7
0 4
5 1
4 5
3 0
2 3
1 2
0 1
14
3 -2 -1 -26
3 1 -20 -23
3 -17 -3 -14
3 3 2 -4
3 -11 4 -5
3 5 -6 -8
4 -27 7 -10 6
4 10 9 -13 8
4 13 12 -16 11
4 16 15 -19 14
4 19 18 -22 17
4 22 21 -25 20
4 25 24 -29 23
4 29 28 27 26
0
0
13
*
8
2500.000000 19924.726563 1672.015991
2519.714111 19924.726563 1672.015991
2145.683105 19924.726563 687.226990
2145.683105 19924.726563 664.255005
2500.000000 19924.726563 687.226990
2539.278076 19924.726563 687.226990
2519.714111 19924.726563 687.226990
2539.278076 19924.726563 664.255005
0
13
7 6
6 5
5 7
7 4
4 6
3 4
7 3
2 4
3 2
1 4
4 0
0 1
1 6
6
3 -5 -10 13
3 10 11 12
3 8 -6 9
3 6 -4 7
3 4 5 -1
3 1 2 3
0
0
13
*
16
2500.000000 19890.619141 1672.015991
2500.000000 19924.726563 1672.015991
2500.000000 19924.726563 687.226990
2500.000000 19890.619141 687.226990
2519.714111 19890.619141 1672.015991
2519.714111 19924.726563 1672.015991
2519.714111 19890.619141 687.226990
2519.714111 19924.726563 687.226990
2539.278076 19890.619141 687.226990
2539.278076 19924.726563 687.226990
2539.278076 19890.619141 664.255005
2539.278076 19924.726563 664.255005
2145.683105 19890.619141 664.255005
2145.683105 19924.726563 664.255005
2145.683105 19890.619141 687.226990
2145.683105 19924.726563 687.226990
0
29
0 6
6 3
10 6
10 3
12 3
14 3
2 15
12 14
15 13
14 15
10 12
13 11
12 13
8 10
11 9
10 11
6 8
9 7
8 9
4 6
7 5
6 7
0 4
5 1
4 5
3 0
2 3
1 2
0 1
14
3 -2 -1 -26
3 1 -20 -23
3 -17 -3 -14
3 3 2 -4
3 -11 4 -5
3 5 -6 -8
4 -27 7 -10 6
4 10 9 -13 8
4 13 12 -16 11
4 16 15 -19 14
4 19 18 -22 17
4 22 21 -25 20
4 25 24 -29 23
4 29 28 27 26
0
0
13
*
8
2500.000000 18195.363281 1672.015991
2519.714111 18195.363281 1672.015991
2145.683105 18195.363281 687.226990
2145.683105 18195.363281 664.255005
2500.000000 18195.363281 687.226990
2539.278076 18195.363281 687.226990
2519.714111 18195.363281 687.226990
2539.278076 18195.363281 664.255005
0
13
7 6
6 5
5 7
7 4
4 6
3 4
7 3
2 4
3 2
1 4
4 0
0 1
1 6
6
3 -5 -10 13
3 10 11 12
3 8 -6 9
3 6 -4 7
3 4 5 -1
3 1 2 3
0
0
13
*
16
2500.000000 18161.255859 1672.015991
2500.000000 18195.363281 1672.015991
2500.000000 18195.363281 687.226990
2500.000000 18161.255859 687.226990
2519.714111 18161.255859 1672.015991
2519.714111 18195.363281 1672.015991
2519.714111 18161.255859 687.226990
2519.714111 18195.363281 687.226990
2539.278076 18161.255859 687.226990
2539.278076 18195.363281 687.226990
2539.278076 18161.255859 664.255005
2539.278076 18195.363281 664.255005
2145.683105 18161.255859 664.255005
2145.683105 18195.363281 664.255005
2145.683105 18161.255859 687.226990
2145.683105 18195.363281 687.226990
0
29
0 6
6 3
10 6
10 3
12 3
14 3
2 15
12 14
15 13
14 15
10 12
13 11
12 13
8 10
11 9
10 11
6 8
9 7
8 9
4 6
7 5
6 7
0 4
5 1
4 5
3 0
2 3
1 2
0 1
14
3 -2 -1 -26
3 1 -20 -23
3 -17 -3 -14
3 3 2 -4
3 -11 4 -5
3 5 -6 -8
4 -27 7 -10 6
4 10 9 -13 8
4 13 12 -16 11
4 16 15 -19 14
4 19 18 -22 17
4 22 21 -25 20
4 25 24 -29 23
4 29 28 27 26
0
0
13
*
8
2500.000000 16466.001953 1672.015991
2519.714111 16466.001953 1672.015991
2145.683105 16466.001953 687.226990
2145.683105 16466.001953 664.255005
2500.000000 16466.001953 687.226990
2539.278076 16466.001953 687.226990
2519.714111 16466.001953 687.226990
2539.278076 16466.001953 664.255005
0
13
7 6
6 5
5 7
7 4
4 6
3 4
7 3
2 4
3 2
1 4
4 0
0 1
1 6
6
3 -5 -10 13
3 10 11 12
3 8 -6 9
3 6 -4 7
3 4 5 -1
3 1 2 3
0
0
13
*
16
2500.000000 16431.892578 1672.015991
2500.000000 16466.001953 1672.015991
2500.000000 16466.001953 687.226990
2500.000000 16431.892578 687.226990
2519.714111 16431.892578 1672.015991
2519.714111 16466.001953 1672.015991
2519.714111 16431.892578 687.226990
2519.714111 16466.001953 687.226990
2539.278076 16431.892578 687.226990
2539.278076 16466.001953 687.226990
2539.278076 16431.892578 664.255005
2539.278076 16466.001953 664.255005
2145.683105 16431.892578 664.255005
2145.683105 16466.001953 664.255005
2145.683105 16431.892578 687.226990
2145.683105 16466.001953 687.226990
0
29
0 6
6 3
10 6
10 3
12 3
14 3
2 15
12 14
15 13
14 15
10 12
13 11
12 13
8 10
11 9
10 11
6 8
9 7
8 9
4 6
7 5
6 7
0 4
5 1
4 5
3 0
2 3
1 2
0 1
14
3 -2 -1 -26
3 1 -20 -23
3 -17 -3 -14
3 3 2 -4
3 -11 4 -5
3 5 -6 -8
4 -27 7 -10 6
4 10 9 -13 8
4 13 12 -16 11
4 16 15 -19 14
4 19 18 -22 17
4 22 21 -25 20
4 25 24 -29 23
4 29 28 27 26
0
0
13
*
8
2500.000000 14736.636719 1672.015991
2519.714111 14736.636719 1672.015991
2145.683105 14736.636719 687.226990
2145.683105 14736.636719 664.255005
2500.000000 14736.636719 687.226990
2539.278076 14736.636719 687.226990
2519.714111 14736.636719 687.226990
2539.278076 14736.636719 664.255005
0
13
7 6
6 5
5 7
7 4
4 6
3 4
7 3
2 4
3 2
1 4
4 0
0 1
1 6
6
3 -5 -10 13
3 10 11 12
3 8 -6 9
3 6 -4 7
3 4 5 -1
3 1 2 3
0
0
13
*
16
2500.000000 14702.527344 1672.015991
2500.000000 14736.636719 1672.015991
2500.000000 14736.636719 687.226990
2500.000000 14702.527344 687.226990
2519.714111 14702.527344 1672.015991
2519.714111 14736.636719 1672.015991
2519.714111 14702.527344 687.226990
2519.714111 14736.636719 687.226990
2539.278076 14702.527344 687.226990
2539.278076 14736.636719 687.226990
2539.278076 14702.527344 664.255005
2539.278076 14736.636719 664.255005
2145.683105 14702.527344 664.255005
2145.683105 14736.636719 664.255005
2145.683105 14702.527344 687.226990
2145.683105 14736.636719 687.226990
0
29
0 6
6 3
10 6
10 3
12 3
14 3
2 15
12 14
15 13
14 15
10 12
13 11
12 13
8 10
11 9
10 11
6 8
9 7
8 9
4 6
7 5
6 7
0 4
5 1
4 5
3 0
2 3
1 2
0 1
14
3 -2 -1 -26
3 1 -20 -23
3 -17 -3 -14
3 3 2 -4
3 -11 4 -5
3 5 -6 -8
4 -27 7 -10 6
4 10 9 -13 8
4 13 12 -16 11
4 16 15 -19 14
4 19 18 -22 17
4 22 21 -25 20
4 25 24 -29 23
4 29 28 27 26
0
0
13
*
8
2500.000000 -4286.374512 1672.015991
2519.714111 -4286.374512 1672.015991
2145.683105 -4286.374512 687.226990
2145.683105 -4286.374512 664.255005
2500.000000 -4286.374512 687.226990
2539.278076 -4286.374512 687.226990
2519.714111 -4286.374512 687.226990
2539.278076 -4286.374512 664.255005
0
13
7 6
6 5
5 7
7 4
4 6
3 4
7 3
2 4
3 2
1 4
4 0
0 1
1 6
6
3 -5 -10 13
3 10 11 12
3 8 -6 9
3 6 -4 7
3 4 5 -1
3 1 2 3
0
0
13
*
16
2500.000000 -4320.484375 1672.015991
2500.000000 -4286.374512 1672.015991
2500.000000 -4286.374512 687.226990
2500.000000 -4320.484375 687.226990
2519.714111 -4320.484375 1672.015991
2519.714111 -4286.374512 1672.015991
2519.714111 -4320.484375 687.226990
2519.714111 -4286.374512 687.226990
2539.278076 -4320.484375 687.226990
2539.278076 -4286.374512 687.226990
2539.278076 -4320.484375 664.255005
2539.278076 -4286.374512 664.255005
2145.683105 -4320.484375 664.255005
2145.683105 -4286.374512 664.255005
2145.683105 -4320.484375 687.226990
2145.683105 -4286.374512 687.226990
0
29
0 6
6 3
10 6
10 3
12 3
14 3
2 15
12 14
15 13
14 15
10 12
13 11
12 13
8 10
11 9
10 11
6 8
9 7
8 9
4 6
7 5
6 7
0 4
5 1
4 5
3 0
2 3
1 2
0 1
14
3 -2 -1 -26
3 1 -20 -23
3 -17 -3 -14
3 3 2 -4
3 -11 4 -5
3 5 -6 -8
4 -27 7 -10 6
4 10 9 -13 8
4 13 12 -16 11
4 16 15 -19 14
4 19 18 -22 17
4 22 21 -25 20
4 25 24 -29 23
4 29 28 27 26
0
0
13
*
8
2500.000000 -6015.738770 1672.015991
2519.714111 -6015.738770 1672.015991
2145.683105 -6015.738770 687.226990
2145.683105 -6015.738770 664.255005
2500.000000 -6015.738770 687.226990
2539.278076 -6015.738770 687.226990
2519.714111 -6015.738770 687.226990
2539.278076 -6015.738770 664.255005
0
13
7 6
6 5
5 7
7 4
4 6
3 4
7 3
2 4
3 2
1 4
4 0
0 1
1 6
6
3 -5 -10 13
3 10 11 12
3 8 -6 9
3 6 -4 7
3 4 5 -1
3 1 2 3
0
0
13
*
16
2500.000000 -6049.849121 1672.015991
2500.000000 -6015.738770 1672.015991
2500.000000 -6015.738770 687.226990
2500.000000 -6049.849121 687.226990
2519.714111 -6049.849121 1672.015991
2519.714111 -6015.738770 1672.015991
2519.714111 -6049.849121 687.226990
2519.714111 -6015.738770 687.226990
2539.278076 -6049.849121 687.226990
2539.278076 -6015.738770 687.226990
2539.278076 -6049.849121 664.255005
2539.278076 -6015.738770 664.255005
2145.683105 -6049.849121 664.255005
2145.683105 -6015.738770 664.255005
2145.683105 -6049.849121 687.226990
2145.683105 -6015.738770 687.226990
0
29
0 6
6 3
10 6
10 3
12 3
14 3
2 15
12 14
15 13
14 15
10 12
13 11
12 13
8 10
11 9
10 11
6 8
9 7
8 9
4 6
7 5
6 7
0 4
5 1
4 5
3 0
2 3
1 2
0 1
14
3 -2 -1 -26
3 1 -20 -23
3 -17 -3 -14
3 3 2 -4
3 -11 4 -5
3 5 -6 -8
4 -27 7 -10 6
4 10 9 -13 8
4 13 12 -16 11
4 16 15 -19 14
4 19 18 -22 17
4 22 21 -25 20
4 25 24 -29 23
4 29 28 27 26
0
0
13
*
8
-2519.713867 -827.645081 1672.015991
-2500.000000 -827.645081 1672.015991
-2539.277832 -827.645081 687.226990
-2519.713867 -827.645081 687.226990
-2539.277832 -827.645081 664.255005
-2145.682617 -827.645081 687.226990
-2500.000000 -827.645081 687.226990
-2145.682617 -827.645081 664.255005
0
13
7 6
6 5
5 7
7 4
4 6
4 3
3 6
2 3
4 2
1 3
3 0
0 1
1 6
6
3 -7 -10 13
3 10 11 12
3 8 -6 9
3 6 7 -5
3 4 5 -1
3 1 2 3
0
0
13
*
16
-2500.000000 -861.755005 687.226990
-2500.000000 -827.645081 687.226990
-2500.000000 -827.645081 1672.015991
-2500.000000 -861.755005 1672.015991
-2519.713867 -827.645081 1672.015991
-2519.713867 -861.755005 1672.015991
-2519.713867 -827.645081 687.226990
-2519.713867 -861.755005 687.226990
-2539.277832 -827.645081 687.226990
-2539.277832 -861.755005 687.226990
-2539.277832 -827.645081 664.255005
-2539.277832 -861.755005 664.255005
-2145.682617 -827.645081 664.255005
-2145.682617 -861.755005 664.255005
-2145.682617 -827.645081 687.226990
-2145.682617 -861.755005 687.226990
0
29
5 0
13 0
0 7
11 0
11 7
0 15
14 1
15 13
14 15
12 14
13 11
12 13
10 12
11 9
10 11
8 10
9 7
8 9
6 8
7 5
6 7
4 6
5 3
4 5
2 4
3 0
2 3
1 2
0 1
14
3 -3 -1 -20
3 1 -26 -23
3 -6 -2 -8
3 2 -4 -11
3 4 3 -5
3 5 -17 -14
4 -9 7 -29 6
4 -12 10 9 8
4 -15 13 12 11
4 -18 16 15 14
4 -21 19 18 17
4 -24 22 21 20
4 -27 25 24 23
4 29 28 27 26
0
0
13
*
8
-2519.713867 901.719543 1672.015991
-2500.000000 901.719543 1672.015991
-2539.277832 901.719543 687.226990
-2519.713867 901.719543 687.226990
-2539.277832 901.719543 664.255005
-2145.682617 901.719543 687.226990
-2500.000000 901.719543 687.226990
-2145.682617 901.719543 664.255005
0
13
7 6
6 5
5 7
7 4
4 6
4 3
3 6
2 3
4 2
1 3
3 0
0 1
1 6
6
3 -7 -10 13
3 10 11 12
3 8 -6 9
3 6 7 -5
3 4 5 -1
3 1 2 3
0
0
13
*
16
-2500.000000 867.609619 687.226990
-2500.000000 901.719543 687.226990
-2500.000000 901.719543 1672.015991
-2500.000000 867.609619 1672.015991
-2519.713867 901.719543 1672.015991
-2519.713867 867.609619 1672.015991
-2519.713867 901.719543 687.226990
-2519.713867 867.609619 687.226990
-2539.277832 901.719543 687.226990
-2539.277832 867.609619 687.226990
-2539.277832 901.719543 664.255005
-2539.277832 867.609619 664.255005
-2145.682617 901.719543 664.255005
-2145.682617 867.609619 664.255005
-2145.682617 901.719543 687.226990
-2145.682617 867.609619 687.226990
0
29
5 0
13 0
0 7
11 0
11 7
0 15
14 1
15 13
14 15
12 14
13 11
12 13
10 12
11 9
10 11
8 10
9 7
8 9
6 8
7 5
6 7
4 6
5 3
4 5
2 4
3 0
2 3
1 2
0 1
14
3 -3 -1 -20
3 1 -26 -23
3 -6 -2 -8
3 2 -4 -11
3 4 3 -5
3 5 -17 -14
4 -9 7 -29 6
4 -12 10 9 8
4 -15 13 12 11
4 -18 16 15 14
4 -21 19 18 17
4 -24 22 21 20
4 -27 25 24 23
4 29 28 27 26
0
0
13
*
8
-2519.713867 2631.084473 1672.015991
-2500.000000 2631.084473 1672.015991
-2539.277832 2631.084473 687.226990
-2519.713867 2631.084473 687.226990
-2539.277832 2631.084473 664.255005
-2145.682617 2631.084473 687.226990
-2500.000000 2631.084473 687.226990
-2145.682617 2631.084473 664.255005
0
13
7 6
6 5
5 7
7 4
4 6
4 3
3 6
2 3
4 2
1 3
3 0
0 1
1 6
6
3 -7 -10 13
3 10 11 12
3 8 -6 9
3 6 7 -5
3 4 5 -1
3 1 2 3
0
0
13
*
16
-2500.000000 2596.973877 687.226990
-2500.000000 2631.084473 687.226990
-2500.000000 2631.084473 1672.015991
-2500.000000 2596.973877 1672.015991
-2519.713867 2631.084473 1672.015991
-2519.713867 2596.973877 1672.015991
-2519.713867 2631.084473 687.226990
-2519.713867 2596.973877 687.226990
-2539.277832 2631.084473 687.226990
-2539.277832 2596.973877 687.226990
-2539.277832 2631.084473 664.255005
-2539.277832 2596.973877 664.255005
-2145.682617 2631.084473 664.255005
-2145.682617 2596.973877 664.255005
-2145.682617 2631.084473 687.226990
-2145.682617 2596.973877 687.226990
0
29
5 0
13 0
0 7
11 0
11 7
0 15
14 1
15 13
14 15
12 14
13 11
12 13
10 12
11 9
10 11
8 10
9 7
8 9
6 8
7 5
6 7
4 6
5 3
4 5
2 4
3 0
2 3
1 2
0 1
14
3 -3 -1 -20
3 1 -26 -23
3 -6 -2 -8
3 2 -4 -11
3 4 3 -5
3 5 -17 -14
4 -9 7 -29 6
4 -12 10 9 8
4 -15 13 12 11
4 -18 16 15 14
4 -21 19 18 17
4 -24 22 21 20
4 -27 25 24 23
4 29 28 27 26
0
0
13
*
8
-2519.713867 4360.448730 1672.015991
-2500.000000 4360.448730 1672.015991
-2539.277832 4360.448730 687.226990
-2519.713867 4360.448730 687.226990
-2539.277832 4360.448730 664.255005
-2145.682617 4360.448730 687.226990
-2500.000000 4360.448730 687.226990
-2145.682617 4360.448730 664.255005
0
13
7 6
6 5
5 7
7 4
4 6
4 3
3 6
2 3
4 2
1 3
3 0
0 1
1 6
6
3 -7 -10 13
3 10 11 12
3 8 -6 9
3 6 7 -5
3 4 5 -1
3 1 2 3
0
0
13
*
16
-2500.000000 4326.338867 687.226990
-2500.000000 4360.448730 687.226990
-2500.000000 4360.448730 1672.015991
-2500.000000 4326.338867 1672.015991
-2519.713867 4360.448730 1672.015991
-2519.713867 4326.338867 1672.015991
-2519.713867 4360.448730 687.226990
-2519.713867 4326.338867 687.226990
-2539.277832 4360.448730 687.226990
-2539.277832 4326.338867 687.226990
-2539.277832 4360.448730 664.255005
-2539.277832 4326.338867 664.255005
-2145.682617 4360.448730 664.255005
-2145.682617 4326.338867 664.255005
-2145.682617 4360.448730 687.226990
-2145.682617 4326.338867 687.226990
0
29
5 0
13 0
0 7
11 0
11 7
0 15
14 1
15 13
14 15
12 14
13 11
12 13
10 12
11 9
10 11
8 10
9 7
8 9
6 8
7 5
6 7
4 6
5 3
4 5
2 4
3 0
2 3
1 2
0 1
14
3 -3 -1 -20
3 1 -26 -23
3 -6 -2 -8
3 2 -4 -11
3 4 3 -5
3 5 -17 -14
4 -9 7 -29 6
4 -12 10 9 8
4 -15 13 12 11
4 -18 16 15 14
4 -21 19 18 17
4 -24 22 21 20
4 -27 25 24 23
4 29 28 27 26
0
0
13
*
8
2480.285889 6106.708496 1656.805054
2500.000000 6106.708496 1656.805054
2125.968994 6106.708496 672.015991
2125.968994 6106.708496 649.044006
2480.285889 6106.708496 672.015991
2519.563965 6106.708496 672.015991
2500.000000 6106.708496 672.015991
2519.563965 6106.708496 649.044006
0
13
7 6
6 5
5 7
7 4
4 6
3 4
7 3
2 4
3 2
1 4
4 0
0 1
1 6
6
3 -5 -10 13
3 10 11 12
3 8 -6 9
3 6 -4 7
3 4 5 -1
3 1 2 3
0
0
13
*
16
2480.285889 6072.598633 1656.805054
2480.285889 6106.708496 1656.805054
2480.285889 6106.708496 672.015991
2480.285889 6072.598633 672.015991
2500.000000 6072.598633 1656.805054
2500.000000 6106.708496 1656.805054
2500.000000 6072.598633 672.015991
2500.000000 6106.708496 672.015991
2519.563965 6072.598633 672.015991
2519.563965 6106.708496 672.015991
2519.563965 6072.598633 649.044006
2519.563965 6106.708496 649.044006
2125.968994 6072.598633 649.044006
2125.968994 6106.708496 649.044006
2125.968994 6072.598633 672.015991
2125.968994 6106.708496 672.015991
0
29
0 6
6 3
10 6
10 3
12 3
14 3
2 15
12 14
15 13
14 15
10 12
13 11
12 13
8 10
11 9
10 11
6 8
9 7
8 9
4 6
7 5
6 7
0 4
5 1
4 5
3 0
2 3
1 2
0 1
14
3 -2 -1 -26
3 1 -20 -23
3 -17 -3 -14
3 3 2 -4
3 -11 4 -5
3 5 -6 -8
4 -27 7 -10 6
4 10 9 -13 8
4 13 12 -16 11
4 16 15 -19 14
4 19 18 -22 17
4 22 21 -25 20
4 25 24 -29 23
4 29 28 27 26
0
0
13
*
8
2480.285889 7836.074219 1656.805054
2500.000000 7836.074219 1656.805054
2125.968994 7836.074219 672.015991
2125.968994 7836.074219 649.044006
2480.285889 7836.074219 672.015991
2519.563965 7836.074219 672.015991
2500.000000 7836.074219 672.015991
2519.563965 7836.074219 649.044006
0
13
7 6
6 5
5 7
7 4
4 6
3 4
7 3
2 4
3 2
1 4
4 0
0 1
1 6
6
3 -5 -10 13
3 10 11 12
3 8 -6 9
3 6 -4 7
3 4 5 -1
3 1 2 3
0
0
13
*
16
2480.285889 7801.963867 1656.805054
2480.285889 7836.074219 1656.805054
2480.285889 7836.074219 672.015991
2480.285889 7801.963867 672.015991
2500.000000 7801.963867 1656.805054
2500.000000 7836.074219 1656.805054
2500.000000 7801.963867 672.015991
2500.000000 7836.074219 672.015991
2519.563965 7801.963867 672.015991
2519.563965 7836.074219 672.015991
2519.563965 7801.963867 649.044006
2519.563965 7836.074219 649.044006
2125.968994 7801.963867 649.044006
2125.968994 7836.074219 649.044006
2125.968994 7801.963867 672.015991
2125.968994 7836.074219 672.015991
0
29
0 6
6 3
10 6
10 3
12 3
14 3
2 15
12 14
15 13
14 15
10 12
13 11
12 13
8 10
11 9
10 11
6 8
9 7
8 9
4 6
7 5
6 7
0 4
5 1
4 5
3 0
2 3
1 2
0 1
14
3 -2 -1 -26
3 1 -20 -23
3 -17 -3 -14
3 3 2 -4
3 -11 4 -5
3 5 -6 -8
4 -27 7 -10 6
4 10 9 -13 8
4 13 12 -16 11
4 16 15 -19 14
4 19 18 -22 17
4 22 21 -25 20
4 25 24 -29 23
4 29 28 27 26
0
0
13
*
8
2480.285889 9565.437500 1656.805054
2500.000000 9565.437500 1656.805054
2125.968994 9565.437500 672.015991
2125.968994 9565.437500 649.044006
2480.285889 9565.437500 672.015991
2519.563965 9565.437500 672.015991
2500.000000 9565.437500 672.015991
2519.563965 9565.437500 649.044006
0
13
7 6
6 5
5 7
7 4
4 6
3 4
7 3
2 4
3 2
1 4
4 0
0 1
1 6
6
3 -5 -10 13
3 10 11 12
3 8 -6 9
3 6 -4 7
3 4 5 -1
3 1 2 3
0
0
13
*
16
2480.285889 9531.329102 1656.805054
2480.285889 9565.437500 1656.805054
2480.285889 9565.437500 672.015991
2480.285889 9531.329102 672.015991
2500.000000 9531.329102 1656.805054
2500.000000 9565.437500 1656.805054
2500.000000 9531.329102 672.015991
2500.000000 9565.437500 672.015991
2519.563965 9531.329102 672.015991
2519.563965 9565.437500 672.015991
2519.563965 9531.329102 649.044006
2519.563965 9565.437500 649.044006
2125.968994 9531.329102 649.044006
2125.968994 9565.437500 649.044006
2125.968994 9531.329102 672.015991
2125.968994 9565.437500 672.015991
0
29
0 6
6 3
10 6
10 3
12 3
14 3
2 15
12 14
15 13
14 15
10 12
13 11
12 13
8 10
11 9
10 11
6 8
9 7
8 9
4 6
7 5
6 7
0 4
5 1
4 5
3 0
2 3
1 2
0 1
14
3 -2 -1 -26
3 1 -20 -23
3 -17 -3 -14
3 3 2 -4
3 -11 4 -5
3 5 -6 -8
4 -27 7 -10 6
4 10 9 -13 8
4 13 12 -16 11
4 16 15 -19 14
4 19 18 -22 17
4 22 21 -25 20
4 25 24 -29 23
4 29 28 27 26
0
0
13
*
8
-2539.428223 6106.708496 1656.805054
-2519.713867 6106.708496 1656.805054
-2558.991699 6106.708496 672.015991
-2539.428223 6106.708496 672.015991
-2558.991699 6106.708496 649.044006
-2165.396973 6106.708496 672.015991
-2519.713867 6106.708496 672.015991
-2165.396973 6106.708496 649.044006
0
13
7 6
6 5
5 7
7 4
4 6
4 3
3 6
2 3
4 2
1 3
3 0
0 1
1 6
6
3 -7 -10 13
3 10 11 12
3 8 -6 9
3 6 7 -5
3 4 5 -1
3 1 2 3
0
0
13
*
16
-2519.713867 6072.598633 672.015991
-2519.713867 6106.708496 672.015991
-2519.713867 6106.708496 1656.805054
-2519.713867 6072.598633 1656.805054
-2539.428223 6106.708496 1656.805054
-2539.428223 6072.598633 1656.805054
-2539.428223 6106.708496 672.015991
-2539.428223 6072.598633 672.015991
-2558.991699 6106.708496 672.015991
-2558.991699 6072.598633 672.015991
-2558.991699 6106.708496 649.044006
-2558.991699 6072.598633 649.044006
-2165.396973 6106.708496 649.044006
-2165.396973 6072.598633 649.044006
-2165.396973 6106.708496 672.015991
-2165.396973 6072.598633 672.015991
0
29
5 0
13 0
0 7
11 0
11 7
0 15
14 1
15 13
14 15
12 14
13 11
12 13
10 12
11 9
10 11
8 10
9 7
8 9
6 8
7 5
6 7
4 6
5 3
4 5
2 4
3 0
2 3
1 2
0 1
14
3 -3 -1 -20
3 1 -26 -23
3 -6 -2 -8
3 2 -4 -11
3 4 3 -5
3 5 -17 -14
4 -9 7 -29 6
4 -12 10 9 8
4 -15 13 12 11
4 -18 16 15 14
4 -21 19 18 17
4 -24 22 21 20
4 -27 25 24 23
4 29 28 27 26
0
0
13
*
8
-2539.428223 7836.074219 1656.805054
-2519.713867 7836.074219 1656.805054
-2558.991699 7836.074219 672.015991
-2539.428223 7836.074219 672.015991
-2558.991699 7836.074219 649.044006
-2165.396973 7836.074219 672.015991
-2519.713867 7836.074219 672.015991
-2165.396973 7836.074219 649.044006
0
13
7 6
6 5
5 7
7 4
4 6
4 3
3 6
2 3
4 2
1 3
3 0
0 1
1 6
6
3 -7 -10 13
3 10 11 12
3 8 -6 9
3 6 7 -5
3 4 5 -1
3 1 2 3
0
0
13
*
16
-2519.713867 7801.963867 672.015991
-2519.713867 7836.074219 672.015991
-2519.713867 7836.074219 1656.805054
-2519.713867 7801.963867 1656.805054
-2539.428223 7836.074219 1656.805054
-2539.428223 7801.963867 1656.805054
-2539.428223 7836.074219 672.015991
-2539.428223 7801.963867 672.015991
-2558.991699 7836.074219 672.015991
-2558.991699 7801.963867 672.015991
-2558.991699 7836.074219 649.044006
-2558.991699 7801.963867 649.044006
-2165.396973 7836.074219 649.044006
-2165.396973 7801.963867 649.044006
-2165.396973 7836.074219 672.015991
-2165.396973 7801.963867 672.015991
0
29
5 0
13 0
0 7
11 0
11 7
0 15
14 1
15 13
14 15
12 14
13 11
12 13
10 12
11 9
10 11
8 10
9 7
8 9
6 8
7 5
6 7
4 6
5 3
4 5
2 4
3 0
2 3
1 2
0 1
14
3 -3 -1 -20
3 1 -26 -23
3 -6 -2 -8
3 2 -4 -11
3 4 3 -5
3 5 -17 -14
4 -9 7 -29 6
4 -12 10 9 8
4 -15 13 12 11
4 -18 16 15 14
4 -21 19 18 17
4 -24 22 21 20
4 -27 25 24 23
4 29 28 27 26
0
0
13
*
8
-2539.428223 9565.437500 1656.805054
-2519.713867 9565.437500 1656.805054
-2558.991699 9565.437500 672.015991
-2539.428223 9565.437500 672.015991
-2558.991699 9565.437500 649.044006
-2165.396973 9565.437500 672.015991
-2519.713867 9565.437500 672.015991
-2165.396973 9565.437500 649.044006
0
13
7 6
6 5
5 7
7 4
4 6
4 3
3 6
2 3
4 2
1 3
3 0
0 1
1 6
6
3 -7 -10 13
3 10 11 12
3 8 -6 9
3 6 7 -5
3 4 5 -1
3 1 2 3
0
0
13
*
16
-2519.713867 9531.329102 672.015991
-2519.713867 9565.437500 672.015991
-2519.713867 9565.437500 1656.805054
-2519.713867 9531.329102 1656.805054
-2539.428223 9565.437500 1656.805054
-2539.428223 9531.329102 1656.805054
-2539.428223 9565.437500 672.015991
-2539.428223 9531.329102 672.015991
-2558.991699 9565.437500 672.015991
-2558.991699 9531.329102 672.015991
-2558.991699 9565.437500 649.044006
-2558.991699 9531.329102 649.044006
-2165.396973 9565.437500 649.044006
-2165.396973 9531.329102 649.044006
-2165.396973 9565.437500 672.015991
-2165.396973 9531.329102 672.015991
0
29
5 0
13 0
0 7
11 0
11 7
0 15
14 1
15 13
14 15
12 14
13 11
12 13
10 12
11 9
10 11
8 10
9 7
8 9
6 8
7 5
6 7
4 6
5 3
4 5
2 4
3 0
2 3
1 2
0 1
14
3 -3 -1 -20
3 1 -26 -23
3 -6 -2 -8
3 2 -4 -11
3 4 3 -5
3 5 -17 -14
4 -9 7 -29 6
4 -12 10 9 8
4 -15 13 12 11
4 -18 16 15 14
4 -21 19 18 17
4 -24 22 21 20
4 -27 25 24 23
4 29 28 27 26
0
0
13
*
8
2500.000000 901.719543 1672.015991
2519.714111 901.719543 1672.015991
2145.683105 901.719543 687.226990
2145.683105 901.719543 664.255005
2500.000000 901.719543 687.226990
2539.278076 901.719543 687.226990
2519.714111 901.719543 687.226990
2539.278076 901.719543 664.255005
0
13
7 6
6 5
5 7
7 4
4 6
3 4
7 3
2 4
3 2
1 4
4 0
0 1
1 6
6
3 -5 -10 13
3 10 11 12
3 8 -6 9
3 6 -4 7
3 4 5 -1
3 1 2 3
0
0
13
*
16
2500.000000 867.609619 1672.015991
2500.000000 901.719543 1672.015991
2500.000000 901.719543 687.226990
2500.000000 867.609619 687.226990
2519.714111 867.609619 1672.015991
2519.714111 901.719543 1672.015991
2519.714111 867.609619 687.226990
2519.714111 901.719543 687.226990
2539.278076 867.609619 687.226990
2539.278076 901.719543 687.226990
2539.278076 867.609619 664.255005
2539.278076 901.719543 664.255005
2145.683105 867.609619 664.255005
2145.683105 901.719543 664.255005
2145.683105 867.609619 687.226990
2145.683105 901.719543 687.226990
0
29
0 6
6 3
10 6
10 3
12 3
14 3
2 15
12 14
15 13
14 15
10 12
13 11
12 13
8 10
11 9
10 11
6 8
9 7
8 9
4 6
7 5
6 7
0 4
5 1
4 5
3 0
2 3
1 2
0 1
14
3 -2 -1 -26
3 1 -20 -23
3 -17 -3 -14
3 3 2 -4
3 -11 4 -5
3 5 -6 -8
4 -27 7 -10 6
4 10 9 -13 8
4 13 12 -16 11
4 16 15 -19 14
4 19 18 -22 17
4 22 21 -25 20
4 25 24 -29 23
4 29 28 27 26
0
0
13
*
8
2500.000000 2631.084473 1672.015991
2519.714111 2631.084473 1672.015991
2145.683105 2631.084473 687.226990
2145.683105 2631.084473 664.255005
2500.000000 2631.084473 687.226990
2539.278076 2631.084473 687.226990
2519.714111 2631.084473 687.226990
2539.278076 2631.084473 664.255005
0
13
7 6
6 5
5 7
7 4
4 6
3 4
7 3
2 4
3 2
1 4
4 0
0 1
1 6
6
3 -5 -10 13
3 10 11 12
3 8 -6 9
3 6 -4 7
3 4 5 -1
3 1 2 3
0
0
13
*
16
2500.000000 2596.973877 1672.015991
2500.000000 2631.084473 1672.015991
2500.000000 2631.084473 687.226990
2500.000000 2596.973877 687.226990
2519.714111 2596.973877 1672.015991
2519.714111 2631.084473 1672.015991
2519.714111 2596.973877 687.226990
2519.714111 2631.084473 687.226990
2539.278076 2596.973877 687.226990
2539.278076 2631.084473 687.226990
2539.278076 2596.973877 664.255005
2539.278076 2631.084473 664.255005
2145.683105 2596.973877 664.255005
2145.683105 2631.084473 664.255005
2145.683105 2596.973877 687.226990
2145.683105 2631.084473 687.226990
0
29
0 6
6 3
10 6
10 3
12 3
14 3
2 15
12 14
15 13
14 15
10 12
13 11
12 13
8 10
11 9
10 11
6 8
9 7
8 9
4 6
7 5
6 7
0 4
5 1
4 5
3 0
2 3
1 2
0 1
14
3 -2 -1 -26
3 1 -20 -23
3 -17 -3 -14
3 3 2 -4
3 -11 4 -5
3 5 -6 -8
4 -27 7 -10 6
4 10 9 -13 8
4 13 12 -16 11
4 16 15 -19 14
4 19 18 -22 17
4 22 21 -25 20
4 25 24 -29 23
4 29 28 27 26
0
0
13
*
8
2500.000000 4360.448730 1672.015991
2519.714111 4360.448730 1672.015991
2145.683105 4360.448730 687.226990
2145.683105 4360.448730 664.255005
2500.000000 4360.448730 687.226990
2539.278076 4360.448730 687.226990
2519.714111 4360.448730 687.226990
2539.278076 4360.448730 664.255005
0
13
7 6
6 5
5 7
7 4
4 6
3 4
7 3
2 4
3 2
1 4
4 0
0 1
1 6
6
3 -5 -10 13
3 10 11 12
3 8 -6 9
3 6 -4 7
3 4 5 -1
3 1 2 3
0
0
13
*
16
2500.000000 4326.338867 1672.015991
2500.000000 4360.448730 1672.015991
2500.000000 4360.448730 687.226990
2500.000000 4326.338867 687.226990
2519.714111 4326.338867 1672.015991
2519.714111 4360.448730 1672.015991
2519.714111 4326.338867 687.226990
2519.714111 4360.448730 687.226990
2539.278076 4326.338867 687.226990
2539.278076 4360.448730 687.226990
2539.278076 4326.338867 664.255005
2539.278076 4360.448730 664.255005
2145.683105 4326.338867 664.255005
2145.683105 4360.448730 664.255005
2145.683105 4326.338867 687.226990
2145.683105 4360.448730 687.226990
0
29
0 6
6 3
10 6
10 3
12 3
14 3
2 15
12 14
15 13
14 15
10 12
13 11
12 13
8 10
11 9
10 11
6 8
9 7
8 9
4 6
7 5
6 7
0 4
5 1
4 5
3 0
2 3
1 2
0 1
14
3 -2 -1 -26
3 1 -20 -23
3 -17 -3 -14
3 3 2 -4
3 -11 4 -5
3 5 -6 -8
4 -27 7 -10 6
4 10 9 -13 8
4 13 12 -16 11
4 16 15 -19 14
4 19 18 -22 17
4 22 21 -25 20
4 25 24 -29 23
4 29 28 27 26
0
0
13
*
8
2500.000000 -2557.009766 1672.015991
2519.714111 -2557.009766 1672.015991
2145.683105 -2557.009766 687.226990
2145.683105 -2557.009766 664.255005
2500.000000 -2557.009766 687.226990
2539.278076 -2557.009766 687.226990
2519.714111 -2557.009766 687.226990
2539.278076 -2557.009766 664.255005
0
13
7 6
6 5
5 7
7 4
4 6
3 4
7 3
2 4
3 2
1 4
4 0
0 1
1 6
6
3 -5 -10 13
3 10 11 12
3 8 -6 9
3 6 -4 7
3 4 5 -1
3 1 2 3
0
0
13
*
16
2500.000000 -2591.119629 1672.015991
2500.000000 -2557.009766 1672.015991
2500.000000 -2557.009766 687.226990
2500.000000 -2591.119629 687.226990
2519.714111 -2591.119629 1672.015991
2519.714111 -2557.009766 1672.015991
2519.714111 -2591.119629 687.226990
2519.714111 -2557.009766 687.226990
2539.278076 -2591.119629 687.226990
2539.278076 -2557.009766 687.226990
2539.278076 -2591.119629 664.255005
2539.278076 -2557.009766 664.255005
2145.683105 -2591.119629 664.255005
2145.683105 -2557.009766 664.255005
2145.683105 -2591.119629 687.226990
2145.683105 -2557.009766 687.226990
0
29
0 6
6 3
10 6
10 3
12 3
14 3
2 15
12 14
15 13
14 15
10 12
13 11
12 13
8 10
11 9
10 11
6 8
9 7
8 9
4 6
7 5
6 7
0 4
5 1
4 5
3 0
2 3
1 2
0 1
14
3 -2 -1 -26
3 1 -20 -23
3 -17 -3 -14
3 3 2 -4
3 -11 4 -5
3 5 -6 -8
4 -27 7 -10 6
4 10 9 -13 8
4 13 12 -16 11
4 16 15 -19 14
4 19 18 -22 17
4 22 21 -25 20
4 25 24 -29 23
4 29 28 27 26
0
0
13
*
8
2500.000000 -827.645081 1672.015991
2519.714111 -827.645081 1672.015991
2145.683105 -827.645081 687.226990
2145.683105 -827.645081 664.255005
2500.000000 -827.645081 687.226990
2539.278076 -827.645081 687.226990
2519.714111 -827.645081 687.226990
2539.278076 -827.645081 664.255005
0
13
7 6
6 5
5 7
7 4
4 6
3 4
7 3
2 4
3 2
1 4
4 0
0 1
1 6
6
3 -5 -10 13
3 10 11 12
3 8 -6 9
3 6 -4 7
3 4 5 -1
3 1 2 3
0
0
13
*
16
2500.000000 -861.755005 1672.015991
2500.000000 -827.645081 1672.015991
2500.000000 -827.645081 687.226990
2500.000000 -861.755005 687.226990
2519.714111 -861.755005 1672.015991
2519.714111 -827.645081 1672.015991
2519.714111 -861.755005 687.226990
2519.714111 -827.645081 687.226990
2539.278076 -861.755005 687.226990
2539.278076 -827.645081 687.226990
2539.278076 -861.755005 664.255005
2539.278076 -827.645081 664.255005
2145.683105 -861.755005 664.255005
2145.683105 -827.645081 664.255005
2145.683105 -861.755005 687.226990
2145.683105 -827.645081 687.226990
0
29
0 6
6 3
10 6
10 3
12 3
14 3
2 15
12 14
15 13
14 15
10 12
13 11
12 13
8 10
11 9
10 11
6 8
9 7
8 9
4 6
7 5
6 7
0 4
5 1
4 5
3 0
2 3
1 2
0 1
14
3 -2 -1 -26
3 1 -20 -23
3 -17 -3 -14
3 3 2 -4
3 -11 4 -5
3 5 -6 -8
4 -27 7 -10 6
4 10 9 -13 8
4 13 12 -16 11
4 16 15 -19 14
4 19 18 -22 17
4 22 21 -25 20
4 25 24 -29 23
4 29 28 27 26
0
0
13
*
8
-2519.713867 -2557.009766 1672.015991
-2500.000000 -2557.009766 1672.015991
-2539.277832 -2557.009766 687.226990
-2519.713867 -2557.009766 687.226990
-2539.277832 -2557.009766 664.255005
-2145.682617 -2557.009766 687.226990
-2500.000000 -2557.009766 687.226990
-2145.682617 -2557.009766 664.255005
0
13
7 6
6 5
5 7
7 4
4 6
4 3
3 6
2 3
4 2
1 3
3 0
0 1
1 6
6
3 -7 -10 13
3 10 11 12
3 8 -6 9
3 6 7 -5
3 4 5 -1
3 1 2 3
0
0
13
*
16
-2500.000000 -2591.119629 687.226990
-2500.000000 -2557.009766 687.226990
-2500.000000 -2557.009766 1672.015991
-2500.000000 -2591.119629 1672.015991
-2519.713867 -2557.009766 1672.015991
-2519.713867 -2591.119629 1672.015991
-2519.713867 -2557.009766 687.226990
-2519.713867 -2591.119629 687.226990
-2539.277832 -2557.009766 687.226990
-2539.277832 -2591.119629 687.226990
-2539.277832 -2557.009766 664.255005
-2539.277832 -2591.119629 664.255005
-2145.682617 -2557.009766 664.255005
-2145.682617 -2591.119629 664.255005
-2145.682617 -2557.009766 687.226990
-2145.682617 -2591.119629 687.226990
0
29
5 0
13 0
0 7
11 0
11 7
0 15
14 1
15 13
14 15
12 14
13 11
12 13
10 12
11 9
10 11
8 10
9 7
8 9
6 8
7 5
6 7
4 6
5 3
4 5
2 4
3 0
2 3
1 2
0 1
14
3 -3 -1 -20
3 1 -26 -23
3 -6 -2 -8
3 2 -4 -11
3 4 3 -5
3 5 -17 -14
4 -9 7 -29 6
4 -12 10 9 8
4 -15 13 12 11
4 -18 16 15 14
4 -21 19 18 17
4 -24 22 21 20
4 -27 25 24 23
4 29 28 27 26
0
0
13
*
8
2526.976074 -9457.572266 1656.805054
2546.689941 -9457.572266 1656.805054
2172.658936 -9457.572266 672.015991
2172.658936 -9457.572266 649.044006
2526.976074 -9457.572266 672.015991
2566.253906 -9457.572266 672.015991
2546.689941 -9457.572266 672.015991
2566.253906 -9457.572266 649.044006
0
13
7 6
6 5
5 7
7 4
4 6
3 4
7 3
2 4
3 2
1 4
4 0
0 1
1 6
6
3 -5 -10 13
3 10 11 12
3 8 -6 9
3 6 -4 7
3 4 5 -1
3 1 2 3
0
0
13
*
16
2526.976074 -9491.682617 1656.805054
2526.976074 -9457.572266 1656.805054
2526.976074 -9457.572266 672.015991
2526.976074 -9491.682617 672.015991
2546.689941 -9491.682617 1656.805054
2546.689941 -9457.572266 1656.805054
2546.689941 -9491.682617 672.015991
2546.689941 -9457.572266 672.015991
2566.253906 -9491.682617 672.015991
2566.253906 -9457.572266 672.015991
2566.253906 -9491.682617 649.044006
2566.253906 -9457.572266 649.044006
2172.658936 -9491.682617 649.044006
2172.658936 -9457.572266 649.044006
2172.658936 -9491.682617 672.015991
2172.658936 -9457.572266 672.015991
0
29
0 6
6 3
10 6
10 3
12 3
14 3
2 15
12 14
15 13
14 15
10 12
13 11
12 13
8 10
11 9
10 11
6 8
9 7
8 9
4 6
7 5
6 7
0 4
5 1
4 5
3 0
2 3
1 2
0 1
14
3 -2 -1 -26
3 1 -20 -23
3 -17 -3 -14
3 3 2 -4
3 -11 4 -5
3 5 -6 -8
4 -27 7 -10 6
4 10 9 -13 8
4 13 12 -16 11
4 16 15 -19 14
4 19 18 -22 17
4 22 21 -25 20
4 25 24 -29 23
4 29 28 27 26
0
0
13
*
8
2553.951904 -11170.042969 1641.594971
2573.666016 -11170.042969 1641.594971
2199.635010 -11170.042969 656.804993
2199.635010 -11170.042969 633.833984
2553.951904 -11170.042969 656.804993
2593.230957 -11170.042969 656.804993
2573.666016 -11170.042969 656.804993
2593.230957 -11170.042969 633.833984
0
13
7 6
6 5
5 7
7 4
4 6
3 4
7 3
2 4
3 2
1 4
4 0
0 1
1 6
6
3 -5 -10 13
3 10 11 12
3 8 -6 9
3 6 -4 7
3 4 5 -1
3 1 2 3
0
0
13
*
16
2553.951904 -11204.155273 1641.594971
2553.951904 -11170.042969 1641.594971
2553.951904 -11170.042969 656.804993
2553.951904 -11204.155273 656.804993
2573.666016 -11204.155273 1641.594971
2573.666016 -11170.042969 1641.594971
2573.666016 -11204.155273 656.804993
2573.666016 -11170.042969 656.804993
2593.230957 -11204.155273 656.804993
2593.230957 -11170.042969 656.804993
2593.230957 -11204.155273 633.833984
2593.230957 -11170.042969 633.833984
2199.635010 -11204.155273 633.833984
2199.635010 -11170.042969 633.833984
2199.635010 -11204.155273 656.804993
2199.635010 -11170.042969 656.804993
0
29
0 6
6 3
10 6
10 3
12 3
14 3
2 15
12 14
15 13
14 15
10 12
13 11
12 13
8 10
11 9
10 11
6 8
9 7
8 9
4 6
7 5
6 7
0 4
5 1
4 5
3 0
2 3
1 2
0 1
14
3 -2 -1 -26
3 1 -20 -23
3 -17 -3 -14
3 3 2 -4
3 -11 4 -5
3 5 -6 -8
4 -27 7 -10 6
4 10 9 -13 8
4 13 12 -16 11
4 16 15 -19 14
4 19 18 -22 17
4 22 21 -25 20
4 25 24 -29 23
4 29 28 27 26
0
0
13
*
8
2580.927979 -12882.514648 1626.384033
2600.642090 -12882.514648 1626.384033
2226.611084 -12882.514648 641.594971
2226.611084 -12882.514648 618.622986
2580.927979 -12882.514648 641.594971
2620.207031 -12882.514648 641.594971
2600.642090 -12882.514648 641.594971
2620.207031 -12882.514648 618.622986
0
13
7 6
6 5
5 7
7 4
4 6
3 4
7 3
2 4
3 2
1 4
4 0
0 1
1 6
6
3 -5 -10 13
3 10 11 12
3 8 -6 9
3 6 -4 7
3 4 5 -1
3 1 2 3
0
0
13
*
16
2580.927979 -12916.625000 1626.384033
2580.927979 -12882.514648 1626.384033
2580.927979 -12882.514648 641.594971
2580.927979 -12916.625000 641.594971
2600.642090 -12916.625000 1626.384033
2600.642090 -12882.514648 1626.384033
2600.642090 -12916.625000 641.594971
2600.642090 -12882.514648 641.594971
2620.207031 -12916.625000 641.594971
2620.207031 -12882.514648 641.594971
2620.207031 -12916.625000 618.622986
2620.207031 -12882.514648 618.622986
2226.611084 -12916.625000 618.622986
2226.611084 -12882.514648 618.622986
2226.611084 -12916.625000 641.594971
2226.611084 -12882.514648 641.594971
0
29
0 6
6 3
10 6
10 3
12 3
14 3
2 15
12 14
15 13
14 15
10 12
13 11
12 13
8 10
11 9
10 11
6 8
9 7
8 9
4 6
7 5
6 7
0 4
5 1
4 5
3 0
2 3
1 2
0 1
14
3 -2 -1 -26
3 1 -20 -23
3 -17 -3 -14
3 3 2 -4
3 -11 4 -5
3 5 -6 -8
4 -27 7 -10 6
4 10 9 -13 8
4 13 12 -16 11
4 16 15 -19 14
4 19 18 -22 17
4 22 21 -25 20
4 25 24 -29 23
4 29 28 27 26
0
0
13
*
8
2607.904053 -14594.984375 1611.173096
2627.617920 -14594.984375 1611.173096
2253.586914 -14594.984375 626.383972
2253.586914 -14594.984375 603.411987
2607.904053 -14594.984375 626.383972
2647.183105 -14594.984375 626.383972
2627.617920 -14594.984375 626.383972
2647.183105 -14594.984375 603.411987
0
13
7 6
6 5
5 7
7 4
4 6
3 4
7 3
2 4
3 2
1 4
4 0
0 1
1 6
6
3 -5 -10 13
3 10 11 12
3 8 -6 9
3 6 -4 7
3 4 5 -1
3 1 2 3
0
0
13
*
16
2607.904053 -14629.093750 1611.173096
2607.904053 -14594.984375 1611.173096
2607.904053 -14594.984375 626.383972
2607.904053 -14629.093750 626.383972
2627.617920 -14629.093750 1611.173096
2627.617920 -14594.984375 1611.173096
2627.617920 -14629.093750 626.383972
2627.617920 -14594.984375 626.383972
2647.183105 -14629.093750 626.383972
2647.183105 -14594.984375 626.383972
2647.183105 -14629.093750 603.411987
2647.183105 -14594.984375 603.411987
2253.586914 -14629.093750 603.411987
2253.586914 -14594.984375 603.411987
2253.586914 -14629.093750 626.383972
2253.586914 -14594.984375 626.383972
0
29
0 6
6 3
10 6
10 3
12 3
14 3
2 15
12 14
15 13
14 15
10 12
13 11
12 13
8 10
11 9
10 11
6 8
9 7
8 9
4 6
7 5
6 7
0 4
5 1
4 5
3 0
2 3
1 2
0 1
14
3 -2 -1 -26
3 1 -20 -23
3 -17 -3 -14
3 3 2 -4
3 -11 4 -5
3 5 -6 -8
4 -27 7 -10 6
4 10 9 -13 8
4 13 12 -16 11
4 16 15 -19 14
4 19 18 -22 17
4 22 21 -25 20
4 25 24 -29 23
4 29 28 27 26
0
0
13
*
8
-2546.689941 -9457.572266 1656.805054
-2526.976074 -9457.572266 1656.805054
-2566.253906 -9457.572266 672.015991
-2546.689941 -9457.572266 672.015991
-2566.253906 -9457.572266 649.044006
-2172.658691 -9457.572266 672.015991
-2526.976074 -9457.572266 672.015991
-2172.658691 -9457.572266 649.044006
0
13
7 6
6 5
5 7
7 4
4 6
4 3
3 6
2 3
4 2
1 3
3 0
0 1
1 6
6
3 -7 -10 13
3 10 11 12
3 8 -6 9
3 6 7 -5
3 4 5 -1
3 1 2 3
0
0
13
*
16
-2526.976074 -9491.682617 672.015991
-2526.976074 -9457.572266 672.015991
-2526.976074 -9457.572266 1656.805054
-2526.976074 -9491.682617 1656.805054
-2546.689941 -9457.572266 1656.805054
-2546.689941 -9491.682617 1656.805054
-2546.689941 -9457.572266 672.015991
-2546.689941 -9491.682617 672.015991
-2566.253906 -9457.572266 672.015991
-2566.253906 -9491.682617 672.015991
-2566.253906 -9457.572266 649.044006
-2566.253906 -9491.682617 649.044006
-2172.658691 -9457.572266 649.044006
-2172.658691 -9491.682617 649.044006
-2172.658691 -9457.572266 672.015991
-2172.658691 -9491.682617 672.015991
0
29
5 0
13 0
0 7
11 0
11 7
0 15
14 1
15 13
14 15
12 14
13 11
12 13
10 12
11 9
10 11
8 10
9 7
8 9
6 8
7 5
6 7
4 6
5 3
4 5
2 4
3 0
2 3
1 2
0 1
14
3 -3 -1 -20
3 1 -26 -23
3 -6 -2 -8
3 2 -4 -11
3 4 3 -5
3 5 -17 -14
4 -9 7 -29 6
4 -12 10 9 8
4 -15 13 12 11
4 -18 16 15 14
4 -21 19 18 17
4 -24 22 21 20
4 -27 25 24 23
4 29 28 27 26
0
0
13
*
8
-2573.666016 -11170.042969 1641.594971
-2553.952148 -11170.042969 1641.594971
-2593.231445 -11170.042969 656.804993
-2573.666016 -11170.042969 656.804993
-2593.231445 -11170.042969 633.833984
-2199.635254 -11170.042969 656.804993
-2553.952148 -11170.042969 656.804993
-2199.635254 -11170.042969 633.833984
0
13
7 6
6 5
5 7
7 4
4 6
4 3
3 6
2 3
4 2
1 3
3 0
0 1
1 6
6
3 -7 -10 13
3 10 11 12
3 8 -6 9
3 6 7 -5
3 4 5 -1
3 1 2 3
0
0
13
*
16
-2553.952148 -11204.155273 656.804993
-2553.952148 -11170.042969 656.804993
-2553.952148 -11170.042969 1641.594971
-2553.952148 -11204.155273 1641.594971
-2573.666016 -11170.042969 1641.594971
-2573.666016 -11204.155273 1641.594971
-2573.666016 -11170.042969 656.804993
-2573.666016 -11204.155273 656.804993
-2593.231445 -11170.042969 656.804993
-2593.231445 -11204.155273 656.804993
-2593.231445 -11170.042969 633.833984
-2593.231445 -11204.155273 633.833984
-2199.635254 -11170.042969 633.833984
-2199.635254 -11204.155273 633.833984
-2199.635254 -11170.042969 656.804993
-2199.635254 -11204.155273 656.804993
0
29
5 0
13 0
0 7
11 0
11 7
0 15
14 1
15 13
14 15
12 14
13 11
12 13
10 12
11 9
10 11
8 10
9 7
8 9
6 8
7 5
6 7
4 6
5 3
4 5
2 4
3 0
2 3
1 2
0 1
14
3 -3 -1 -20
3 1 -26 -23
3 -6 -2 -8
3 2 -4 -11
3 4 3 -5
3 5 -17 -14
4 -9 7 -29 6
4 -12 10 9 8
4 -15 13 12 11
4 -18 16 15 14
4 -21 19 18 17
4 -24 22 21 20
4 -27 25 24 23
4 29 28 27 26
0
0
13
*
8
-2600.642090 -12882.514648 1626.384033
-2580.927734 -12882.514648 1626.384033
-2620.207031 -12882.514648 641.594971
-2600.642090 -12882.514648 641.594971
-2620.207031 -12882.514648 618.622986
-2226.611328 -12882.514648 641.594971
-2580.927734 -12882.514648 641.594971
-2226.611328 -12882.514648 618.622986
0
13
7 6
6 5
5 7
7 4
4 6
4 3
3 6
2 3
4 2
1 3
3 0
0 1
1 6
6
3 -7 -10 13
3 10 11 12
3 8 -6 9
3 6 7 -5
3 4 5 -1
3 1 2 3
0
0
13
*
16
-2580.927734 -12916.625000 641.594971
-2580.927734 -12882.514648 641.594971
-2580.927734 -12882.514648 1626.384033
-2580.927734 -12916.625000 1626.384033
-2600.642090 -12882.514648 1626.384033
-2600.642090 -12916.625000 1626.384033
-2600.642090 -12882.514648 641.594971
-2600.642090 -12916.625000 641.594971
-2620.207031 -12882.514648 641.594971
-2620.207031 -12916.625000 641.594971
-2620.207031 -12882.514648 618.622986
-2620.207031 -12916.625000 618.622986
-2226.611328 -12882.514648 618.622986
-2226.611328 -12916.625000 618.622986
-2226.611328 -12882.514648 641.594971
-2226.611328 -12916.625000 641.594971
0
29
5 0
13 0
0 7
11 0
11 7
0 15
14 1
15 13
14 15
12 14
13 11
12 13
10 12
11 9
10 11
8 10
9 7
8 9
6 8
7 5
6 7
4 6
5 3
4 5
2 4
3 0
2 3
1 2
0 1
14
3 -3 -1 -20
3 1 -26 -23
3 -6 -2 -8
3 2 -4 -11
3 4 3 -5
3 5 -17 -14
4 -9 7 -29 6
4 -12 10 9 8
4 -15 13 12 11
4 -18 16 15 14
4 -21 19 18 17
4 -24 22 21 20
4 -27 25 24 23
4 29 28 27 26
0
0
13
*
8
-2627.617676 -14594.984375 1611.173096
-2607.903809 -14594.984375 1611.173096
-2647.183105 -14594.984375 626.383972
-2627.617676 -14594.984375 626.383972
-2647.183105 -14594.984375 603.411987
-2253.586914 -14594.984375 626.383972
-2607.903809 -14594.984375 626.383972
-2253.586914 -14594.984375 603.411987
0
13
7 6
6 5
5 7
7 4
4 6
4 3
3 6
2 3
4 2
1 3
3 0
0 1
1 6
6
3 -7 -10 13
3 10 11 12
3 8 -6 9
3 6 7 -5
3 4 5 -1
3 1 2 3
0
0
13
*
16
-2607.903809 -14629.093750 626.383972
-2607.903809 -14594.984375 626.383972
-2607.903809 -14594.984375 1611.173096
-2607.903809 -14629.093750 1611.173096
-2627.617676 -14594.984375 1611.173096
-2627.617676 -14629.093750 1611.173096
-2627.617676 -14594.984375 626.383972
-2627.617676 -14629.093750 626.383972
-2647.183105 -14594.984375 626.383972
-2647.183105 -14629.093750 626.383972
-2647.183105 -14594.984375 603.411987
-2647.183105 -14629.093750 603.411987
-2253.586914 -14594.984375 603.411987
-2253.586914 -14629.093750 603.411987
-2253.586914 -14594.984375 626.383972
-2253.586914 -14629.093750 626.383972
0
29
5 0
13 0
0 7
11 0
11 7
0 15
14 1
15 13
14 15
12 14
13 11
12 13
10 12
11 9
10 11
8 10
9 7
8 9
6 8
7 5
6 7
4 6
5 3
4 5
2 4
3 0
2 3
1 2
0 1
14
3 -3 -1 -20
3 1 -26 -23
3 -6 -2 -8
3 2 -4 -11
3 4 3 -5
3 5 -17 -14
4 -9 7 -29 6
4 -12 10 9 8
4 -15 13 12 11
4 -18 16 15 14
4 -21 19 18 17
4 -24 22 21 20
4 -27 25 24 23
4 29 28 27 26
0
0
13
*
8
-2546.689941 13058.277344 1656.805054
-2526.976074 13058.277344 1656.805054
-2566.253906 13058.277344 672.015991
-2546.689941 13058.277344 672.015991
-2566.253906 13058.277344 649.044006
-2172.658691 13058.277344 672.015991
-2526.976074 13058.277344 672.015991
-2172.658691 13058.277344 649.044006
0
13
7 6
6 5
5 7
7 4
4 6
4 3
3 6
2 3
4 2
1 3
3 0
0 1
1 6
6
3 -7 -10 13
3 10 11 12
3 8 -6 9
3 6 7 -5
3 4 5 -1
3 1 2 3
0
0
13
*
16
-2526.976074 13024.166992 672.015991
-2526.976074 13058.277344 672.015991
-2526.976074 13058.277344 1656.805054
-2526.976074 13024.166992 1656.805054
-2546.689941 13058.277344 1656.805054
-2546.689941 13024.166992 1656.805054
-2546.689941 13058.277344 672.015991
-2546.689941 13024.166992 672.015991
-2566.253906 13058.277344 672.015991
-2566.253906 13024.166992 672.015991
-2566.253906 13058.277344 649.044006
-2566.253906 13024.166992 649.044006
-2172.658691 13058.277344 649.044006
-2172.658691 13024.166992 649.044006
-2172.658691 13058.277344 672.015991
-2172.658691 13024.166992 672.015991
0
29
5 0
13 0
0 7
11 0
11 7
0 15
14 1
15 13
14 15
12 14
13 11
12 13
10 12
11 9
10 11
8 10
9 7
8 9
6 8
7 5
6 7
4 6
5 3
4 5
2 4
3 0
2 3
1 2
0 1
14
3 -3 -1 -20
3 1 -26 -23
3 -6 -2 -8
3 2 -4 -11
3 4 3 -5
3 5 -17 -14
4 -9 7 -29 6
4 -12 10 9 8
4 -15 13 12 11
4 -18 16 15 14
4 -21 19 18 17
4 -24 22 21 20
4 -27 25 24 23
4 29 28 27 26
0
0
13
*
8
-2573.666016 11379.917969 1641.594971
-2553.952148 11379.917969 1641.594971
-2593.231445 11379.917969 656.804993
-2573.666016 11379.917969 656.804993
-2593.231445 11379.917969 633.833984
-2199.635254 11379.917969 656.804993
-2553.952148 11379.917969 656.804993
-2199.635254 11379.917969 633.833984
0
13
7 6
6 5
5 7
7 4
4 6
4 3
3 6
2 3
4 2
1 3
3 0
0 1
1 6
6
3 -7 -10 13
3 10 11 12
3 8 -6 9
3 6 7 -5
3 4 5 -1
3 1 2 3
0
0
13
*
16
-2553.952148 11345.808594 656.804993
-2553.952148 11379.917969 656.804993
-2553.952148 11379.917969 1641.594971
-2553.952148 11345.808594 1641.594971
-2573.666016 11379.917969 1641.594971
-2573.666016 11345.808594 1641.594971
-2573.666016 11379.917969 656.804993
-2573.666016 11345.808594 656.804993
-2593.231445 11379.917969 656.804993
-2593.231445 11345.808594 656.804993
-2593.231445 11379.917969 633.833984
-2593.231445 11345.808594 633.833984
-2199.635254 11379.917969 633.833984
-2199.635254 11345.808594 633.833984
-2199.635254 11379.917969 656.804993
-2199.635254 11345.808594 656.804993
0
29
5 0
13 0
0 7
11 0
11 7
0 15
14 1
15 13
14 15
12 14
13 11
12 13
10 12
11 9
10 11
8 10
9 7
8 9
6 8
7 5
6 7
4 6
5 3
4 5
2 4
3 0
2 3
1 2
0 1
14
3 -3 -1 -20
3 1 -26 -23
3 -6 -2 -8
3 2 -4 -11
3 4 3 -5
3 5 -17 -14
4 -9 7 -29 6
4 -12 10 9 8
4 -15 13 12 11
4 -18 16 15 14
4 -21 19 18 17
4 -24 22 21 20
4 -27 25 24 23
4 29 28 27 26
0
0
13
*
8
2553.951904 11379.917969 1641.594971
2573.666016 11379.917969 1641.594971
2199.635010 11379.917969 656.804993
2199.635010 11379.917969 633.833984
2553.951904 11379.917969 656.804993
2593.230957 11379.917969 656.804993
2573.666016 11379.917969 656.804993
2593.230957 11379.917969 633.833984
0
13
7 6
6 5
5 7
7 4
4 6
3 4
7 3
2 4
3 2
1 4
4 0
0 1
1 6
6
3 -5 -10 13
3 10 11 12
3 8 -6 9
3 6 -4 7
3 4 5 -1
3 1 2 3
0
0
13
*
16
2553.951904 11345.808594 1641.594971
2553.951904 11379.917969 1641.594971
2553.951904 11379.917969 656.804993
2553.951904 11345.808594 656.804993
2573.666016 11345.808594 1641.594971
2573.666016 11379.917969 1641.594971
2573.666016 11345.808594 656.804993
2573.666016 11379.917969 656.804993
2593.230957 11345.808594 656.804993
2593.230957 11379.917969 656.804993
2593.230957 11345.808594 633.833984
2593.230957 11379.917969 633.833984
2199.635010 11345.808594 633.833984
2199.635010 11379.917969 633.833984
2199.635010 11345.808594 656.804993
2199.635010 11379.917969 656.804993
0
29
0 6
6 3
10 6
10 3
12 3
14 3
2 15
12 14
15 13
14 15
10 12
13 11
12 13
8 10
11 9
10 11
6 8
9 7
8 9
4 6
7 5
6 7
0 4
5 1
4 5
3 0
2 3
1 2
0 1
14
3 -2 -1 -26
3 1 -20 -23
3 -17 -3 -14
3 3 2 -4
3 -11 4 -5
3 5 -6 -8
4 -27 7 -10 6
4 10 9 -13 8
4 13 12 -16 11
4 16 15 -19 14
4 19 18 -22 17
4 22 21 -25 20
4 25 24 -29 23
4 29 28 27 26
0
0
13
*
8
2526.976074 13058.277344 1656.805054
2546.689941 13058.277344 1656.805054
2172.658936 13058.277344 672.015991
2172.658936 13058.277344 649.044006
2526.976074 13058.277344 672.015991
2566.253906 13058.277344 672.015991
2546.689941 13058.277344 672.015991
2566.253906 13058.277344 649.044006
0
13
7 6
6 5
5 7
7 4
4 6
3 4
7 3
2 4
3 2
1 4
4 0
0 1
1 6
6
3 -5 -10 13
3 10 11 12
3 8 -6 9
3 6 -4 7
3 4 5 -1
3 1 2 3
0
0
13
*
16
2526.976074 13024.166992 1656.805054
2526.976074 13058.277344 1656.805054
2526.976074 13058.277344 672.015991
2526.976074 13024.166992 672.015991
2546.689941 13024.166992 1656.805054
2546.689941 13058.277344 1656.805054
2546.689941 13024.166992 672.015991
2546.689941 13058.277344 672.015991
2566.253906 13024.166992 672.015991
2566.253906 13058.277344 672.015991
2566.253906 13024.166992 649.044006
2566.253906 13058.277344 649.044006
2172.658936 13024.166992 649.044006
2172.658936 13058.277344 649.044006
2172.658936 13024.166992 672.015991
2172.658936 13058.277344 672.015991
0
29
0 6
6 3
10 6
10 3
12 3
14 3
2 15
12 14
15 13
14 15
10 12
13 11
12 13
8 10
11 9
10 11
6 8
9 7
8 9
4 6
7 5
6 7
0 4
5 1
4 5
3 0
2 3
1 2
0 1
14
3 -2 -1 -26
3 1 -20 -23
3 -17 -3 -14
3 3 2 -4
3 -11 4 -5
3 5 -6 -8
4 -27 7 -10 6
4 10 9 -13 8
4 13 12 -16 11
4 16 15 -19 14
4 19 18 -22 17
4 22 21 -25 20
4 25 24 -29 23
4 29 28 27 26
0
0
-2
*
8
0.005000 0.005764 800.005005
-0.005000 0.005764 800.005005
-0.005000 -0.005764 800.005005
0.005000 -0.005764 800.005005
-0.005000 -0.005764 799.994995
-0.005000 0.005764 799.994995
0.005000 0.005764 799.994995
0.005000 -0.005764 799.994995
0
12
6 7
5 6
4 5
7 4
3 0
0 1
1 2
2 3
7 3
2 4
1 5
0 6
6
4 4 3 2 1
4 5 6 7 8
4 -4 9 -8 10
4 -3 -10 -7 11
4 -2 -11 -6 12
4 -1 -12 -5 -9
0
0
11
*
47
-200.000046 442.411224 0.000000
-242.694473 439.033936 0.000000
-284.519806 428.970673 0.000000
-324.624542 412.426361 0.000000
-362.192261 389.737823 0.000000
-396.458221 361.366913 0.000000
-426.724884 327.891174 0.000000
-452.376068 289.992035 0.000000
-500.000031 110.602867 0.000000
-487.847931 204.084061 0.000000
-496.946472 157.824097 0.000000
-500.000000 -110.602890 0.000000
-496.946442 -157.824142 0.000000
-487.847900 -204.084091 0.000000
-472.889587 -248.441055 0.000000
-452.376068 -289.992004 0.000000
-426.724854 -327.891205 0.000000
-396.458191 -361.366943 0.000000
-362.192230 -389.737854 0.000000
-324.624512 -412.426422 0.000000
-284.519775 -428.970703 0.000000
-242.694489 -439.033966 0.000000
-200.000015 -442.411255 0.000000
199.999985 -442.411224 0.000000
242.694458 -439.033936 0.000000
284.519745 -428.970673 0.000000
324.624481 -412.426361 0.000000
362.192230 -389.737823 0.000000
396.458221 -361.366913 0.000000
426.724884 -327.891113 0.000000
452.376068 -289.992004 0.000000
472.889587 -248.440994 0.000000
487.847900 -204.084030 0.000000
496.946442 -157.824051 0.000000
500.000000 -110.602806 0.000000
500.000031 110.602806 0.000000
496.946472 157.824066 0.000000
487.847931 204.084045 0.000000
472.889648 248.441025 0.000000
452.376099 289.992004 0.000000
426.724915 327.891113 0.000000
396.458252 361.366913 0.000000
362.192291 389.737823 0.000000
324.624542 412.426361 0.000000
284.519775 428.970703 0.000000
242.694489 439.033966 0.000000
200.000046 442.411255 0.000000
48
22 23
34 35
46 0
8 11
45 46
44 45
43 44
42 43
41 42
40 41
39 40
38 39
37 38
36 37
35 36
33 34
32 33
31 32
30 31
29 30
28 29
27 28
26 27
25 26
24 25
23 24
21 22
20 21
19 20
18 19
17 18
16 17
15 16
14 15
13 14
12 13
11 12
10 8
9 10
8 9
7 8
6 7
5 6
4 5
3 4
2 3
1 2
0 1
0
0
0
0
16
*
47
-2110.679932 15993.001953 -848.804932
-2110.679932 16040.224609 -851.858521
-2110.679932 16086.484375 -860.957031
-2110.679932 16130.840820 -875.915283
-2110.679932 16172.392578 -896.428833
-2110.679932 16210.291016 -922.080078
-2110.679932 16243.766602 -952.346680
-2110.679932 16272.138672 -986.612671
-2110.679932 16324.809570 -1148.804932
-2110.679932 16311.371094 -1064.285156
-2110.679932 16321.433594 -1106.110474
-2110.679932 16324.809570 -1348.805054
-2110.679932 16321.433594 -1391.499512
-2110.679932 16311.371094 -1433.324707
-2110.679932 16294.826172 -1473.429443
-2110.679932 16272.138672 -1510.997192
-2110.679932 16243.766602 -1545.263184
-2110.679932 16210.291016 -1575.529785
-2110.679932 16172.392578 -1601.181030
-2110.679932 16130.840820 -1621.694580
-2110.679932 16086.484375 -1636.652832
-2110.679932 16040.224609 -1645.751465
-2110.679932 15993.001953 -1648.804932
-2110.679932 15550.591797 -1648.804932
-2110.679932 15503.371094 -1645.751343
-2110.679932 15457.111328 -1636.652832
-2110.679932 15412.753906 -1621.694580
-2110.679932 15371.203125 -1601.181030
-2110.679932 15333.302734 -1575.529785
-2110.679932 15299.828125 -1545.263184
-2110.679932 15271.457031 -1510.997192
-2110.679932 15248.767578 -1473.429443
-2110.679932 15232.223633 -1433.324707
-2110.679932 15222.160156 -1391.499390
-2110.679932 15218.783203 -1348.804932
-2110.679932 15218.783203 -1148.804932
-2110.679932 15222.160156 -1106.110474
-2110.679932 15232.223633 -1064.285156
-2110.679932 15248.767578 -1024.180420
-2110.679932 15271.457031 -986.612671
-2110.679932 15299.828125 -952.346680
-2110.679932 15333.302734 -922.080078
-2110.679932 15371.203125 -896.428833
-2110.679932 15412.751953 -875.915283
-2110.679932 15457.111328 -860.957031
-2110.679932 15503.371094 -851.858459
-2110.679932 15550.591797 -848.804932
48
22 23
34 35
46 0
8 11
45 46
44 45
43 44
42 43
41 42
40 41
39 40
38 39
37 38
36 37
35 36
33 34
32 33
31 32
30 31
29 30
28 29
27 28
26 27
25 26
24 25
23 24
21 22
20 21
19 20
18 19
17 18
16 17
15 16
14 15
13 14
12 13
11 12
10 8
9 10
8 9
7 8
6 7
5 6
4 5
3 4
2 3
1 2
0 1
45
46 0
45 46
44 45
43 44
42 43
41 42
40 41
39 40
38 39
37 38
36 37
35 36
34 35
33 34
32 33
31 32
30 31
29 30
28 29
27 28
26 27
25 26
24 25
23 24
22 23
21 22
20 21
19 20
18 19
17 18
16 17
15 16
14 15
13 14
12 13
11 12
8 11
7 8
6 7
5 6
4 5
3 4
2 3
1 2
0 1
1
45 45 44 43 42 41 40 39 38 37 36 35 34 33 32 31 30
   29 28 27 26 25 24 23 22 21 20 19 18 17 16 15 14
   13 12 11 10 9 8 7 6 5 4 3 2 1
0
0
16
*
47
-520.959290 15550.591797 -848.804932
-520.959290 15503.371094 -851.858459
-520.959290 15457.111328 -860.957031
-520.959290 15412.751953 -875.915283
-520.959290 15371.203125 -896.428833
-520.959290 15333.302734 -922.080078
-520.959290 15299.828125 -952.346680
-520.959290 15271.457031 -986.612671
-520.959290 15248.767578 -1024.180420
-520.959290 15232.223633 -1064.285156
-520.959290 15222.160156 -1106.110474
-520.959290 15218.783203 -1148.804932
-520.959290 15218.783203 -1348.804932
-520.959290 15222.160156 -1391.499390
-520.959290 15232.223633 -1433.324707
-520.959290 15248.767578 -1473.429443
-520.959290 15271.457031 -1510.997192
-520.959290 15299.828125 -1545.263184
-520.959290 15333.302734 -1575.529785
-520.959290 15371.203125 -1601.181030
-520.959290 15412.753906 -1621.694580
-520.959290 15457.111328 -1636.652832
-520.959290 15503.371094 -1645.751343
-520.959290 15550.591797 -1648.804932
-520.959290 15993.001953 -1648.804932
-520.959290 16040.224609 -1645.751465
-520.959290 16086.484375 -1636.652832
-520.959290 16130.840820 -1621.694580
-520.959290 16172.392578 -1601.181030
-520.959290 16210.291016 -1575.529785
-520.959290 16243.766602 -1545.263184
-520.959290 16272.138672 -1510.997192
-520.959290 16294.826172 -1473.429443
-520.959290 16311.371094 -1433.324707
-520.959290 16321.433594 -1391.499512
-520.959290 16324.809570 -1348.805054
-520.959290 16321.433594 -1106.110474
-520.959290 16311.371094 -1064.285156
-520.959290 16324.809570 -1148.804932
-520.959290 16272.138672 -986.612671
-520.959290 16243.766602 -952.346680
-520.959290 16210.291016 -922.080078
-520.959290 16172.392578 -896.428833
-520.959290 16130.840820 -875.915283
-520.959290 16086.484375 -860.957031
-520.959290 16040.224609 -851.858521
-520.959290 15993.001953 -848.804932
48
46 45
45 44
44 43
43 42
42 41
41 40
40 39
39 38
38 37
37 36
36 38
35 34
34 33
33 32
32 31
31 30
30 29
29 28
28 27
27 26
26 25
25 24
23 22
22 21
21 20
20 19
19 18
18 17
17 16
16 15
15 14
14 13
13 12
11 10
10 9
9 8
8 7
7 6
6 5
5 4
4 3
3 2
2 1
1 0
38 35
0 46
12 11
24 23
45
46 45
45 44
44 43
43 42
42 41
41 40
40 39
39 38
38 35
35 34
34 33
33 32
32 31
31 30
30 29
29 28
28 27
27 26
26 25
25 24
24 23
23 22
22 21
21 20
20 19
19 18
18 17
17 16
16 15
15 14
14 13
13 12
12 11
11 10
10 9
9 8
8 7
7 6
6 5
5 4
4 3
3 2
2 1
1 0
0 46
1
45 1 2 3 4 5 6 7 8 9 10 11 12 13 14 15 16
   17 18 19 20 21 22 23 24 25 26 27 28 29 30 31 32
   33 34 35 36 37 38 39 40 41 42 43 44 45
0
0
