12
0
0
0
19
-2
*
8
-0.005000 -0.005000 -0.005000
0.005000 -0.005000 -0.005000
0.005000 0.005000 -0.005000
-0.005000 0.005000 -0.005000
-0.005000 -0.005000 0.005000
-0.005000 0.005000 0.005000
0.005000 0.005000 0.005000
0.005000 -0.005000 0.005000
0
12
7 1
6 2
5 3
0 4
5 4
6 5
7 6
4 7
0 3
3 2
2 1
1 0
6
4 9 10 11 12
4 8 7 6 5
4 -9 4 -5 3
4 -10 -3 -6 2
4 -11 -2 -7 1
4 -12 -1 -8 -4
0
0
-2
*
8
-0.005000 -0.005000 -0.005000
0.005000 -0.005000 -0.005000
0.005000 0.005000 -0.005000
-0.005000 0.005000 -0.005000
-0.005000 -0.005000 0.005000
-0.005000 0.005000 0.005000
0.005000 0.005000 0.005000
0.005000 -0.005000 0.005000
0
12
7 1
6 2
5 3
0 4
5 4
6 5
7 6
4 7
0 3
3 2
2 1
1 0
6
4 9 10 11 12
4 8 7 6 5
4 -9 4 -5 3
4 -10 -3 -6 2
4 -11 -2 -7 1
4 -12 -1 -8 -4
0
0
6
*
24
175.000000 45.000000 -4208.175293
175.000000 45.000000 -8.175293
197.500000 38.971142 -4208.175293
197.500000 38.971138 -8.175293
213.971146 22.500000 -4208.175293
213.971146 22.499996 -8.175293
220.000000 -0.000000 -4208.175293
220.000000 -0.000000 -8.175293
213.971146 -22.500000 -4208.175293
213.971146 -22.499996 -8.175293
197.500000 -38.971142 -4208.175293
197.500000 -38.971142 -8.175293
175.000000 -45.000000 -4208.175293
175.000000 -45.000000 -8.175293
152.500000 -38.971142 -4208.175293
152.500000 -38.971142 -8.175293
136.028854 -22.500000 -4208.175293
136.028854 -22.500002 -8.175293
130.000000 -0.000000 -4208.175293
130.000000 -0.000000 -8.175293
136.028854 22.500000 -4208.175293
136.028854 22.499998 -8.175293
152.500000 38.971142 -4208.175293
152.500000 38.971142 -8.175293
0
36
1 3
2 0
3 5
2 3
4 2
5 7
4 5
6 4
7 9
6 7
8 6
9 11
8 9
10 8
11 13
10 11
12 10
13 15
12 13
14 12
15 17
14 15
16 14
17 19
16 17
18 16
19 21
18 19
20 18
21 23
20 21
22 20
1 0
23 1
22 23
0 22
14
4 36 35 34 33
4 32 31 30 -35
4 29 28 27 -31
4 26 25 24 -28
4 23 22 21 -25
4 20 19 18 -22
4 17 16 15 -19
4 14 13 12 -16
4 11 10 9 -13
4 8 7 6 -10
4 5 4 3 -7
4 2 -33 1 -4
12 -2 -5 -8 -11 -14 -17 -20 -23 -26 -29 -32 -36
12 -34 -30 -27 -24 -21 -18 -15 -12 -9 -6 -3 -1
0
0
6
*
24
-197.500000 38.971142 -8.175293
-197.500000 38.971142 -4208.175293
-213.971146 22.499998 -8.175293
-213.971146 22.500000 -4208.175293
-220.000000 0.000000 -8.175293
-220.000000 0.000000 -4208.175293
-213.971146 -22.500002 -8.175293
-213.971146 -22.500000 -4208.175293
-197.500000 -38.971142 -8.175293
-197.500000 -38.971142 -4208.175293
-175.000000 -45.000000 -8.175293
-175.000000 -45.000000 -4208.175293
-152.500000 -38.971142 -8.175293
-152.500000 -38.971142 -4208.175293
-136.028854 -22.499996 -8.175293
-136.028854 -22.500000 -4208.175293
-130.000000 0.000000 -8.175293
-130.000000 0.000000 -4208.175293
-136.028854 22.499996 -8.175293
-136.028854 22.500000 -4208.175293
-152.500000 38.971138 -8.175293
-152.500000 38.971142 -4208.175293
-175.000000 45.000000 -8.175293
-175.000000 45.000000 -4208.175293
0
36
23 1
1 0
0 22
22 23
1 3
3 2
2 0
3 5
5 4
4 2
5 7
7 6
6 4
7 9
9 8
8 6
9 11
11 10
10 8
11 13
13 12
12 10
13 15
15 14
14 12
15 17
17 16
16 14
17 19
19 18
18 16
19 21
21 20
20 18
21 23
22 20
14
4 1 2 3 4
4 5 6 7 -2
4 8 9 10 -6
4 11 12 13 -9
4 14 15 16 -12
4 17 18 19 -15
4 20 21 22 -18
4 23 24 25 -21
4 26 27 28 -24
4 29 30 31 -27
4 32 33 34 -30
4 35 -4 36 -33
12 -35 -32 -29 -26 -23 -20 -17 -14 -11 -8 -5 -1
12 -3 -7 -10 -13 -16 -19 -22 -25 -28 -31 -34 -36
0
0
6
*
8
0.845000 -0.845000 -0.845000
0.845000 0.845000 -0.845000
-0.845000 0.845000 -0.845000
-0.845000 -0.845000 -0.845000
0.845000 -0.845000 0.845000
-0.845000 -0.845000 0.845000
-0.845000 0.845000 0.845000
0.845000 0.845000 0.845000
0
12
7 1
6 2
5 3
0 4
5 4
6 5
7 6
4 7
0 3
3 2
2 1
1 0
6
4 -12 -1 -8 -4
4 -11 -2 -7 1
4 -10 -3 -6 2
4 -9 4 -5 3
4 8 7 6 5
4 9 10 11 12
0
0
6
*
24
152.500000 38.971142 -8.175293
152.500000 38.971142 -4208.175293
136.028854 22.499998 -8.175293
136.028854 22.500000 -4208.175293
130.000000 -0.000000 -8.175293
130.000000 -0.000000 -4208.175293
136.028854 -22.500002 -8.175293
136.028854 -22.500000 -4208.175293
152.500000 -38.971142 -8.175293
152.500000 -38.971142 -4208.175293
175.000000 -45.000000 -8.175293
175.000000 -45.000000 -4208.175293
197.500000 -38.971142 -8.175293
197.500000 -38.971142 -4208.175293
213.971146 -22.499996 -8.175293
213.971146 -22.500000 -4208.175293
220.000000 -0.000000 -8.175293
220.000000 -0.000000 -4208.175293
213.971146 22.499996 -8.175293
213.971146 22.500000 -4208.175293
197.500000 38.971138 -8.175293
197.500000 38.971142 -4208.175293
175.000000 45.000000 -8.175293
175.000000 45.000000 -4208.175293
0
36
23 1
1 0
0 22
22 23
1 3
3 2
2 0
3 5
5 4
4 2
5 7
7 6
6 4
7 9
9 8
8 6
9 11
11 10
10 8
11 13
13 12
12 10
13 15
15 14
14 12
15 17
17 16
16 14
17 19
19 18
18 16
19 21
21 20
20 18
21 23
22 20
14
4 1 2 3 4
4 5 6 7 -2
4 8 9 10 -6
4 11 12 13 -9
4 14 15 16 -12
4 17 18 19 -15
4 20 21 22 -18
4 23 24 25 -21
4 26 27 28 -24
4 29 30 31 -27
4 32 33 34 -30
4 35 -4 36 -33
12 -35 -32 -29 -26 -23 -20 -17 -14 -11 -8 -5 -1
12 -3 -7 -10 -13 -16 -19 -22 -25 -28 -31 -34 -36
0
0
6
*
24
-175.000000 45.000000 -4208.175293
-175.000000 45.000000 -8.175293
-152.500000 38.971142 -4208.175293
-152.500000 38.971138 -8.175293
-136.028854 22.500000 -4208.175293
-136.028854 22.499996 -8.175293
-130.000000 0.000000 -4208.175293
-130.000000 0.000000 -8.175293
-136.028854 -22.500000 -4208.175293
-136.028854 -22.499996 -8.175293
-152.500000 -38.971142 -4208.175293
-152.500000 -38.971142 -8.175293
-175.000000 -45.000000 -4208.175293
-175.000000 -45.000000 -8.175293
-197.500000 -38.971142 -4208.175293
-197.500000 -38.971142 -8.175293
-213.971146 -22.500000 -4208.175293
-213.971146 -22.500002 -8.175293
-220.000000 0.000000 -4208.175293
-220.000000 0.000000 -8.175293
-213.971146 22.500000 -4208.175293
-213.971146 22.499998 -8.175293
-197.500000 38.971142 -4208.175293
-197.500000 38.971142 -8.175293
0
36
1 3
2 0
3 5
2 3
4 2
5 7
4 5
6 4
7 9
6 7
8 6
9 11
8 9
10 8
11 13
10 11
12 10
13 15
12 13
14 12
15 17
14 15
16 14
17 19
16 17
18 16
19 21
18 19
20 18
21 23
20 21
22 20
1 0
23 1
22 23
0 22
14
4 36 35 34 33
4 32 31 30 -35
4 29 28 27 -31
4 26 25 24 -28
4 23 22 21 -25
4 20 19 18 -22
4 17 16 15 -19
4 14 13 12 -16
4 11 10 9 -13
4 8 7 6 -10
4 5 4 3 -7
4 2 -33 1 -4
12 -2 -5 -8 -11 -14 -17 -20 -23 -26 -29 -32 -36
12 -34 -30 -27 -24 -21 -18 -15 -12 -9 -6 -3 -1
0
0
14
*
5
39.644623 -230.821167 -4339.688965
55.230927 -230.821167 -4339.688965
55.230927 -230.530304 -4307.184082
39.644623 -203.332993 -4324.987305
55.230927 -203.332993 -4324.987305
0
8
4 1
1 2
0 1
0 2
3 0
2 4
3 2
4 3
4
3 8 7 6
3 5 4 -7
3 3 2 -4
4 -8 1 -3 -5
0
0
14
*
8
31.851379 -230.966599 -4355.941406
18.862793 -231.208954 -4383.028809
55.230927 -231.208939 -4383.028809
55.230927 -230.966583 -4355.941406
31.851379 -189.734329 -4333.888672
18.862793 -167.069901 -4348.724609
55.230927 -189.734329 -4333.888672
55.230927 -167.069901 -4348.724609
0
12
2 3
1 0
5 4
6 7
3 6
0 3
4 0
6 4
5 7
1 5
2 1
7 2
5
4 12 11 10 9
4 8 7 6 5
4 4 -9 3 -8
4 -3 -10 2 -7
4 -2 -11 1 -6
0
0
14
*
8
55.230927 -130.806824 -4372.461914
55.230927 -231.596725 -4426.368164
-1.919037 -231.596741 -4426.368164
-1.919037 -130.806839 -4372.461914
11.069550 -231.354355 -4399.280762
55.230927 -231.354355 -4399.280762
11.069550 -153.471252 -4357.625977
55.230927 -153.471252 -4357.625977
0
12
0 1
1 5
2 1
2 4
3 2
3 6
0 3
7 0
7 6
5 7
4 5
6 4
5
4 12 11 10 9
4 8 7 6 -9
4 -6 5 4 -12
4 -4 3 2 -11
4 1 -3 -5 -7
0
0
14
*
13
55.230927 -130.806824 -4372.461914
112.380890 -130.806808 -4372.461914
112.380981 -231.596725 -4426.368164
55.230927 -231.596725 -4426.368164
55.230927 -230.530304 -4307.184082
55.230927 -203.332993 -4324.987305
55.230927 -230.821167 -4339.688965
55.230927 -230.966583 -4355.941406
55.230927 -189.734329 -4333.888672
55.230927 -153.471252 -4357.625977
55.230927 -231.354355 -4399.280762
55.230927 -231.208939 -4383.028809
55.230927 -167.069901 -4348.724609
0
16
3 0
5 8
6 5
7 6
8 7
12 9
11 12
10 11
9 10
2 1
4 3
2 4
3 2
4 1
0 4
1 0
6
3 16 15 14
3 13 12 11
3 10 -14 -12
4 9 8 7 6
4 5 4 3 2
4 -16 -10 -13 1
0
0
14
*
8
-1.919037 -130.806808 -4372.461914
-1.919037 -231.596725 -4426.368164
-116.219025 -231.596741 -4426.368164
-116.219025 -130.806839 -4372.461914
-14.907669 -231.354370 -4399.280762
-14.907669 -153.471237 -4357.625977
-103.230377 -231.354355 -4399.280762
-103.230377 -153.471252 -4357.625977
0
12
1 0
1 4
2 1
2 6
3 2
3 7
0 3
5 0
5 7
4 5
6 4
7 6
6
4 12 11 10 9
4 8 7 6 -9
4 -6 5 4 -12
4 -4 3 2 -11
4 -2 1 -8 -10
4 -1 -3 -5 -7
0
0
14
*
8
-35.689499 -230.966583 -4355.941406
-22.700867 -231.208939 -4383.028809
-22.700867 -167.069901 -4348.724609
-35.689499 -189.734329 -4333.888672
-82.448547 -230.966599 -4355.941406
-95.437180 -231.208954 -4383.028809
-82.448547 -189.734329 -4333.888672
-95.437180 -167.069901 -4348.724609
0
12
1 0
5 4
7 6
3 2
3 6
0 3
4 0
6 4
7 2
5 7
1 5
2 1
6
4 12 11 10 9
4 8 7 6 5
4 4 -9 3 -5
4 -3 -10 2 -8
4 -2 -11 1 -7
4 -1 -12 -4 -6
0
0
14
*
5
-43.482651 -230.821167 -4339.688965
-43.482651 -203.332993 -4324.987305
-59.069000 -230.530304 -4307.184082
-74.655396 -230.821167 -4339.688965
-74.655396 -203.332993 -4324.987305
0
8
0 1
0 2
3 0
3 2
4 3
2 1
4 2
1 4
5
3 8 7 6
3 5 4 -7
3 3 2 -4
3 1 -6 -2
4 -8 -1 -3 -5
0
0
5
*
24
0.000000 63.500000 -4698.719238
0.000000 63.500000 -4876.519043
-31.750011 54.992603 -4698.719238
-31.750011 54.992603 -4876.519043
-54.992615 31.749994 -4698.719238
-54.992615 31.749994 -4876.519043
-63.500000 0.000000 -4698.719238
-63.500000 0.000000 -4876.519043
-54.992615 -31.749992 -4698.719238
-54.992615 -31.749992 -4876.519043
-31.750000 -54.992615 -4698.719238
-31.750000 -54.992615 -4876.519043
-0.000000 -63.500000 -4698.719238
-0.000000 -63.500000 -4876.519043
31.750002 -54.992607 -4698.719238
31.750002 -54.992607 -4876.519043
54.992607 -31.750002 -4698.719238
54.992607 -31.750002 -4876.519043
63.500000 -0.000000 -4698.719238
63.500000 -0.000000 -4876.519043
54.992615 31.749996 -4698.719238
54.992615 31.749996 -4876.519043
31.750000 54.992615 -4698.719238
31.750000 54.992615 -4876.519043
0
36
2 0
0 1
1 3
3 2
4 2
3 5
5 4
6 4
5 7
7 6
8 6
7 9
9 8
10 8
9 11
11 10
12 10
11 13
13 12
14 12
13 15
15 14
16 14
15 17
17 16
18 16
17 19
19 18
20 18
19 21
21 20
22 20
21 23
23 22
0 22
23 1
14
4 1 2 3 4
4 5 -4 6 7
4 8 -7 9 10
4 11 -10 12 13
4 14 -13 15 16
4 17 -16 18 19
4 20 -19 21 22
4 23 -22 24 25
4 26 -25 27 28
4 29 -28 30 31
4 32 -31 33 34
4 35 -34 36 -2
12 -36 -33 -30 -27 -24 -21 -18 -15 -12 -9 -6 -3
12 -1 -5 -8 -11 -14 -17 -20 -23 -26 -29 -32 -35
0
0
-2
*
24
129.122620 -228.058487 -4680.698242
129.122620 228.058487 -4680.698242
223.646927 -228.058487 -4553.448730
223.646927 228.058487 -4553.448730
258.245209 -228.058487 -4379.622070
258.245209 228.058487 -4379.622070
223.646912 -228.058487 -4205.795410
223.646912 228.058487 -4205.795410
129.122635 -228.058487 -4078.545166
129.122635 228.058487 -4078.545166
-0.000000 -228.058487 -4031.968750
0.000000 228.058487 -4031.968750
-129.122559 -228.058487 -4078.545166
-129.122559 228.058487 -4078.545166
-223.646866 -228.058487 -4205.795410
-223.646866 228.058487 -4205.795410
-258.245148 -228.058487 -4379.622070
-258.245148 228.058487 -4379.622070
-223.646866 -228.058487 -4553.448730
-223.646866 228.058487 -4553.448730
-129.122604 -228.058487 -4680.698242
-129.122604 228.058487 -4680.698242
-0.000000 -228.058487 -4727.274902
0.000000 228.058487 -4727.274902
0
36
21 23
23 22
22 20
20 21
19 21
20 18
18 19
17 19
18 16
16 17
15 17
16 14
14 15
13 15
14 12
12 13
11 13
12 10
10 11
9 11
10 8
8 9
7 9
8 6
6 7
5 7
6 4
4 5
3 5
4 2
2 3
1 3
2 0
0 1
23 1
0 22
14
4 1 2 3 4
4 5 -4 6 7
4 8 -7 9 10
4 11 -10 12 13
4 14 -13 15 16
4 17 -16 18 19
4 20 -19 21 22
4 23 -22 24 25
4 26 -25 27 28
4 29 -28 30 31
4 32 -31 33 34
4 35 -34 36 -2
12 -36 -33 -30 -27 -24 -21 -18 -15 -12 -9 -6 -3
12 -1 -5 -8 -11 -14 -17 -20 -23 -26 -29 -32 -35
0
0
6
*
24
-193.750000 32.475952 -4.908691
-193.750000 32.475952 -4204.908691
-207.475952 18.750000 -4.908691
-207.475952 18.750000 -4204.908691
-212.500000 0.000000 -4.908691
-212.500000 0.000000 -4204.908691
-207.475952 -18.750002 -4.908691
-207.475952 -18.750000 -4204.908691
-193.750000 -32.475952 -4.908691
-193.750000 -32.475952 -4204.908691
-175.000000 -37.500000 -4.908691
-175.000000 -37.500000 -4204.908691
-156.250000 -32.475952 -4.908691
-156.250000 -32.475952 -4204.908691
-142.524048 -18.749996 -4.908691
-142.524048 -18.750000 -4204.908691
-137.500000 0.000000 -4.908691
-137.500000 0.000000 -4204.908691
-142.524048 18.749996 -4.908691
-142.524048 18.750000 -4204.908691
-156.250000 32.475948 -4.908691
-156.250000 32.475952 -4204.908691
-175.000000 37.500000 -4.908691
-175.000000 37.500000 -4204.908691
0
36
23 1
1 0
0 22
22 23
1 3
3 2
2 0
3 5
5 4
4 2
5 7
7 6
6 4
7 9
9 8
8 6
9 11
11 10
10 8
11 13
13 12
12 10
13 15
15 14
14 12
15 17
17 16
16 14
17 19
19 18
18 16
19 21
21 20
20 18
21 23
22 20
14
4 1 2 3 4
4 5 6 7 -2
4 8 9 10 -6
4 11 12 13 -9
4 14 15 16 -12
4 17 18 19 -15
4 20 21 22 -18
4 23 24 25 -21
4 26 27 28 -24
4 29 30 31 -27
4 32 33 34 -30
4 35 -4 36 -33
12 -35 -32 -29 -26 -23 -20 -17 -14 -11 -8 -5 -1
12 -3 -7 -10 -13 -16 -19 -22 -25 -28 -31 -34 -36
0
0
6
*
24
175.000000 37.500000 -4204.908691
175.000000 37.500000 -4.908691
193.750000 32.475952 -4204.908691
193.750000 32.475948 -4.908691
207.475952 18.750000 -4204.908691
207.475952 18.749996 -4.908691
212.500000 -0.000000 -4204.908691
212.500000 -0.000000 -4.908691
207.475952 -18.750000 -4204.908691
207.475952 -18.749996 -4.908691
193.750000 -32.475952 -4204.908691
193.750000 -32.475952 -4.908691
175.000000 -37.500000 -4204.908691
175.000000 -37.500000 -4.908691
156.250000 -32.475952 -4204.908691
156.250000 -32.475952 -4.908691
142.524048 -18.750000 -4204.908691
142.524048 -18.750002 -4.908691
137.500000 -0.000000 -4204.908691
137.500000 -0.000000 -4.908691
142.524048 18.750000 -4204.908691
142.524048 18.750000 -4.908691
156.250000 32.475952 -4204.908691
156.250000 32.475952 -4.908691
0
36
1 3
2 0
3 5
2 3
4 2
5 7
4 5
6 4
7 9
6 7
8 6
9 11
8 9
10 8
11 13
10 11
12 10
13 15
12 13
14 12
15 17
14 15
16 14
17 19
16 17
18 16
19 21
18 19
20 18
21 23
20 21
22 20
1 0
23 1
22 23
0 22
14
4 36 35 34 33
4 32 31 30 -35
4 29 28 27 -31
4 26 25 24 -28
4 23 22 21 -25
4 20 19 18 -22
4 17 16 15 -19
4 14 13 12 -16
4 11 10 9 -13
4 8 7 6 -10
4 5 4 3 -7
4 2 -33 1 -4
12 -2 -5 -8 -11 -14 -17 -20 -23 -26 -29 -32 -36
12 -34 -30 -27 -24 -21 -18 -15 -12 -9 -6 -3 -1
0
0
6
*
8
0.500000 0.500000 0.500000
-0.500000 0.500000 0.500000
-0.500000 -0.500000 0.500000
0.500000 -0.500000 0.500000
-0.500000 -0.500000 -0.500000
-0.500000 0.500000 -0.500000
0.500000 0.500000 -0.500000
0.500000 -0.500000 -0.500000
0
12
6 7
5 6
4 5
7 4
3 0
0 1
1 2
2 3
7 3
2 4
1 5
0 6
6
4 4 3 2 1
4 5 6 7 8
4 -4 9 -8 10
4 -3 -10 -7 11
4 -2 -11 -6 12
4 -1 -12 -5 -9
0
0
