12
4
0.000000 1.000000 0.000000
-1.000000 0.000000 0.000000
0.000000 0.000000 1.000000
-11896.128906 0.000000 -3.453491
0.000000 1.000000 0.000000
-1.000000 0.000000 0.000000
0.000000 0.000000 1.000000
-11896.128906 0.000000 -3.453491
0.000000 1.000000 0.000000
-1.000000 0.000000 0.000000
0.000000 0.000000 1.000000
10729.943359 0.000000 -3.453491
0.000000 1.000000 0.000000
-1.000000 0.000000 0.000000
0.000000 0.000000 1.000000
10729.943359 0.000000 -3.453491
0
0
28
-2
*
8
-11896.124023 -0.005000 0.005000
-11896.124023 0.005000 0.005000
-11896.133789 0.005000 0.005000
-11896.133789 -0.005000 0.005000
-11896.133789 0.005000 -0.005000
-11896.124023 0.005000 -0.005000
-11896.124023 -0.005000 -0.005000
-11896.133789 -0.005000 -0.005000
0
12
6 7
5 6
4 5
7 4
3 0
0 1
1 2
2 3
7 3
2 4
1 5
0 6
6
4 -1 -12 -5 -9
4 -2 -11 -6 12
4 -3 -10 -7 11
4 -4 9 -8 10
4 5 6 7 8
4 4 3 2 1
0
0
-2
*
8
-11896.124023 -0.005000 -608.167786
-11896.124023 0.005000 -608.167786
-11896.133789 0.005000 -608.167786
-11896.133789 -0.005000 -608.167786
-11896.133789 0.005000 -608.177795
-11896.124023 0.005000 -608.177795
-11896.124023 -0.005000 -608.177795
-11896.133789 -0.005000 -608.177795
0
12
6 7
5 6
4 5
7 4
3 0
0 1
1 2
2 3
7 3
2 4
1 5
0 6
6
4 -1 -12 -5 -9
4 -2 -11 -6 12
4 -3 -10 -7 11
4 -4 9 -8 10
4 5 6 7 8
4 4 3 2 1
0
0
13
*
8
-10450.716797 -2529.629883 -3.453491
-10450.716797 -2529.629883 1472.874512
-13341.541016 -2529.629883 1472.874512
-13341.541016 -2529.629883 -3.453491
-10450.716797 3029.629883 -3.453491
-10450.716797 3029.629883 1472.874512
-13341.541016 3029.629883 -3.453491
-13341.541016 3029.629883 1472.874512
0
12
6 3
2 7
4 6
7 5
6 7
0 4
5 1
4 5
3 0
2 3
1 2
0 1
5
4 12 11 10 9
4 8 7 -12 6
4 5 4 -8 3
4 -10 2 -5 1
4 -3 -6 -9 -1
0
0
13
*
4
-13341.541016 3029.629883 1472.874512
-10450.716797 3029.629883 1472.874512
-10450.716797 -2529.629883 1472.874512
-13341.541016 -2529.629883 1472.874512
0
4
3 2
2 1
1 0
0 3
1
4 1 2 3 4
0
0
6
*
24
-11721.128906 45.000000 -4211.628906
-11721.128906 45.000000 -11.628784
-11698.628906 38.971142 -4211.628906
-11698.628906 38.971138 -11.628784
-11682.158203 22.500000 -4211.628906
-11682.158203 22.499996 -11.628784
-11676.128906 0.000000 -4211.628906
-11676.128906 0.000000 -11.628784
-11682.158203 -22.500000 -4211.628906
-11682.158203 -22.499996 -11.628784
-11698.628906 -38.971142 -4211.628906
-11698.628906 -38.971142 -11.628784
-11721.128906 -45.000000 -4211.628906
-11721.128906 -45.000000 -11.628784
-11743.628906 -38.971142 -4211.628906
-11743.628906 -38.971142 -11.628784
-11760.099609 -22.500000 -4211.628906
-11760.099609 -22.500002 -11.628784
-11766.128906 0.000000 -4211.628906
-11766.128906 0.000000 -11.628784
-11760.099609 22.500000 -4211.628906
-11760.099609 22.499998 -11.628784
-11743.628906 38.971142 -4211.628906
-11743.628906 38.971142 -11.628784
0
36
1 3
2 0
3 5
2 3
4 2
5 7
4 5
6 4
7 9
6 7
8 6
9 11
8 9
10 8
11 13
10 11
12 10
13 15
12 13
14 12
15 17
14 15
16 14
17 19
16 17
18 16
19 21
18 19
20 18
21 23
20 21
22 20
1 0
23 1
22 23
0 22
14
4 36 35 34 33
4 32 31 30 -35
4 29 28 27 -31
4 26 25 24 -28
4 23 22 21 -25
4 20 19 18 -22
4 17 16 15 -19
4 14 13 12 -16
4 11 10 9 -13
4 8 7 6 -10
4 5 4 3 -7
4 2 -33 1 -4
12 -2 -5 -8 -11 -14 -17 -20 -23 -26 -29 -32 -36
12 -34 -30 -27 -24 -21 -18 -15 -12 -9 -6 -3 -1
0
0
6
*
24
-12093.628906 38.971142 -11.628784
-12093.628906 38.971142 -4211.628906
-12110.099609 22.499998 -11.628784
-12110.099609 22.500000 -4211.628906
-12116.128906 0.000000 -11.628784
-12116.128906 0.000000 -4211.628906
-12110.099609 -22.500002 -11.628784
-12110.099609 -22.500000 -4211.628906
-12093.628906 -38.971142 -11.628784
-12093.628906 -38.971142 -4211.628906
-12071.128906 -45.000000 -11.628784
-12071.128906 -45.000000 -4211.628906
-12048.628906 -38.971142 -11.628784
-12048.628906 -38.971142 -4211.628906
-12032.158203 -22.499996 -11.628784
-12032.158203 -22.500000 -4211.628906
-12026.128906 0.000000 -11.628784
-12026.128906 0.000000 -4211.628906
-12032.158203 22.499996 -11.628784
-12032.158203 22.500000 -4211.628906
-12048.628906 38.971138 -11.628784
-12048.628906 38.971142 -4211.628906
-12071.128906 45.000000 -11.628784
-12071.128906 45.000000 -4211.628906
0
36
23 1
1 0
0 22
22 23
1 3
3 2
2 0
3 5
5 4
4 2
5 7
7 6
6 4
7 9
9 8
8 6
9 11
11 10
10 8
11 13
13 12
12 10
13 15
15 14
14 12
15 17
17 16
16 14
17 19
19 18
18 16
19 21
21 20
20 18
21 23
22 20
14
4 1 2 3 4
4 5 6 7 -2
4 8 9 10 -6
4 11 12 13 -9
4 14 15 16 -12
4 17 18 19 -15
4 20 21 22 -18
4 23 24 25 -21
4 26 27 28 -24
4 29 30 31 -27
4 32 33 34 -30
4 35 -4 36 -33
12 -35 -32 -29 -26 -23 -20 -17 -14 -11 -8 -5 -1
12 -3 -7 -10 -13 -16 -19 -22 -25 -28 -31 -34 -36
0
0
6
*
8
-11895.284180 -0.845000 -4.298462
-11895.284180 0.845000 -4.298462
-11896.973633 0.845000 -4.298462
-11896.973633 -0.845000 -4.298462
-11895.284180 -0.845000 -2.608521
-11896.973633 -0.845000 -2.608521
-11896.973633 0.845000 -2.608521
-11895.284180 0.845000 -2.608521
0
12
7 1
6 2
5 3
0 4
5 4
6 5
7 6
4 7
0 3
3 2
2 1
1 0
6
4 -12 -1 -8 -4
4 -11 -2 -7 1
4 -10 -3 -6 2
4 -9 4 -5 3
4 8 7 6 5
4 9 10 11 12
0
0
6
*
24
-11743.628906 38.971142 -11.628784
-11743.628906 38.971142 -4211.628906
-11760.099609 22.499998 -11.628784
-11760.099609 22.500000 -4211.628906
-11766.128906 0.000000 -11.628784
-11766.128906 0.000000 -4211.628906
-11760.099609 -22.500002 -11.628784
-11760.099609 -22.500000 -4211.628906
-11743.628906 -38.971142 -11.628784
-11743.628906 -38.971142 -4211.628906
-11721.128906 -45.000000 -11.628784
-11721.128906 -45.000000 -4211.628906
-11698.628906 -38.971142 -11.628784
-11698.628906 -38.971142 -4211.628906
-11682.158203 -22.499996 -11.628784
-11682.158203 -22.500000 -4211.628906
-11676.128906 0.000000 -11.628784
-11676.128906 0.000000 -4211.628906
-11682.158203 22.499996 -11.628784
-11682.158203 22.500000 -4211.628906
-11698.628906 38.971138 -11.628784
-11698.628906 38.971142 -4211.628906
-11721.128906 45.000000 -11.628784
-11721.128906 45.000000 -4211.628906
0
36
23 1
1 0
0 22
22 23
1 3
3 2
2 0
3 5
5 4
4 2
5 7
7 6
6 4
7 9
9 8
8 6
9 11
11 10
10 8
11 13
13 12
12 10
13 15
15 14
14 12
15 17
17 16
16 14
17 19
19 18
18 16
19 21
21 20
20 18
21 23
22 20
14
4 1 2 3 4
4 5 6 7 -2
4 8 9 10 -6
4 11 12 13 -9
4 14 15 16 -12
4 17 18 19 -15
4 20 21 22 -18
4 23 24 25 -21
4 26 27 28 -24
4 29 30 31 -27
4 32 33 34 -30
4 35 -4 36 -33
12 -35 -32 -29 -26 -23 -20 -17 -14 -11 -8 -5 -1
12 -3 -7 -10 -13 -16 -19 -22 -25 -28 -31 -34 -36
0
0
6
*
24
-12071.128906 45.000000 -4211.628906
-12071.128906 45.000000 -11.628784
-12048.628906 38.971142 -4211.628906
-12048.628906 38.971138 -11.628784
-12032.158203 22.500000 -4211.628906
-12032.158203 22.499996 -11.628784
-12026.128906 0.000000 -4211.628906
-12026.128906 0.000000 -11.628784
-12032.158203 -22.500000 -4211.628906
-12032.158203 -22.499996 -11.628784
-12048.628906 -38.971142 -4211.628906
-12048.628906 -38.971142 -11.628784
-12071.128906 -45.000000 -4211.628906
-12071.128906 -45.000000 -11.628784
-12093.628906 -38.971142 -4211.628906
-12093.628906 -38.971142 -11.628784
-12110.099609 -22.500000 -4211.628906
-12110.099609 -22.500002 -11.628784
-12116.128906 0.000000 -4211.628906
-12116.128906 0.000000 -11.628784
-12110.099609 22.500000 -4211.628906
-12110.099609 22.499998 -11.628784
-12093.628906 38.971142 -4211.628906
-12093.628906 38.971142 -11.628784
0
36
1 3
2 0
3 5
2 3
4 2
5 7
4 5
6 4
7 9
6 7
8 6
9 11
8 9
10 8
11 13
10 11
12 10
13 15
12 13
14 12
15 17
14 15
16 14
17 19
16 17
18 16
19 21
18 19
20 18
21 23
20 21
22 20
1 0
23 1
22 23
0 22
14
4 36 35 34 33
4 32 31 30 -35
4 29 28 27 -31
4 26 25 24 -28
4 23 22 21 -25
4 20 19 18 -22
4 17 16 15 -19
4 14 13 12 -16
4 11 10 9 -13
4 8 7 6 -10
4 5 4 3 -7
4 2 -33 1 -4
12 -2 -5 -8 -11 -14 -17 -20 -23 -26 -29 -32 -36
12 -34 -30 -27 -24 -21 -18 -15 -12 -9 -6 -3 -1
0
0
6
*
24
-12089.878906 32.475952 -8.362183
-12089.878906 32.475952 -4208.362305
-12103.604492 18.750000 -8.362183
-12103.604492 18.750000 -4208.362305
-12108.628906 0.000000 -8.362183
-12108.628906 0.000000 -4208.362305
-12103.604492 -18.750002 -8.362183
-12103.604492 -18.750000 -4208.362305
-12089.878906 -32.475952 -8.362183
-12089.878906 -32.475952 -4208.362305
-12071.128906 -37.500000 -8.362183
-12071.128906 -37.500000 -4208.362305
-12052.378906 -32.475952 -8.362183
-12052.378906 -32.475952 -4208.362305
-12038.653320 -18.749996 -8.362183
-12038.653320 -18.750000 -4208.362305
-12033.628906 0.000000 -8.362183
-12033.628906 0.000000 -4208.362305
-12038.653320 18.749996 -8.362183
-12038.653320 18.750000 -4208.362305
-12052.378906 32.475948 -8.362183
-12052.378906 32.475952 -4208.362305
-12071.128906 37.500000 -8.362183
-12071.128906 37.500000 -4208.362305
0
36
23 1
1 0
0 22
22 23
1 3
3 2
2 0
3 5
5 4
4 2
5 7
7 6
6 4
7 9
9 8
8 6
9 11
11 10
10 8
11 13
13 12
12 10
13 15
15 14
14 12
15 17
17 16
16 14
17 19
19 18
18 16
19 21
21 20
20 18
21 23
22 20
14
4 1 2 3 4
4 5 6 7 -2
4 8 9 10 -6
4 11 12 13 -9
4 14 15 16 -12
4 17 18 19 -15
4 20 21 22 -18
4 23 24 25 -21
4 26 27 28 -24
4 29 30 31 -27
4 32 33 34 -30
4 35 -4 36 -33
12 -35 -32 -29 -26 -23 -20 -17 -14 -11 -8 -5 -1
12 -3 -7 -10 -13 -16 -19 -22 -25 -28 -31 -34 -36
0
0
6
*
24
-11721.128906 37.500000 -4208.362305
-11721.128906 37.500000 -8.362183
-11702.378906 32.475952 -4208.362305
-11702.378906 32.475948 -8.362183
-11688.653320 18.750000 -4208.362305
-11688.653320 18.749996 -8.362183
-11683.628906 0.000000 -4208.362305
-11683.628906 0.000000 -8.362183
-11688.653320 -18.750000 -4208.362305
-11688.653320 -18.749996 -8.362183
-11702.378906 -32.475952 -4208.362305
-11702.378906 -32.475952 -8.362183
-11721.128906 -37.500000 -4208.362305
-11721.128906 -37.500000 -8.362183
-11739.878906 -32.475952 -4208.362305
-11739.878906 -32.475952 -8.362183
-11753.604492 -18.750000 -4208.362305
-11753.604492 -18.750002 -8.362183
-11758.628906 0.000000 -4208.362305
-11758.628906 0.000000 -8.362183
-11753.604492 18.750000 -4208.362305
-11753.604492 18.750000 -8.362183
-11739.878906 32.475952 -4208.362305
-11739.878906 32.475952 -8.362183
0
36
1 3
2 0
3 5
2 3
4 2
5 7
4 5
6 4
7 9
6 7
8 6
9 11
8 9
10 8
11 13
10 11
12 10
13 15
12 13
14 12
15 17
14 15
16 14
17 19
16 17
18 16
19 21
18 19
20 18
21 23
20 21
22 20
1 0
23 1
22 23
0 22
14
4 36 35 34 33
4 32 31 30 -35
4 29 28 27 -31
4 26 25 24 -28
4 23 22 21 -25
4 20 19 18 -22
4 17 16 15 -19
4 14 13 12 -16
4 11 10 9 -13
4 8 7 6 -10
4 5 4 3 -7
4 2 -33 1 -4
12 -2 -5 -8 -11 -14 -17 -20 -23 -26 -29 -32 -36
12 -34 -30 -27 -24 -21 -18 -15 -12 -9 -6 -3 -1
0
0
6
*
8
-11895.628906 0.500000 -2.953491
-11896.628906 0.500000 -2.953491
-11896.628906 -0.500000 -2.953491
-11895.628906 -0.500000 -2.953491
-11896.628906 -0.500000 -3.953491
-11896.628906 0.500000 -3.953491
-11895.628906 0.500000 -3.953491
-11895.628906 -0.500000 -3.953491
0
12
6 7
5 6
4 5
7 4
3 0
0 1
1 2
2 3
7 3
2 4
1 5
0 6
6
4 4 3 2 1
4 5 6 7 8
4 -4 9 -8 10
4 -3 -10 -7 11
4 -2 -11 -6 12
4 -1 -12 -5 -9
0
0
-2
*
8
-11896.133789 -0.005000 -538.458496
-11896.124023 -0.005000 -538.458496
-11896.124023 0.005000 -538.458496
-11896.133789 0.005000 -538.458496
-11896.133789 -0.005000 -538.448486
-11896.133789 0.005000 -538.448486
-11896.124023 0.005000 -538.448486
-11896.124023 -0.005000 -538.448486
0
12
7 1
6 2
5 3
0 4
5 4
6 5
7 6
4 7
0 3
3 2
2 1
1 0
6
4 -12 -1 -8 -4
4 -11 -2 -7 1
4 -10 -3 -6 2
4 -9 4 -5 3
4 8 7 6 5
4 9 10 11 12
0
0
-2
*
8
-11896.133789 -0.005000 -538.458496
-11896.124023 -0.005000 -538.458496
-11896.124023 0.005000 -538.458496
-11896.133789 0.005000 -538.458496
-11896.133789 -0.005000 -538.448486
-11896.133789 0.005000 -538.448486
-11896.124023 0.005000 -538.448486
-11896.124023 -0.005000 -538.448486
0
12
7 1
6 2
5 3
0 4
5 4
6 5
7 6
4 7
0 3
3 2
2 1
1 0
6
4 -12 -1 -8 -4
4 -11 -2 -7 1
4 -10 -3 -6 2
4 -9 4 -5 3
4 8 7 6 5
4 9 10 11 12
0
0
-2
*
8
10729.948242 -0.005000 0.005000
10729.948242 0.005000 0.005000
10729.938477 0.005000 0.005000
10729.938477 -0.005000 0.005000
10729.938477 0.005000 -0.005000
10729.948242 0.005000 -0.005000
10729.948242 -0.005000 -0.005000
10729.938477 -0.005000 -0.005000
0
12
6 7
5 6
4 5
7 4
3 0
0 1
1 2
2 3
7 3
2 4
1 5
0 6
6
4 -1 -12 -5 -9
4 -2 -11 -6 12
4 -3 -10 -7 11
4 -4 9 -8 10
4 5 6 7 8
4 4 3 2 1
0
0
-2
*
8
10729.948242 -0.005000 -608.167786
10729.948242 0.005000 -608.167786
10729.938477 0.005000 -608.167786
10729.938477 -0.005000 -608.167786
10729.938477 0.005000 -608.177795
10729.948242 0.005000 -608.177795
10729.948242 -0.005000 -608.177795
10729.938477 -0.005000 -608.177795
0
12
6 7
5 6
4 5
7 4
3 0
0 1
1 2
2 3
7 3
2 4
1 5
0 6
6
4 -1 -12 -5 -9
4 -2 -11 -6 12
4 -3 -10 -7 11
4 -4 9 -8 10
4 5 6 7 8
4 4 3 2 1
0
0
13
*
8
12175.355469 -2529.629883 -3.453491
12175.355469 -2529.629883 1472.874512
9284.531250 -2529.629883 1472.874512
9284.531250 -2529.629883 -3.453491
12175.355469 3029.629883 -3.453491
12175.355469 3029.629883 1472.874512
9284.531250 3029.629883 -3.453491
9284.531250 3029.629883 1472.874512
0
12
6 3
2 7
4 6
7 5
6 7
0 4
5 1
4 5
3 0
2 3
1 2
0 1
5
4 12 11 10 9
4 8 7 -12 6
4 5 4 -8 3
4 -10 2 -5 1
4 -3 -6 -9 -1
0
0
13
*
4
9284.531250 3029.629883 1472.874512
12175.355469 3029.629883 1472.874512
12175.355469 -2529.629883 1472.874512
9284.531250 -2529.629883 1472.874512
0
4
3 2
2 1
1 0
0 3
1
4 1 2 3 4
0
0
6
*
24
10904.943359 45.000000 -4211.628906
10904.943359 45.000000 -11.628784
10927.443359 38.971142 -4211.628906
10927.443359 38.971138 -11.628784
10943.914063 22.500000 -4211.628906
10943.914063 22.499996 -11.628784
10949.943359 0.000000 -4211.628906
10949.943359 0.000000 -11.628784
10943.914063 -22.500000 -4211.628906
10943.914063 -22.499996 -11.628784
10927.443359 -38.971142 -4211.628906
10927.443359 -38.971142 -11.628784
10904.943359 -45.000000 -4211.628906
10904.943359 -45.000000 -11.628784
10882.443359 -38.971142 -4211.628906
10882.443359 -38.971142 -11.628784
10865.972656 -22.500000 -4211.628906
10865.972656 -22.500002 -11.628784
10859.943359 0.000000 -4211.628906
10859.943359 0.000000 -11.628784
10865.972656 22.500000 -4211.628906
10865.972656 22.499998 -11.628784
10882.443359 38.971142 -4211.628906
10882.443359 38.971142 -11.628784
0
36
1 3
2 0
3 5
2 3
4 2
5 7
4 5
6 4
7 9
6 7
8 6
9 11
8 9
10 8
11 13
10 11
12 10
13 15
12 13
14 12
15 17
14 15
16 14
17 19
16 17
18 16
19 21
18 19
20 18
21 23
20 21
22 20
1 0
23 1
22 23
0 22
14
4 36 35 34 33
4 32 31 30 -35
4 29 28 27 -31
4 26 25 24 -28
4 23 22 21 -25
4 20 19 18 -22
4 17 16 15 -19
4 14 13 12 -16
4 11 10 9 -13
4 8 7 6 -10
4 5 4 3 -7
4 2 -33 1 -4
12 -2 -5 -8 -11 -14 -17 -20 -23 -26 -29 -32 -36
12 -34 -30 -27 -24 -21 -18 -15 -12 -9 -6 -3 -1
0
0
6
*
24
10532.443359 38.971142 -11.628784
10532.443359 38.971142 -4211.628906
10515.972656 22.499998 -11.628784
10515.972656 22.500000 -4211.628906
10509.943359 0.000000 -11.628784
10509.943359 0.000000 -4211.628906
10515.972656 -22.500002 -11.628784
10515.972656 -22.500000 -4211.628906
10532.443359 -38.971142 -11.628784
10532.443359 -38.971142 -4211.628906
10554.943359 -45.000000 -11.628784
10554.943359 -45.000000 -4211.628906
10577.443359 -38.971142 -11.628784
10577.443359 -38.971142 -4211.628906
10593.914063 -22.499996 -11.628784
10593.914063 -22.500000 -4211.628906
10599.943359 0.000000 -11.628784
10599.943359 0.000000 -4211.628906
10593.914063 22.499996 -11.628784
10593.914063 22.500000 -4211.628906
10577.443359 38.971138 -11.628784
10577.443359 38.971142 -4211.628906
10554.943359 45.000000 -11.628784
10554.943359 45.000000 -4211.628906
0
36
23 1
1 0
0 22
22 23
1 3
3 2
2 0
3 5
5 4
4 2
5 7
7 6
6 4
7 9
9 8
8 6
9 11
11 10
10 8
11 13
13 12
12 10
13 15
15 14
14 12
15 17
17 16
16 14
17 19
19 18
18 16
19 21
21 20
20 18
21 23
22 20
14
4 1 2 3 4
4 5 6 7 -2
4 8 9 10 -6
4 11 12 13 -9
4 14 15 16 -12
4 17 18 19 -15
4 20 21 22 -18
4 23 24 25 -21
4 26 27 28 -24
4 29 30 31 -27
4 32 33 34 -30
4 35 -4 36 -33
12 -35 -32 -29 -26 -23 -20 -17 -14 -11 -8 -5 -1
12 -3 -7 -10 -13 -16 -19 -22 -25 -28 -31 -34 -36
0
0
6
*
8
10730.788086 -0.845000 -4.298462
10730.788086 0.845000 -4.298462
10729.098633 0.845000 -4.298462
10729.098633 -0.845000 -4.298462
10730.788086 -0.845000 -2.608521
10729.098633 -0.845000 -2.608521
10729.098633 0.845000 -2.608521
10730.788086 0.845000 -2.608521
0
12
7 1
6 2
5 3
0 4
5 4
6 5
7 6
4 7
0 3
3 2
2 1
1 0
6
4 -12 -1 -8 -4
4 -11 -2 -7 1
4 -10 -3 -6 2
4 -9 4 -5 3
4 8 7 6 5
4 9 10 11 12
0
0
6
*
24
10882.443359 38.971142 -11.628784
10882.443359 38.971142 -4211.628906
10865.972656 22.499998 -11.628784
10865.972656 22.500000 -4211.628906
10859.943359 0.000000 -11.628784
10859.943359 0.000000 -4211.628906
10865.972656 -22.500002 -11.628784
10865.972656 -22.500000 -4211.628906
10882.443359 -38.971142 -11.628784
10882.443359 -38.971142 -4211.628906
10904.943359 -45.000000 -11.628784
10904.943359 -45.000000 -4211.628906
10927.443359 -38.971142 -11.628784
10927.443359 -38.971142 -4211.628906
10943.914063 -22.499996 -11.628784
10943.914063 -22.500000 -4211.628906
10949.943359 0.000000 -11.628784
10949.943359 0.000000 -4211.628906
10943.914063 22.499996 -11.628784
10943.914063 22.500000 -4211.628906
10927.443359 38.971138 -11.628784
10927.443359 38.971142 -4211.628906
10904.943359 45.000000 -11.628784
10904.943359 45.000000 -4211.628906
0
36
23 1
1 0
0 22
22 23
1 3
3 2
2 0
3 5
5 4
4 2
5 7
7 6
6 4
7 9
9 8
8 6
9 11
11 10
10 8
11 13
13 12
12 10
13 15
15 14
14 12
15 17
17 16
16 14
17 19
19 18
18 16
19 21
21 20
20 18
21 23
22 20
14
4 1 2 3 4
4 5 6 7 -2
4 8 9 10 -6
4 11 12 13 -9
4 14 15 16 -12
4 17 18 19 -15
4 20 21 22 -18
4 23 24 25 -21
4 26 27 28 -24
4 29 30 31 -27
4 32 33 34 -30
4 35 -4 36 -33
12 -35 -32 -29 -26 -23 -20 -17 -14 -11 -8 -5 -1
12 -3 -7 -10 -13 -16 -19 -22 -25 -28 -31 -34 -36
0
0
6
*
24
10554.943359 45.000000 -4211.628906
10554.943359 45.000000 -11.628784
10577.443359 38.971142 -4211.628906
10577.443359 38.971138 -11.628784
10593.914063 22.500000 -4211.628906
10593.914063 22.499996 -11.628784
10599.943359 0.000000 -4211.628906
10599.943359 0.000000 -11.628784
10593.914063 -22.500000 -4211.628906
10593.914063 -22.499996 -11.628784
10577.443359 -38.971142 -4211.628906
10577.443359 -38.971142 -11.628784
10554.943359 -45.000000 -4211.628906
10554.943359 -45.000000 -11.628784
10532.443359 -38.971142 -4211.628906
10532.443359 -38.971142 -11.628784
10515.972656 -22.500000 -4211.628906
10515.972656 -22.500002 -11.628784
10509.943359 0.000000 -4211.628906
10509.943359 0.000000 -11.628784
10515.972656 22.500000 -4211.628906
10515.972656 22.499998 -11.628784
10532.443359 38.971142 -4211.628906
10532.443359 38.971142 -11.628784
0
36
1 3
2 0
3 5
2 3
4 2
5 7
4 5
6 4
7 9
6 7
8 6
9 11
8 9
10 8
11 13
10 11
12 10
13 15
12 13
14 12
15 17
14 15
16 14
17 19
16 17
18 16
19 21
18 19
20 18
21 23
20 21
22 20
1 0
23 1
22 23
0 22
14
4 36 35 34 33
4 32 31 30 -35
4 29 28 27 -31
4 26 25 24 -28
4 23 22 21 -25
4 20 19 18 -22
4 17 16 15 -19
4 14 13 12 -16
4 11 10 9 -13
4 8 7 6 -10
4 5 4 3 -7
4 2 -33 1 -4
12 -2 -5 -8 -11 -14 -17 -20 -23 -26 -29 -32 -36
12 -34 -30 -27 -24 -21 -18 -15 -12 -9 -6 -3 -1
0
0
6
*
24
10536.193359 32.475952 -8.362183
10536.193359 32.475952 -4208.362305
10522.467773 18.750000 -8.362183
10522.467773 18.750000 -4208.362305
10517.443359 0.000000 -8.362183
10517.443359 0.000000 -4208.362305
10522.467773 -18.750002 -8.362183
10522.467773 -18.750000 -4208.362305
10536.193359 -32.475952 -8.362183
10536.193359 -32.475952 -4208.362305
10554.943359 -37.500000 -8.362183
10554.943359 -37.500000 -4208.362305
10573.693359 -32.475952 -8.362183
10573.693359 -32.475952 -4208.362305
10587.418945 -18.749996 -8.362183
10587.418945 -18.750000 -4208.362305
10592.443359 0.000000 -8.362183
10592.443359 0.000000 -4208.362305
10587.418945 18.749996 -8.362183
10587.418945 18.750000 -4208.362305
10573.693359 32.475948 -8.362183
10573.693359 32.475952 -4208.362305
10554.943359 37.500000 -8.362183
10554.943359 37.500000 -4208.362305
0
36
23 1
1 0
0 22
22 23
1 3
3 2
2 0
3 5
5 4
4 2
5 7
7 6
6 4
7 9
9 8
8 6
9 11
11 10
10 8
11 13
13 12
12 10
13 15
15 14
14 12
15 17
17 16
16 14
17 19
19 18
18 16
19 21
21 20
20 18
21 23
22 20
14
4 1 2 3 4
4 5 6 7 -2
4 8 9 10 -6
4 11 12 13 -9
4 14 15 16 -12
4 17 18 19 -15
4 20 21 22 -18
4 23 24 25 -21
4 26 27 28 -24
4 29 30 31 -27
4 32 33 34 -30
4 35 -4 36 -33
12 -35 -32 -29 -26 -23 -20 -17 -14 -11 -8 -5 -1
12 -3 -7 -10 -13 -16 -19 -22 -25 -28 -31 -34 -36
0
0
6
*
24
10904.943359 37.500000 -4208.362305
10904.943359 37.500000 -8.362183
10923.693359 32.475952 -4208.362305
10923.693359 32.475948 -8.362183
10937.418945 18.750000 -4208.362305
10937.418945 18.749996 -8.362183
10942.443359 0.000000 -4208.362305
10942.443359 0.000000 -8.362183
10937.418945 -18.750000 -4208.362305
10937.418945 -18.749996 -8.362183
10923.693359 -32.475952 -4208.362305
10923.693359 -32.475952 -8.362183
10904.943359 -37.500000 -4208.362305
10904.943359 -37.500000 -8.362183
10886.193359 -32.475952 -4208.362305
10886.193359 -32.475952 -8.362183
10872.467773 -18.750000 -4208.362305
10872.467773 -18.750002 -8.362183
10867.443359 0.000000 -4208.362305
10867.443359 0.000000 -8.362183
10872.467773 18.750000 -4208.362305
10872.467773 18.750000 -8.362183
10886.193359 32.475952 -4208.362305
10886.193359 32.475952 -8.362183
0
36
1 3
2 0
3 5
2 3
4 2
5 7
4 5
6 4
7 9
6 7
8 6
9 11
8 9
10 8
11 13
10 11
12 10
13 15
12 13
14 12
15 17
14 15
16 14
17 19
16 17
18 16
19 21
18 19
20 18
21 23
20 21
22 20
1 0
23 1
22 23
0 22
14
4 36 35 34 33
4 32 31 30 -35
4 29 28 27 -31
4 26 25 24 -28
4 23 22 21 -25
4 20 19 18 -22
4 17 16 15 -19
4 14 13 12 -16
4 11 10 9 -13
4 8 7 6 -10
4 5 4 3 -7
4 2 -33 1 -4
12 -2 -5 -8 -11 -14 -17 -20 -23 -26 -29 -32 -36
12 -34 -30 -27 -24 -21 -18 -15 -12 -9 -6 -3 -1
0
0
6
*
8
10730.443359 0.500000 -2.953491
10729.443359 0.500000 -2.953491
10729.443359 -0.500000 -2.953491
10730.443359 -0.500000 -2.953491
10729.443359 -0.500000 -3.953491
10729.443359 0.500000 -3.953491
10730.443359 0.500000 -3.953491
10730.443359 -0.500000 -3.953491
0
12
6 7
5 6
4 5
7 4
3 0
0 1
1 2
2 3
7 3
2 4
1 5
0 6
6
4 4 3 2 1
4 5 6 7 8
4 -4 9 -8 10
4 -3 -10 -7 11
4 -2 -11 -6 12
4 -1 -12 -5 -9
0
0
-2
*
8
10729.938477 -0.005000 -538.458496
10729.948242 -0.005000 -538.458496
10729.948242 0.005000 -538.458496
10729.938477 0.005000 -538.458496
10729.938477 -0.005000 -538.448486
10729.938477 0.005000 -538.448486
10729.948242 0.005000 -538.448486
10729.948242 -0.005000 -538.448486
0
12
7 1
6 2
5 3
0 4
5 4
6 5
7 6
4 7
0 3
3 2
2 1
1 0
6
4 -12 -1 -8 -4
4 -11 -2 -7 1
4 -10 -3 -6 2
4 -9 4 -5 3
4 8 7 6 5
4 9 10 11 12
0
0
-2
*
8
10729.938477 -0.005000 -538.458496
10729.948242 -0.005000 -538.458496
10729.948242 0.005000 -538.458496
10729.938477 0.005000 -538.458496
10729.938477 -0.005000 -538.448486
10729.938477 0.005000 -538.448486
10729.948242 0.005000 -538.448486
10729.948242 -0.005000 -538.448486
0
12
7 1
6 2
5 3
0 4
5 4
6 5
7 6
4 7
0 3
3 2
2 1
1 0
6
4 -12 -1 -8 -4
4 -11 -2 -7 1
4 -10 -3 -6 2
4 -9 4 -5 3
4 8 7 6 5
4 9 10 11 12
0
0
