12
0
0
0
38
-2
*
8
10734.434570 -0.005000 0.005000
10734.434570 0.005000 0.005000
10734.424805 0.005000 0.005000
10734.424805 -0.005000 0.005000
10734.424805 0.005000 -0.005000
10734.434570 0.005000 -0.005000
10734.434570 -0.005000 -0.005000
10734.424805 -0.005000 -0.005000
0
12
6 7
5 6
4 5
7 4
3 0
0 1
1 2
2 3
7 3
2 4
1 5
0 6
6
4 -1 -12 -5 -9
4 -2 -11 -6 12
4 -3 -10 -7 11
4 -4 9 -8 10
4 5 6 7 8
4 4 3 2 1
0
0
-2
*
8
10734.434570 -0.005000 0.005000
10734.434570 0.005000 0.005000
10734.424805 0.005000 0.005000
10734.424805 -0.005000 0.005000
10734.424805 0.005000 -0.005000
10734.434570 0.005000 -0.005000
10734.434570 -0.005000 -0.005000
10734.424805 -0.005000 -0.005000
0
12
6 7
5 6
4 5
7 4
3 0
0 1
1 2
2 3
7 3
2 4
1 5
0 6
6
4 -1 -12 -5 -9
4 -2 -11 -6 12
4 -3 -10 -7 11
4 -4 9 -8 10
4 5 6 7 8
4 4 3 2 1
0
0
6
*
24
10886.929688 38.971142 -8.175293
10886.929688 38.971142 -4208.175293
10870.458984 22.499998 -8.175293
10870.458984 22.500000 -4208.175293
10864.429688 0.000000 -8.175293
10864.429688 0.000000 -4208.175293
10870.458984 -22.500002 -8.175293
10870.458984 -22.500000 -4208.175293
10886.929688 -38.971142 -8.175293
10886.929688 -38.971142 -4208.175293
10909.429688 -45.000000 -8.175293
10909.429688 -45.000000 -4208.175293
10931.929688 -38.971142 -8.175293
10931.929688 -38.971142 -4208.175293
10948.400391 -22.499996 -8.175293
10948.400391 -22.500000 -4208.175293
10954.429688 0.000000 -8.175293
10954.429688 0.000000 -4208.175293
10948.400391 22.499996 -8.175293
10948.400391 22.500000 -4208.175293
10931.929688 38.971138 -8.175293
10931.929688 38.971142 -4208.175293
10909.429688 45.000000 -8.175293
10909.429688 45.000000 -4208.175293
0
36
23 1
1 0
0 22
22 23
1 3
3 2
2 0
3 5
5 4
4 2
5 7
7 6
6 4
7 9
9 8
8 6
9 11
11 10
10 8
11 13
13 12
12 10
13 15
15 14
14 12
15 17
17 16
16 14
17 19
19 18
18 16
19 21
21 20
20 18
21 23
22 20
14
4 35 -4 36 -33
4 32 33 34 -30
4 29 30 31 -27
4 26 27 28 -24
4 23 24 25 -21
4 20 21 22 -18
4 17 18 19 -15
4 14 15 16 -12
4 11 12 13 -9
4 8 9 10 -6
4 5 6 7 -2
4 1 2 3 4
12 -3 -7 -10 -13 -16 -19 -22 -25 -28 -31 -34 -36
12 -35 -32 -29 -26 -23 -20 -17 -14 -11 -8 -5 -1
0
0
6
*
24
10559.429688 45.000000 -4208.175293
10559.429688 45.000000 -8.175293
10581.929688 38.971142 -4208.175293
10581.929688 38.971138 -8.175293
10598.400391 22.500000 -4208.175293
10598.400391 22.499996 -8.175293
10604.429688 0.000000 -4208.175293
10604.429688 0.000000 -8.175293
10598.400391 -22.500000 -4208.175293
10598.400391 -22.499996 -8.175293
10581.929688 -38.971142 -4208.175293
10581.929688 -38.971142 -8.175293
10559.429688 -45.000000 -4208.175293
10559.429688 -45.000000 -8.175293
10536.929688 -38.971142 -4208.175293
10536.929688 -38.971142 -8.175293
10520.458984 -22.500000 -4208.175293
10520.458984 -22.500002 -8.175293
10514.429688 0.000000 -4208.175293
10514.429688 0.000000 -8.175293
10520.458984 22.500000 -4208.175293
10520.458984 22.499998 -8.175293
10536.929688 38.971142 -4208.175293
10536.929688 38.971142 -8.175293
0
36
1 3
2 0
3 5
2 3
4 2
5 7
4 5
6 4
7 9
6 7
8 6
9 11
8 9
10 8
11 13
10 11
12 10
13 15
12 13
14 12
15 17
14 15
16 14
17 19
16 17
18 16
19 21
18 19
20 18
21 23
20 21
22 20
1 0
23 1
22 23
0 22
14
4 2 -33 1 -4
4 5 4 3 -7
4 8 7 6 -10
4 11 10 9 -13
4 14 13 12 -16
4 17 16 15 -19
4 20 19 18 -22
4 23 22 21 -25
4 26 25 24 -28
4 29 28 27 -31
4 32 31 30 -35
4 36 35 34 33
12 -34 -30 -27 -24 -21 -18 -15 -12 -9 -6 -3 -1
12 -2 -5 -8 -11 -14 -17 -20 -23 -26 -29 -32 -36
0
0
6
*
8
10735.274414 0.845000 0.845000
10733.584961 0.845000 0.845000
10733.584961 -0.845000 0.845000
10735.274414 -0.845000 0.845000
10733.584961 -0.845000 -0.845000
10733.584961 0.845000 -0.845000
10735.274414 0.845000 -0.845000
10735.274414 -0.845000 -0.845000
0
12
6 7
5 6
4 5
7 4
3 0
0 1
1 2
2 3
7 3
2 4
1 5
0 6
6
4 4 3 2 1
4 5 6 7 8
4 -4 9 -8 10
4 -3 -10 -7 11
4 -2 -11 -6 12
4 -1 -12 -5 -9
0
0
6
*
24
10909.429688 45.000000 -4208.175293
10909.429688 45.000000 -8.175293
10931.929688 38.971142 -4208.175293
10931.929688 38.971138 -8.175293
10948.400391 22.500000 -4208.175293
10948.400391 22.499996 -8.175293
10954.429688 0.000000 -4208.175293
10954.429688 0.000000 -8.175293
10948.400391 -22.500000 -4208.175293
10948.400391 -22.499996 -8.175293
10931.929688 -38.971142 -4208.175293
10931.929688 -38.971142 -8.175293
10909.429688 -45.000000 -4208.175293
10909.429688 -45.000000 -8.175293
10886.929688 -38.971142 -4208.175293
10886.929688 -38.971142 -8.175293
10870.458984 -22.500000 -4208.175293
10870.458984 -22.500002 -8.175293
10864.429688 0.000000 -4208.175293
10864.429688 0.000000 -8.175293
10870.458984 22.500000 -4208.175293
10870.458984 22.499998 -8.175293
10886.929688 38.971142 -4208.175293
10886.929688 38.971142 -8.175293
0
36
1 3
2 0
3 5
2 3
4 2
5 7
4 5
6 4
7 9
6 7
8 6
9 11
8 9
10 8
11 13
10 11
12 10
13 15
12 13
14 12
15 17
14 15
16 14
17 19
16 17
18 16
19 21
18 19
20 18
21 23
20 21
22 20
1 0
23 1
22 23
0 22
14
4 2 -33 1 -4
4 5 4 3 -7
4 8 7 6 -10
4 11 10 9 -13
4 14 13 12 -16
4 17 16 15 -19
4 20 19 18 -22
4 23 22 21 -25
4 26 25 24 -28
4 29 28 27 -31
4 32 31 30 -35
4 36 35 34 33
12 -34 -30 -27 -24 -21 -18 -15 -12 -9 -6 -3 -1
12 -2 -5 -8 -11 -14 -17 -20 -23 -26 -29 -32 -36
0
0
6
*
24
10536.929688 38.971142 -8.175293
10536.929688 38.971142 -4208.175293
10520.458984 22.499998 -8.175293
10520.458984 22.500000 -4208.175293
10514.429688 0.000000 -8.175293
10514.429688 0.000000 -4208.175293
10520.458984 -22.500002 -8.175293
10520.458984 -22.500000 -4208.175293
10536.929688 -38.971142 -8.175293
10536.929688 -38.971142 -4208.175293
10559.429688 -45.000000 -8.175293
10559.429688 -45.000000 -4208.175293
10581.929688 -38.971142 -8.175293
10581.929688 -38.971142 -4208.175293
10598.400391 -22.499996 -8.175293
10598.400391 -22.500000 -4208.175293
10604.429688 0.000000 -8.175293
10604.429688 0.000000 -4208.175293
10598.400391 22.499996 -8.175293
10598.400391 22.500000 -4208.175293
10581.929688 38.971138 -8.175293
10581.929688 38.971142 -4208.175293
10559.429688 45.000000 -8.175293
10559.429688 45.000000 -4208.175293
0
36
23 1
1 0
0 22
22 23
1 3
3 2
2 0
3 5
5 4
4 2
5 7
7 6
6 4
7 9
9 8
8 6
9 11
11 10
10 8
11 13
13 12
12 10
13 15
15 14
14 12
15 17
17 16
16 14
17 19
19 18
18 16
19 21
21 20
20 18
21 23
22 20
14
4 35 -4 36 -33
4 32 33 34 -30
4 29 30 31 -27
4 26 27 28 -24
4 23 24 25 -21
4 20 21 22 -18
4 17 18 19 -15
4 14 15 16 -12
4 11 12 13 -9
4 8 9 10 -6
4 5 6 7 -2
4 1 2 3 4
12 -3 -7 -10 -13 -16 -19 -22 -25 -28 -31 -34 -36
12 -35 -32 -29 -26 -23 -20 -17 -14 -11 -8 -5 -1
0
0
14
*
5
10789.660156 -203.332993 -4324.987305
10774.074219 -203.332993 -4324.987305
10789.660156 -230.530304 -4307.184082
10789.660156 -230.821167 -4339.688965
10774.074219 -230.821167 -4339.688965
0
8
0 1
1 2
2 0
1 4
4 2
4 3
3 2
0 3
4
3 6 7 -5
3 4 5 -2
3 1 2 3
4 -1 8 -6 -4
0
0
14
*
8
10789.660156 -167.069901 -4348.724609
10789.660156 -189.734329 -4333.888672
10753.292969 -167.069901 -4348.724609
10766.281250 -189.734329 -4333.888672
10789.660156 -230.966583 -4355.941406
10789.660156 -231.208939 -4383.028809
10753.292969 -231.208954 -4383.028809
10766.281250 -230.966599 -4355.941406
0
12
0 5
5 6
6 2
2 0
1 3
3 7
7 4
4 1
1 0
2 3
6 7
5 4
5
4 -11 -2 12 -7
4 -10 -3 11 -6
4 9 -4 10 -5
4 5 6 7 8
4 1 2 3 4
0
0
14
*
8
10789.660156 -153.471252 -4357.625977
10745.499023 -153.471252 -4357.625977
10789.660156 -231.354355 -4399.280762
10745.499023 -231.354355 -4399.280762
10732.510742 -130.806839 -4372.461914
10732.510742 -231.596741 -4426.368164
10789.660156 -231.596725 -4426.368164
10789.660156 -130.806824 -4372.461914
0
12
1 3
3 2
2 0
0 1
0 7
7 4
4 1
4 5
5 3
5 6
6 2
7 6
5
4 12 -10 -8 -6
4 -9 10 11 -2
4 -7 8 9 -1
4 5 6 7 -4
4 1 2 3 4
0
0
14
*
13
10789.660156 -167.069901 -4348.724609
10789.660156 -231.208939 -4383.028809
10789.660156 -231.354355 -4399.280762
10789.660156 -153.471252 -4357.625977
10789.660156 -189.734329 -4333.888672
10789.660156 -230.966583 -4355.941406
10789.660156 -230.821167 -4339.688965
10789.660156 -203.332993 -4324.987305
10789.660156 -230.530304 -4307.184082
10789.660156 -231.596725 -4426.368164
10846.810547 -231.596725 -4426.368164
10846.810547 -130.806808 -4372.461914
10789.660156 -130.806824 -4372.461914
0
16
11 12
12 8
8 11
9 10
10 8
8 9
10 11
3 2
2 1
1 0
0 3
4 5
5 6
6 7
7 4
9 12
6
3 7 -3 -5
3 4 5 6
3 1 2 3
4 -1 -7 -4 16
4 12 13 14 15
4 8 9 10 11
0
0
14
*
8
10631.199219 -153.471252 -4357.625977
10631.199219 -231.354355 -4399.280762
10719.522461 -153.471237 -4357.625977
10719.522461 -231.354370 -4399.280762
10618.210938 -130.806839 -4372.461914
10618.210938 -231.596741 -4426.368164
10732.510742 -231.596725 -4426.368164
10732.510742 -130.806808 -4372.461914
0
12
0 1
1 3
3 2
2 0
2 7
7 4
4 0
4 5
5 1
5 6
6 3
6 7
6
4 -12 -10 -8 -6
4 -11 12 -5 -3
4 -9 10 11 -2
4 -7 8 9 -1
4 5 6 7 -4
4 1 2 3 4
0
0
14
*
8
10638.992188 -167.069901 -4348.724609
10651.981445 -189.734329 -4333.888672
10638.992188 -231.208954 -4383.028809
10651.981445 -230.966599 -4355.941406
10698.740234 -189.734329 -4333.888672
10711.728516 -167.069901 -4348.724609
10711.728516 -231.208939 -4383.028809
10698.740234 -230.966583 -4355.941406
0
12
5 6
6 2
2 0
0 5
1 3
3 7
7 4
4 1
4 5
0 1
2 3
6 7
6
4 -12 -1 -9 -7
4 -11 -2 12 -6
4 -10 -3 11 -5
4 9 -4 10 -8
4 5 6 7 8
4 1 2 3 4
0
0
14
*
5
10659.774414 -203.332993 -4324.987305
10659.774414 -230.821167 -4339.688965
10675.360352 -230.530304 -4307.184082
10690.947266 -203.332993 -4324.987305
10690.947266 -230.821167 -4339.688965
0
8
3 0
0 2
2 3
0 1
1 2
1 4
4 2
4 3
5
3 8 -3 -7
3 6 7 -5
3 4 5 -2
3 1 2 3
4 -1 -8 -6 -4
0
0
5
*
24
10766.179688 54.992615 -4876.519043
10766.179688 54.992615 -4698.719238
10789.421875 31.749996 -4876.519043
10789.421875 31.749996 -4698.719238
10797.929688 0.000000 -4876.519043
10797.929688 0.000000 -4698.719238
10789.421875 -31.750002 -4876.519043
10789.421875 -31.750002 -4698.719238
10766.179688 -54.992607 -4876.519043
10766.179688 -54.992607 -4698.719238
10734.429688 -63.500000 -4876.519043
10734.429688 -63.500000 -4698.719238
10702.679688 -54.992615 -4876.519043
10702.679688 -54.992615 -4698.719238
10679.437500 -31.749992 -4876.519043
10679.437500 -31.749992 -4698.719238
10670.929688 0.000000 -4876.519043
10670.929688 0.000000 -4698.719238
10679.437500 31.749994 -4876.519043
10679.437500 31.749994 -4698.719238
10702.679688 54.992603 -4876.519043
10702.679688 54.992603 -4698.719238
10734.429688 63.500000 -4876.519043
10734.429688 63.500000 -4698.719238
0
36
0 22
23 1
0 1
2 0
1 3
2 3
4 2
3 5
4 5
6 4
5 7
6 7
8 6
7 9
8 9
10 8
9 11
10 11
12 10
11 13
12 13
14 12
13 15
14 15
16 14
15 17
16 17
18 16
17 19
18 19
20 18
19 21
20 21
22 20
23 22
21 23
14
4 2 -3 1 -35
4 5 -6 4 3
4 8 -9 7 6
4 11 -12 10 9
4 14 -15 13 12
4 17 -18 16 15
4 20 -21 19 18
4 23 -24 22 21
4 26 -27 25 24
4 29 -30 28 27
4 32 -33 31 30
4 36 35 34 33
12 -36 -32 -29 -26 -23 -20 -17 -14 -11 -8 -5 -2
12 -1 -4 -7 -10 -13 -16 -19 -22 -25 -28 -31 -34
0
0
-2
*
24
10734.429688 228.058487 -4727.274902
10734.429688 -228.058487 -4727.274902
10605.306641 228.058487 -4680.698242
10605.306641 -228.058487 -4680.698242
10510.783203 228.058487 -4553.448730
10510.783203 -228.058487 -4553.448730
10476.184570 228.058487 -4379.622070
10476.184570 -228.058487 -4379.622070
10510.783203 228.058487 -4205.795410
10510.783203 -228.058487 -4205.795410
10605.306641 228.058487 -4078.545166
10605.306641 -228.058487 -4078.545166
10734.429688 228.058487 -4031.968750
10734.429688 -228.058487 -4031.968750
10863.552734 228.058487 -4078.545166
10863.552734 -228.058487 -4078.545166
10958.076172 228.058487 -4205.795410
10958.076172 -228.058487 -4205.795410
10992.674805 228.058487 -4379.622070
10992.674805 -228.058487 -4379.622070
10958.076172 228.058487 -4553.448730
10958.076172 -228.058487 -4553.448730
10863.552734 228.058487 -4680.698242
10863.552734 -228.058487 -4680.698242
0
36
23 1
0 22
23 22
21 23
22 20
21 20
19 21
20 18
19 18
17 19
18 16
17 16
15 17
16 14
15 14
13 15
14 12
13 12
11 13
12 10
11 10
9 11
10 8
9 8
7 9
8 6
7 6
5 7
6 4
5 4
3 5
4 2
3 2
1 3
0 1
2 0
14
4 2 -3 1 -35
4 5 -6 4 3
4 8 -9 7 6
4 11 -12 10 9
4 14 -15 13 12
4 17 -18 16 15
4 20 -21 19 18
4 23 -24 22 21
4 26 -27 25 24
4 29 -30 28 27
4 32 -33 31 30
4 36 35 34 33
12 -36 -32 -29 -26 -23 -20 -17 -14 -11 -8 -5 -2
12 -1 -4 -7 -10 -13 -16 -19 -22 -25 -28 -31 -34
0
0
6
*
24
10559.429688 37.500000 -4204.908691
10559.429688 37.500000 -4.908691
10578.179688 32.475952 -4204.908691
10578.179688 32.475948 -4.908691
10591.905273 18.750000 -4204.908691
10591.905273 18.749996 -4.908691
10596.929688 0.000000 -4204.908691
10596.929688 0.000000 -4.908691
10591.905273 -18.750000 -4204.908691
10591.905273 -18.749996 -4.908691
10578.179688 -32.475952 -4204.908691
10578.179688 -32.475952 -4.908691
10559.429688 -37.500000 -4204.908691
10559.429688 -37.500000 -4.908691
10540.679688 -32.475952 -4204.908691
10540.679688 -32.475952 -4.908691
10526.954102 -18.750000 -4204.908691
10526.954102 -18.750002 -4.908691
10521.929688 0.000000 -4204.908691
10521.929688 0.000000 -4.908691
10526.954102 18.750000 -4204.908691
10526.954102 18.750000 -4.908691
10540.679688 32.475952 -4204.908691
10540.679688 32.475952 -4.908691
0
36
1 3
2 0
3 5
2 3
4 2
5 7
4 5
6 4
7 9
6 7
8 6
9 11
8 9
10 8
11 13
10 11
12 10
13 15
12 13
14 12
15 17
14 15
16 14
17 19
16 17
18 16
19 21
18 19
20 18
21 23
20 21
22 20
1 0
23 1
22 23
0 22
14
4 2 -33 1 -4
4 5 4 3 -7
4 8 7 6 -10
4 11 10 9 -13
4 14 13 12 -16
4 17 16 15 -19
4 20 19 18 -22
4 23 22 21 -25
4 26 25 24 -28
4 29 28 27 -31
4 32 31 30 -35
4 36 35 34 33
12 -34 -30 -27 -24 -21 -18 -15 -12 -9 -6 -3 -1
12 -2 -5 -8 -11 -14 -17 -20 -23 -26 -29 -32 -36
0
0
6
*
24
10890.679688 32.475952 -4.908691
10890.679688 32.475952 -4204.908691
10876.954102 18.750000 -4.908691
10876.954102 18.750000 -4204.908691
10871.929688 0.000000 -4.908691
10871.929688 0.000000 -4204.908691
10876.954102 -18.750002 -4.908691
10876.954102 -18.750000 -4204.908691
10890.679688 -32.475952 -4.908691
10890.679688 -32.475952 -4204.908691
10909.429688 -37.500000 -4.908691
10909.429688 -37.500000 -4204.908691
10928.179688 -32.475952 -4.908691
10928.179688 -32.475952 -4204.908691
10941.905273 -18.749996 -4.908691
10941.905273 -18.750000 -4204.908691
10946.929688 0.000000 -4.908691
10946.929688 0.000000 -4204.908691
10941.905273 18.749996 -4.908691
10941.905273 18.750000 -4204.908691
10928.179688 32.475948 -4.908691
10928.179688 32.475952 -4204.908691
10909.429688 37.500000 -4.908691
10909.429688 37.500000 -4204.908691
0
36
23 1
1 0
0 22
22 23
1 3
3 2
2 0
3 5
5 4
4 2
5 7
7 6
6 4
7 9
9 8
8 6
9 11
11 10
10 8
11 13
13 12
12 10
13 15
15 14
14 12
15 17
17 16
16 14
17 19
19 18
18 16
19 21
21 20
20 18
21 23
22 20
14
4 35 -4 36 -33
4 32 33 34 -30
4 29 30 31 -27
4 26 27 28 -24
4 23 24 25 -21
4 20 21 22 -18
4 17 18 19 -15
4 14 15 16 -12
4 11 12 13 -9
4 8 9 10 -6
4 5 6 7 -2
4 1 2 3 4
12 -3 -7 -10 -13 -16 -19 -22 -25 -28 -31 -34 -36
12 -35 -32 -29 -26 -23 -20 -17 -14 -11 -8 -5 -1
0
0
6
*
8
10734.929688 -0.500000 -0.500000
10734.929688 0.500000 -0.500000
10733.929688 0.500000 -0.500000
10733.929688 -0.500000 -0.500000
10734.929688 -0.500000 0.500000
10733.929688 -0.500000 0.500000
10733.929688 0.500000 0.500000
10734.929688 0.500000 0.500000
0
12
7 1
6 2
5 3
0 4
5 4
6 5
7 6
4 7
0 3
3 2
2 1
1 0
6
4 -12 -1 -8 -4
4 -11 -2 -7 1
4 -10 -3 -6 2
4 -9 4 -5 3
4 8 7 6 5
4 9 10 11 12
0
0
-2
*
8
-11905.504883 -0.005000 0.005000
-11905.504883 0.005000 0.005000
-11905.514648 0.005000 0.005000
-11905.514648 -0.005000 0.005000
-11905.514648 0.005000 -0.005000
-11905.504883 0.005000 -0.005000
-11905.504883 -0.005000 -0.005000
-11905.514648 -0.005000 -0.005000
0
12
6 7
5 6
4 5
7 4
3 0
0 1
1 2
2 3
7 3
2 4
1 5
0 6
6
4 -1 -12 -5 -9
4 -2 -11 -6 12
4 -3 -10 -7 11
4 -4 9 -8 10
4 5 6 7 8
4 4 3 2 1
0
0
-2
*
8
-11905.504883 -0.005000 0.005000
-11905.504883 0.005000 0.005000
-11905.514648 0.005000 0.005000
-11905.514648 -0.005000 0.005000
-11905.514648 0.005000 -0.005000
-11905.504883 0.005000 -0.005000
-11905.504883 -0.005000 -0.005000
-11905.514648 -0.005000 -0.005000
0
12
6 7
5 6
4 5
7 4
3 0
0 1
1 2
2 3
7 3
2 4
1 5
0 6
6
4 -1 -12 -5 -9
4 -2 -11 -6 12
4 -3 -10 -7 11
4 -4 9 -8 10
4 5 6 7 8
4 4 3 2 1
0
0
6
*
24
-11753.009766 38.971142 -8.175293
-11753.009766 38.971142 -4208.175293
-11769.480469 22.499998 -8.175293
-11769.480469 22.500000 -4208.175293
-11775.509766 0.000000 -8.175293
-11775.509766 0.000000 -4208.175293
-11769.480469 -22.500002 -8.175293
-11769.480469 -22.500000 -4208.175293
-11753.009766 -38.971142 -8.175293
-11753.009766 -38.971142 -4208.175293
-11730.509766 -45.000000 -8.175293
-11730.509766 -45.000000 -4208.175293
-11708.009766 -38.971142 -8.175293
-11708.009766 -38.971142 -4208.175293
-11691.539063 -22.499996 -8.175293
-11691.539063 -22.500000 -4208.175293
-11685.509766 0.000000 -8.175293
-11685.509766 0.000000 -4208.175293
-11691.539063 22.499996 -8.175293
-11691.539063 22.500000 -4208.175293
-11708.009766 38.971138 -8.175293
-11708.009766 38.971142 -4208.175293
-11730.509766 45.000000 -8.175293
-11730.509766 45.000000 -4208.175293
0
36
23 1
1 0
0 22
22 23
1 3
3 2
2 0
3 5
5 4
4 2
5 7
7 6
6 4
7 9
9 8
8 6
9 11
11 10
10 8
11 13
13 12
12 10
13 15
15 14
14 12
15 17
17 16
16 14
17 19
19 18
18 16
19 21
21 20
20 18
21 23
22 20
14
4 35 -4 36 -33
4 32 33 34 -30
4 29 30 31 -27
4 26 27 28 -24
4 23 24 25 -21
4 20 21 22 -18
4 17 18 19 -15
4 14 15 16 -12
4 11 12 13 -9
4 8 9 10 -6
4 5 6 7 -2
4 1 2 3 4
12 -3 -7 -10 -13 -16 -19 -22 -25 -28 -31 -34 -36
12 -35 -32 -29 -26 -23 -20 -17 -14 -11 -8 -5 -1
0
0
6
*
24
-12080.509766 45.000000 -4208.175293
-12080.509766 45.000000 -8.175293
-12058.009766 38.971142 -4208.175293
-12058.009766 38.971138 -8.175293
-12041.539063 22.500000 -4208.175293
-12041.539063 22.499996 -8.175293
-12035.509766 0.000000 -4208.175293
-12035.509766 0.000000 -8.175293
-12041.539063 -22.500000 -4208.175293
-12041.539063 -22.499996 -8.175293
-12058.009766 -38.971142 -4208.175293
-12058.009766 -38.971142 -8.175293
-12080.509766 -45.000000 -4208.175293
-12080.509766 -45.000000 -8.175293
-12103.009766 -38.971142 -4208.175293
-12103.009766 -38.971142 -8.175293
-12119.480469 -22.500000 -4208.175293
-12119.480469 -22.500002 -8.175293
-12125.509766 0.000000 -4208.175293
-12125.509766 0.000000 -8.175293
-12119.480469 22.500000 -4208.175293
-12119.480469 22.499998 -8.175293
-12103.009766 38.971142 -4208.175293
-12103.009766 38.971142 -8.175293
0
36
1 3
2 0
3 5
2 3
4 2
5 7
4 5
6 4
7 9
6 7
8 6
9 11
8 9
10 8
11 13
10 11
12 10
13 15
12 13
14 12
15 17
14 15
16 14
17 19
16 17
18 16
19 21
18 19
20 18
21 23
20 21
22 20
1 0
23 1
22 23
0 22
14
4 2 -33 1 -4
4 5 4 3 -7
4 8 7 6 -10
4 11 10 9 -13
4 14 13 12 -16
4 17 16 15 -19
4 20 19 18 -22
4 23 22 21 -25
4 26 25 24 -28
4 29 28 27 -31
4 32 31 30 -35
4 36 35 34 33
12 -34 -30 -27 -24 -21 -18 -15 -12 -9 -6 -3 -1
12 -2 -5 -8 -11 -14 -17 -20 -23 -26 -29 -32 -36
0
0
6
*
8
-11904.665039 0.845000 0.845000
-11906.354492 0.845000 0.845000
-11906.354492 -0.845000 0.845000
-11904.665039 -0.845000 0.845000
-11906.354492 -0.845000 -0.845000
-11906.354492 0.845000 -0.845000
-11904.665039 0.845000 -0.845000
-11904.665039 -0.845000 -0.845000
0
12
6 7
5 6
4 5
7 4
3 0
0 1
1 2
2 3
7 3
2 4
1 5
0 6
6
4 4 3 2 1
4 5 6 7 8
4 -4 9 -8 10
4 -3 -10 -7 11
4 -2 -11 -6 12
4 -1 -12 -5 -9
0
0
6
*
24
-11730.509766 45.000000 -4208.175293
-11730.509766 45.000000 -8.175293
-11708.009766 38.971142 -4208.175293
-11708.009766 38.971138 -8.175293
-11691.539063 22.500000 -4208.175293
-11691.539063 22.499996 -8.175293
-11685.509766 0.000000 -4208.175293
-11685.509766 0.000000 -8.175293
-11691.539063 -22.500000 -4208.175293
-11691.539063 -22.499996 -8.175293
-11708.009766 -38.971142 -4208.175293
-11708.009766 -38.971142 -8.175293
-11730.509766 -45.000000 -4208.175293
-11730.509766 -45.000000 -8.175293
-11753.009766 -38.971142 -4208.175293
-11753.009766 -38.971142 -8.175293
-11769.480469 -22.500000 -4208.175293
-11769.480469 -22.500002 -8.175293
-11775.509766 0.000000 -4208.175293
-11775.509766 0.000000 -8.175293
-11769.480469 22.500000 -4208.175293
-11769.480469 22.499998 -8.175293
-11753.009766 38.971142 -4208.175293
-11753.009766 38.971142 -8.175293
0
36
1 3
2 0
3 5
2 3
4 2
5 7
4 5
6 4
7 9
6 7
8 6
9 11
8 9
10 8
11 13
10 11
12 10
13 15
12 13
14 12
15 17
14 15
16 14
17 19
16 17
18 16
19 21
18 19
20 18
21 23
20 21
22 20
1 0
23 1
22 23
0 22
14
4 2 -33 1 -4
4 5 4 3 -7
4 8 7 6 -10
4 11 10 9 -13
4 14 13 12 -16
4 17 16 15 -19
4 20 19 18 -22
4 23 22 21 -25
4 26 25 24 -28
4 29 28 27 -31
4 32 31 30 -35
4 36 35 34 33
12 -34 -30 -27 -24 -21 -18 -15 -12 -9 -6 -3 -1
12 -2 -5 -8 -11 -14 -17 -20 -23 -26 -29 -32 -36
0
0
6
*
24
-12103.009766 38.971142 -8.175293
-12103.009766 38.971142 -4208.175293
-12119.480469 22.499998 -8.175293
-12119.480469 22.500000 -4208.175293
-12125.509766 0.000000 -8.175293
-12125.509766 0.000000 -4208.175293
-12119.480469 -22.500002 -8.175293
-12119.480469 -22.500000 -4208.175293
-12103.009766 -38.971142 -8.175293
-12103.009766 -38.971142 -4208.175293
-12080.509766 -45.000000 -8.175293
-12080.509766 -45.000000 -4208.175293
-12058.009766 -38.971142 -8.175293
-12058.009766 -38.971142 -4208.175293
-12041.539063 -22.499996 -8.175293
-12041.539063 -22.500000 -4208.175293
-12035.509766 0.000000 -8.175293
-12035.509766 0.000000 -4208.175293
-12041.539063 22.499996 -8.175293
-12041.539063 22.500000 -4208.175293
-12058.009766 38.971138 -8.175293
-12058.009766 38.971142 -4208.175293
-12080.509766 45.000000 -8.175293
-12080.509766 45.000000 -4208.175293
0
36
23 1
1 0
0 22
22 23
1 3
3 2
2 0
3 5
5 4
4 2
5 7
7 6
6 4
7 9
9 8
8 6
9 11
11 10
10 8
11 13
13 12
12 10
13 15
15 14
14 12
15 17
17 16
16 14
17 19
19 18
18 16
19 21
21 20
20 18
21 23
22 20
14
4 35 -4 36 -33
4 32 33 34 -30
4 29 30 31 -27
4 26 27 28 -24
4 23 24 25 -21
4 20 21 22 -18
4 17 18 19 -15
4 14 15 16 -12
4 11 12 13 -9
4 8 9 10 -6
4 5 6 7 -2
4 1 2 3 4
12 -3 -7 -10 -13 -16 -19 -22 -25 -28 -31 -34 -36
12 -35 -32 -29 -26 -23 -20 -17 -14 -11 -8 -5 -1
0
0
14
*
5
-11850.279297 -203.332993 -4324.987305
-11865.865234 -203.332993 -4324.987305
-11850.279297 -230.530304 -4307.184082
-11850.279297 -230.821167 -4339.688965
-11865.865234 -230.821167 -4339.688965
0
8
0 1
1 2
2 0
1 4
4 2
4 3
3 2
0 3
4
3 6 7 -5
3 4 5 -2
3 1 2 3
4 -1 8 -6 -4
0
0
14
*
8
-11850.279297 -167.069901 -4348.724609
-11850.279297 -189.734329 -4333.888672
-11886.646484 -167.069901 -4348.724609
-11873.658203 -189.734329 -4333.888672
-11850.279297 -230.966583 -4355.941406
-11850.279297 -231.208939 -4383.028809
-11886.646484 -231.208954 -4383.028809
-11873.658203 -230.966599 -4355.941406
0
12
0 5
5 6
6 2
2 0
1 3
3 7
7 4
4 1
1 0
2 3
6 7
5 4
5
4 -11 -2 12 -7
4 -10 -3 11 -6
4 9 -4 10 -5
4 5 6 7 8
4 1 2 3 4
0
0
14
*
8
-11850.279297 -153.471252 -4357.625977
-11894.440430 -153.471252 -4357.625977
-11850.279297 -231.354355 -4399.280762
-11894.440430 -231.354355 -4399.280762
-11907.428711 -130.806839 -4372.461914
-11907.428711 -231.596741 -4426.368164
-11850.279297 -231.596725 -4426.368164
-11850.279297 -130.806824 -4372.461914
0
12
1 3
3 2
2 0
0 1
0 7
7 4
4 1
4 5
5 3
5 6
6 2
7 6
5
4 12 -10 -8 -6
4 -9 10 11 -2
4 -7 8 9 -1
4 5 6 7 -4
4 1 2 3 4
0
0
14
*
13
-11850.279297 -167.069901 -4348.724609
-11850.279297 -231.208939 -4383.028809
-11850.279297 -231.354355 -4399.280762
-11850.279297 -153.471252 -4357.625977
-11850.279297 -189.734329 -4333.888672
-11850.279297 -230.966583 -4355.941406
-11850.279297 -230.821167 -4339.688965
-11850.279297 -203.332993 -4324.987305
-11850.279297 -230.530304 -4307.184082
-11850.279297 -231.596725 -4426.368164
-11793.128906 -231.596725 -4426.368164
-11793.128906 -130.806808 -4372.461914
-11850.279297 -130.806824 -4372.461914
0
16
11 12
12 8
8 11
9 10
10 8
8 9
10 11
3 2
2 1
1 0
0 3
4 5
5 6
6 7
7 4
9 12
6
3 7 -3 -5
3 4 5 6
3 1 2 3
4 -1 -7 -4 16
4 12 13 14 15
4 8 9 10 11
0
0
14
*
8
-12008.740234 -153.471252 -4357.625977
-12008.740234 -231.354355 -4399.280762
-11920.416992 -153.471237 -4357.625977
-11920.416992 -231.354370 -4399.280762
-12021.728516 -130.806839 -4372.461914
-12021.728516 -231.596741 -4426.368164
-11907.428711 -231.596725 -4426.368164
-11907.428711 -130.806808 -4372.461914
0
12
0 1
1 3
3 2
2 0
2 7
7 4
4 0
4 5
5 1
5 6
6 3
6 7
6
4 -12 -10 -8 -6
4 -11 12 -5 -3
4 -9 10 11 -2
4 -7 8 9 -1
4 5 6 7 -4
4 1 2 3 4
0
0
14
*
8
-12000.947266 -167.069901 -4348.724609
-11987.958008 -189.734329 -4333.888672
-12000.947266 -231.208954 -4383.028809
-11987.958008 -230.966599 -4355.941406
-11941.199219 -189.734329 -4333.888672
-11928.210938 -167.069901 -4348.724609
-11928.210938 -231.208939 -4383.028809
-11941.199219 -230.966583 -4355.941406
0
12
5 6
6 2
2 0
0 5
1 3
3 7
7 4
4 1
4 5
0 1
2 3
6 7
6
4 -12 -1 -9 -7
4 -11 -2 12 -6
4 -10 -3 11 -5
4 9 -4 10 -8
4 5 6 7 8
4 1 2 3 4
0
0
14
*
5
-11980.165039 -203.332993 -4324.987305
-11980.165039 -230.821167 -4339.688965
-11964.579102 -230.530304 -4307.184082
-11948.992188 -203.332993 -4324.987305
-11948.992188 -230.821167 -4339.688965
0
8
3 0
0 2
2 3
0 1
1 2
1 4
4 2
4 3
5
3 8 -3 -7
3 6 7 -5
3 4 5 -2
3 1 2 3
4 -1 -8 -6 -4
0
0
5
*
24
-11873.759766 54.992615 -4876.519043
-11873.759766 54.992615 -4698.719238
-11850.517578 31.749996 -4876.519043
-11850.517578 31.749996 -4698.719238
-11842.009766 0.000000 -4876.519043
-11842.009766 0.000000 -4698.719238
-11850.517578 -31.750002 -4876.519043
-11850.517578 -31.750002 -4698.719238
-11873.759766 -54.992607 -4876.519043
-11873.759766 -54.992607 -4698.719238
-11905.509766 -63.500000 -4876.519043
-11905.509766 -63.500000 -4698.719238
-11937.259766 -54.992615 -4876.519043
-11937.259766 -54.992615 -4698.719238
-11960.501953 -31.749992 -4876.519043
-11960.501953 -31.749992 -4698.719238
-11969.009766 0.000000 -4876.519043
-11969.009766 0.000000 -4698.719238
-11960.501953 31.749994 -4876.519043
-11960.501953 31.749994 -4698.719238
-11937.259766 54.992603 -4876.519043
-11937.259766 54.992603 -4698.719238
-11905.509766 63.500000 -4876.519043
-11905.509766 63.500000 -4698.719238
0
36
0 22
23 1
0 1
2 0
1 3
2 3
4 2
3 5
4 5
6 4
5 7
6 7
8 6
7 9
8 9
10 8
9 11
10 11
12 10
11 13
12 13
14 12
13 15
14 15
16 14
15 17
16 17
18 16
17 19
18 19
20 18
19 21
20 21
22 20
23 22
21 23
14
4 2 -3 1 -35
4 5 -6 4 3
4 8 -9 7 6
4 11 -12 10 9
4 14 -15 13 12
4 17 -18 16 15
4 20 -21 19 18
4 23 -24 22 21
4 26 -27 25 24
4 29 -30 28 27
4 32 -33 31 30
4 36 35 34 33
12 -36 -32 -29 -26 -23 -20 -17 -14 -11 -8 -5 -2
12 -1 -4 -7 -10 -13 -16 -19 -22 -25 -28 -31 -34
0
0
-2
*
24
-11905.509766 228.058487 -4727.274902
-11905.509766 -228.058487 -4727.274902
-12034.632813 228.058487 -4680.698242
-12034.632813 -228.058487 -4680.698242
-12129.156250 228.058487 -4553.448730
-12129.156250 -228.058487 -4553.448730
-12163.754883 228.058487 -4379.622070
-12163.754883 -228.058487 -4379.622070
-12129.156250 228.058487 -4205.795410
-12129.156250 -228.058487 -4205.795410
-12034.632813 228.058487 -4078.545166
-12034.632813 -228.058487 -4078.545166
-11905.509766 228.058487 -4031.968750
-11905.509766 -228.058487 -4031.968750
-11776.386719 228.058487 -4078.545166
-11776.386719 -228.058487 -4078.545166
-11681.863281 228.058487 -4205.795410
-11681.863281 -228.058487 -4205.795410
-11647.264648 228.058487 -4379.622070
-11647.264648 -228.058487 -4379.622070
-11681.863281 228.058487 -4553.448730
-11681.863281 -228.058487 -4553.448730
-11776.386719 228.058487 -4680.698242
-11776.386719 -228.058487 -4680.698242
0
36
23 1
0 22
23 22
21 23
22 20
21 20
19 21
20 18
19 18
17 19
18 16
17 16
15 17
16 14
15 14
13 15
14 12
13 12
11 13
12 10
11 10
9 11
10 8
9 8
7 9
8 6
7 6
5 7
6 4
5 4
3 5
4 2
3 2
1 3
0 1
2 0
14
4 2 -3 1 -35
4 5 -6 4 3
4 8 -9 7 6
4 11 -12 10 9
4 14 -15 13 12
4 17 -18 16 15
4 20 -21 19 18
4 23 -24 22 21
4 26 -27 25 24
4 29 -30 28 27
4 32 -33 31 30
4 36 35 34 33
12 -36 -32 -29 -26 -23 -20 -17 -14 -11 -8 -5 -2
12 -1 -4 -7 -10 -13 -16 -19 -22 -25 -28 -31 -34
0
0
6
*
24
-12080.509766 37.500000 -4204.908691
-12080.509766 37.500000 -4.908691
-12061.759766 32.475952 -4204.908691
-12061.759766 32.475948 -4.908691
-12048.034180 18.750000 -4204.908691
-12048.034180 18.749996 -4.908691
-12043.009766 0.000000 -4204.908691
-12043.009766 0.000000 -4.908691
-12048.034180 -18.750000 -4204.908691
-12048.034180 -18.749996 -4.908691
-12061.759766 -32.475952 -4204.908691
-12061.759766 -32.475952 -4.908691
-12080.509766 -37.500000 -4204.908691
-12080.509766 -37.500000 -4.908691
-12099.259766 -32.475952 -4204.908691
-12099.259766 -32.475952 -4.908691
-12112.985352 -18.750000 -4204.908691
-12112.985352 -18.750002 -4.908691
-12118.009766 0.000000 -4204.908691
-12118.009766 0.000000 -4.908691
-12112.985352 18.750000 -4204.908691
-12112.985352 18.750000 -4.908691
-12099.259766 32.475952 -4204.908691
-12099.259766 32.475952 -4.908691
0
36
1 3
2 0
3 5
2 3
4 2
5 7
4 5
6 4
7 9
6 7
8 6
9 11
8 9
10 8
11 13
10 11
12 10
13 15
12 13
14 12
15 17
14 15
16 14
17 19
16 17
18 16
19 21
18 19
20 18
21 23
20 21
22 20
1 0
23 1
22 23
0 22
14
4 2 -33 1 -4
4 5 4 3 -7
4 8 7 6 -10
4 11 10 9 -13
4 14 13 12 -16
4 17 16 15 -19
4 20 19 18 -22
4 23 22 21 -25
4 26 25 24 -28
4 29 28 27 -31
4 32 31 30 -35
4 36 35 34 33
12 -34 -30 -27 -24 -21 -18 -15 -12 -9 -6 -3 -1
12 -2 -5 -8 -11 -14 -17 -20 -23 -26 -29 -32 -36
0
0
6
*
24
-11749.259766 32.475952 -4.908691
-11749.259766 32.475952 -4204.908691
-11762.985352 18.750000 -4.908691
-11762.985352 18.750000 -4204.908691
-11768.009766 0.000000 -4.908691
-11768.009766 0.000000 -4204.908691
-11762.985352 -18.750002 -4.908691
-11762.985352 -18.750000 -4204.908691
-11749.259766 -32.475952 -4.908691
-11749.259766 -32.475952 -4204.908691
-11730.509766 -37.500000 -4.908691
-11730.509766 -37.500000 -4204.908691
-11711.759766 -32.475952 -4.908691
-11711.759766 -32.475952 -4204.908691
-11698.034180 -18.749996 -4.908691
-11698.034180 -18.750000 -4204.908691
-11693.009766 0.000000 -4.908691
-11693.009766 0.000000 -4204.908691
-11698.034180 18.749996 -4.908691
-11698.034180 18.750000 -4204.908691
-11711.759766 32.475948 -4.908691
-11711.759766 32.475952 -4204.908691
-11730.509766 37.500000 -4.908691
-11730.509766 37.500000 -4204.908691
0
36
23 1
1 0
0 22
22 23
1 3
3 2
2 0
3 5
5 4
4 2
5 7
7 6
6 4
7 9
9 8
8 6
9 11
11 10
10 8
11 13
13 12
12 10
13 15
15 14
14 12
15 17
17 16
16 14
17 19
19 18
18 16
19 21
21 20
20 18
21 23
22 20
14
4 35 -4 36 -33
4 32 33 34 -30
4 29 30 31 -27
4 26 27 28 -24
4 23 24 25 -21
4 20 21 22 -18
4 17 18 19 -15
4 14 15 16 -12
4 11 12 13 -9
4 8 9 10 -6
4 5 6 7 -2
4 1 2 3 4
12 -3 -7 -10 -13 -16 -19 -22 -25 -28 -31 -34 -36
12 -35 -32 -29 -26 -23 -20 -17 -14 -11 -8 -5 -1
0
0
6
*
8
-11905.009766 -0.500000 -0.500000
-11905.009766 0.500000 -0.500000
-11906.009766 0.500000 -0.500000
-11906.009766 -0.500000 -0.500000
-11905.009766 -0.500000 0.500000
-11906.009766 -0.500000 0.500000
-11906.009766 0.500000 0.500000
-11905.009766 0.500000 0.500000
0
12
7 1
6 2
5 3
0 4
5 4
6 5
7 6
4 7
0 3
3 2
2 1
1 0
6
4 -12 -1 -8 -4
4 -11 -2 -7 1
4 -10 -3 -6 2
4 -9 4 -5 3
4 8 7 6 5
4 9 10 11 12
0
0
