12
0
0
0
1
5
*
472
23.932001 0.000000 2.905998
66.311996 0.000000 25.149002
46.472000 0.000000 11.454002
82.298004 0.000000 43.193996
93.501999 0.000000 64.540001
99.270996 0.000000 87.945999
99.270996 0.000000 112.054001
93.501999 0.000000 135.459991
82.298004 0.000000 156.806000
66.311996 0.000000 174.850998
46.472000 0.000000 188.545990
23.932001 0.000000 197.093994
0.000000 0.000000 200.000000
-23.932001 0.000000 197.093994
-46.472000 0.000000 188.545990
-66.311996 0.000000 174.850998
-82.298004 0.000000 156.806000
-93.501999 0.000000 135.459991
-99.270996 0.000000 112.054001
-99.270996 0.000000 87.945999
-82.298004 0.000000 43.193996
-93.501999 0.000000 64.540001
-66.311996 0.000000 25.149002
-46.472000 0.000000 11.454002
0.000000 0.000000 0.000000
-23.932001 0.000000 2.905998
-16.900000 881.064026 223.834991
-16.900000 873.933044 218.110992
-16.900000 866.315002 213.052002
-16.900000 858.272034 208.699997
-16.900000 849.870056 205.089996
-16.900000 841.177002 202.251007
-16.900000 832.263977 200.207001
-33.313999 814.067017 194.287994
-46.395000 814.067017 188.375000
-48.769001 824.216003 187.759003
-62.821999 835.987000 179.786011
-75.067001 849.861023 170.938995
-85.153000 866.151978 161.928009
-92.789001 884.975037 153.548996
-97.755997 906.229004 146.628998
-99.909996 929.596008 141.970001
-33.313999 823.586975 194.717010
-33.313999 833.029968 196.003006
-33.313999 842.319031 198.132996
-33.313999 851.378052 201.091003
-33.313999 860.134033 204.852997
-33.313999 868.516052 209.389008
-33.313999 876.455017 214.661011
-48.769001 834.283997 189.130005
-48.769001 844.186035 191.401001
-48.769001 853.843994 194.554993
-48.769001 863.179016 198.565002
-48.769001 872.114014 203.399994
-48.769001 880.578003 209.020996
-75.067001 838.092957 168.240005
-85.153000 853.506042 157.798004
-92.789001 871.496948 147.757996
-97.755997 892.041992 138.951996
-99.909996 914.895020 132.208008
-99.189995 939.596985 128.289993
-66.115997 814.067017 174.645996
-75.067001 814.067017 166.067001
-82.052002 814.067017 156.623993
-85.153000 814.067017 152.431000
-92.789001 814.067017 137.285995
-62.821999 846.724976 182.248001
-62.821999 857.196960 185.667999
-62.821999 867.317993 190.016998
-62.821999 877.005981 195.259003
-62.821999 886.183960 201.352997
-62.821999 894.774048 208.248993
-75.067001 861.338989 174.686996
-75.067001 872.432007 179.453995
-75.067001 883.050964 185.199997
-75.067001 893.109985 191.878998
-85.153000 827.356995 153.029999
-75.067001 826.129028 166.612000
-85.153000 878.375000 167.179993
-85.153000 890.075012 173.510986
-85.153000 901.157959 180.869995
-92.789001 828.721008 137.946991
-93.361000 814.067017 135.416992
-97.755997 814.067017 121.068001
0.000000 832.005981 201.622009
16.900000 832.263977 200.207001
33.313999 833.029968 196.003006
48.769001 834.283997 189.130005
62.821999 835.987000 179.786011
75.067001 838.092957 168.240005
85.153000 840.539001 154.824005
92.789001 843.255981 139.925003
97.755997 846.164978 123.970001
99.909996 849.183044 107.419998
99.189995 852.222961 90.749001
95.616997 855.197021 74.436996
89.292999 858.020020 58.953999
80.399994 860.611023 44.745998
69.194000 862.895020 32.219994
55.996998 864.807007 21.737000
41.189999 866.289978 13.599998
25.198000 867.304016 8.041000
8.481000 867.817993 5.221001
-8.481000 867.817993 5.221001
-25.198000 867.304016 8.041000
-41.189999 866.289978 13.599998
-55.996998 864.807007 21.737000
-69.194000 862.895020 32.219994
-80.399994 860.611023 44.745998
-89.292999 858.020020 58.953999
-95.616997 855.197021 74.436996
-99.189995 852.222961 90.749001
-99.909996 849.183044 107.419998
-97.755997 846.164978 123.970001
-92.789001 843.255981 139.925003
-85.153000 840.539001 154.824005
-92.789001 897.876038 160.529999
-92.789001 910.096008 168.644012
-92.789001 921.536011 177.826004
-97.755997 830.181030 121.794998
-98.916000 814.067017 112.008003
-99.909996 814.067017 104.244003
0.000000 840.791992 203.636993
16.900000 841.177002 202.251007
33.313999 842.319031 198.132996
48.769001 844.186035 191.401001
62.821999 846.724976 182.248001
75.067001 849.861023 170.938995
85.153000 853.506042 157.798004
92.789001 857.552979 143.203995
97.755997 861.888000 127.576004
99.909996 866.384033 111.364998
99.189995 870.913025 95.035004
95.616997 875.343994 79.057999
89.292999 879.549988 63.892002
80.399994 883.409973 49.973999
69.194000 886.812988 37.704998
55.996998 889.659973 27.437996
41.189999 891.870972 19.467003
25.198000 893.380981 14.021996
8.481000 894.146973 11.259003
-8.481000 894.146973 11.259003
-25.198000 893.380981 14.021996
-41.189999 891.870972 19.467003
-55.996998 889.659973 27.437996
-69.194000 886.812988 37.704998
-80.399994 883.409973 49.973999
-89.292999 879.549988 63.892002
-95.616997 875.343994 79.057999
-99.189995 870.913025 95.035004
-99.909996 866.384033 111.364998
-97.755997 861.888000 127.576004
-92.789001 857.552979 143.203995
-97.755997 919.666992 155.552002
-99.909996 831.696960 105.040001
-99.218002 814.067017 87.948997
-99.189995 833.222961 88.163002
-99.189995 814.067017 87.297997
-95.616997 814.067017 70.718002
0.000000 849.362000 206.436005
16.900000 849.870056 205.089996
33.313999 851.378052 201.091003
48.769001 853.843994 194.554993
62.821999 857.196960 185.667999
75.067001 861.338989 174.686996
85.153000 866.151978 161.928009
92.789001 871.496948 147.757996
97.755997 877.221008 132.584000
99.909996 883.159973 116.843002
99.189995 889.141052 100.987000
95.616997 894.992981 85.473999
89.292999 900.547974 70.749001
80.399994 905.645020 57.235001
69.194000 910.139038 45.323002
55.996998 913.900024 35.353004
41.189999 916.820007 27.612999
25.198000 918.814026 22.326996
8.481000 919.825989 19.644997
-8.481000 919.825989 19.644997
-25.198000 918.814026 22.326996
-41.189999 916.820007 27.612999
-55.996998 913.900024 35.353004
-69.194000 910.139038 45.323002
-80.399994 905.645020 57.235001
-89.292999 900.547974 70.749001
-95.616997 894.992981 85.473999
-99.189995 889.141052 100.987000
-99.909996 883.159973 116.843002
-97.755997 877.221008 132.584000
-99.909996 943.359009 153.016998
0.000000 857.644958 209.994995
16.900000 858.272034 208.699997
33.313999 860.134033 204.852997
48.769001 863.179016 198.565002
62.821999 867.317993 190.016998
75.067001 872.432007 179.453995
85.153000 878.375000 167.179993
92.789001 884.975037 153.548996
97.755997 892.041992 138.951996
99.909996 899.374023 123.808998
99.189995 906.757996 108.556999
95.616997 913.984009 93.634003
89.292999 920.841980 79.469002
80.399994 927.135986 66.469002
69.194000 932.684998 55.010002
55.996998 937.328003 45.418999
41.189999 940.932983 37.973999
25.198000 943.395020 32.888000
8.481000 944.643982 30.307999
-8.481000 944.643982 30.307999
-25.198000 943.395020 32.888000
-41.189999 940.932983 37.973999
-55.996998 937.328003 45.418999
-69.194000 932.684998 55.010002
-80.399994 927.135986 66.469002
-89.292999 920.841980 79.469002
-95.616997 913.984009 93.634003
-99.189995 906.757996 108.556999
-99.909996 899.374023 123.808998
-99.189995 954.550964 140.292999
-95.616997 834.716003 71.649002
-93.184998 814.067017 64.667000
-89.292999 814.067017 54.980000
0.000000 865.573975 214.285004
16.900000 866.315002 213.052002
33.313999 868.516052 209.389008
48.769001 872.114014 203.399994
62.821999 877.005981 195.259003
75.067001 883.050964 185.199997
85.153000 890.075012 173.510986
92.789001 897.876038 160.529999
97.755997 906.229004 146.628998
99.909996 914.895020 132.208008
99.189995 923.623047 117.682999
95.616997 932.163025 103.471001
89.292999 940.268982 89.981003
80.399994 947.708008 77.600998
69.194000 954.265991 66.688004
55.996998 959.755005 57.555000
41.189999 964.015015 50.464001
25.198000 966.925049 45.620998
8.481000 968.402039 43.163998
-8.481000 968.402039 43.163998
-25.198000 966.925049 45.620998
-41.189999 964.015015 50.464001
-55.996998 959.755005 57.555000
-69.194000 954.265991 66.688004
-80.399994 947.708008 77.600998
-89.292999 940.268982 89.981003
-95.616997 932.163025 103.471001
-99.189995 923.623047 117.682999
-95.616997 965.502014 127.844002
-89.292999 836.132996 55.974998
-82.108002 814.067017 43.310997
-80.399994 837.434021 41.591000
-80.399994 814.067017 40.536999
-69.194000 814.067017 27.804001
0.000000 873.083984 219.272003
16.900000 873.933044 218.110992
33.313999 876.455017 214.661011
48.769001 880.578003 209.020996
62.821999 886.183960 201.352997
75.067001 893.109985 191.878998
85.153000 901.157959 180.869995
92.789001 910.096008 168.644012
97.755997 919.666992 155.552002
99.909996 929.596008 141.970001
99.189995 939.596985 128.289993
95.616997 949.382019 114.904999
89.292999 958.670044 102.199997
80.399994 967.194031 90.541000
69.194000 974.708008 80.262001
55.996998 980.997009 71.660004
41.189999 985.879028 64.981995
25.198000 989.213013 60.421001
8.481000 990.904968 58.106998
-8.481000 990.904968 58.106998
-25.198000 989.213013 60.421001
-41.189999 985.879028 64.981995
-55.996998 980.997009 71.660004
-69.194000 974.708008 80.262001
-80.399994 967.194031 90.541000
-89.292999 958.670044 102.199997
-95.616997 949.382019 114.904999
-89.292999 975.897034 116.027000
-69.194000 838.581055 28.910004
-66.152000 814.067017 25.348000
-55.996998 814.067017 17.149002
-69.194000 993.844971 95.622002
-80.399994 985.436035 105.181999
-55.996998 839.539978 18.297997
-46.313000 814.067017 11.738998
-41.189999 840.284973 10.060005
-41.189999 814.067017 8.876999
-25.198000 814.067017 3.227005
-55.996998 1000.882996 87.622002
-25.198000 840.794006 4.432999
-23.914000 814.067017 3.007004
-8.481000 814.067017 0.360001
-25.198000 1010.077942 77.167999
-41.189999 1006.346008 81.411003
-8.481000 841.052002 1.578003
0.000000 814.067017 0.360001
8.481000 814.067017 0.360001
-8.481000 1011.971008 75.015999
8.481000 841.052002 1.578003
23.914000 814.067017 3.007004
25.198000 840.794006 4.432999
25.198000 814.067017 3.227005
41.189999 814.067017 8.876999
8.481000 1011.971008 75.015999
41.189999 840.284973 10.060005
46.313000 814.067017 11.738998
55.996998 814.067017 17.149002
41.189999 1006.346008 81.411003
25.198000 1010.077942 77.167999
55.996998 839.539978 18.297997
66.152000 814.067017 25.348000
69.194000 838.581055 28.910004
69.194000 814.067017 27.804001
80.399994 814.067017 40.536999
55.996998 1000.882996 87.622002
80.399994 837.434021 41.591000
82.108002 814.067017 43.310997
89.292999 814.067017 54.980000
80.399994 985.436035 105.181999
69.194000 993.844971 95.622002
89.292999 836.132996 55.974998
93.184998 814.067017 64.667000
95.616997 834.716003 71.649002
95.616997 814.067017 70.718002
99.189995 814.067017 87.297997
89.292999 975.897034 116.027000
99.189995 833.222961 88.163002
99.218002 814.067017 87.948997
99.909996 814.067017 104.244003
99.189995 954.550964 140.292999
95.616997 965.502014 127.844002
99.909996 831.696960 105.040001
98.916000 814.067017 112.008003
97.755997 814.067017 121.068001
99.909996 943.359009 153.016998
97.755997 830.181030 121.794998
93.361000 814.067017 135.416992
92.789001 828.721008 137.946991
92.789001 814.067017 137.285995
85.153000 814.067017 152.431000
97.755997 932.247009 165.649002
85.153000 827.356995 153.029999
82.052002 814.067017 156.623993
75.067001 814.067017 166.067001
85.153000 911.533020 189.197998
92.789001 921.536011 177.826004
75.067001 826.129028 166.612000
66.115997 814.067017 174.645996
62.821999 825.071960 178.300003
62.821999 814.067017 177.804001
48.769001 814.067017 187.300995
75.067001 902.526001 199.436996
48.769001 824.216003 187.759003
46.395000 814.067017 188.375000
33.313999 814.067017 194.287994
48.769001 888.500977 215.380005
62.821999 894.774048 208.248993
33.313999 823.586975 194.717010
23.843000 814.067017 196.753998
16.900000 823.202026 198.973999
33.313999 883.886963 220.626007
16.900000 881.064026 223.834991
0.000000 880.114014 224.914993
16.900000 814.067017 198.562012
0.000000 814.067017 200.000000
0.000000 823.073059 200.406006
-97.755997 932.247009 165.649002
-85.153000 911.533020 189.197998
-75.067001 902.526001 199.436996
-48.769001 814.067017 187.300995
-62.821999 814.067017 177.804001
-62.821999 825.071960 178.300003
-48.769001 888.500977 215.380005
-33.313999 883.886963 220.626007
-16.900000 823.202026 198.973999
-16.900000 814.067017 198.562012
-23.843000 814.067017 196.753998
23.843000 888.963013 228.933990
16.900000 887.651978 230.178009
0.000000 886.608032 231.167999
46.395000 895.041016 223.166992
33.313999 890.752014 227.237000
23.932001 990.281982 336.208008
48.769001 895.820007 222.428009
46.472000 996.483032 330.322998
62.821999 902.710022 215.889999
66.115997 905.000000 213.716995
66.311996 1006.417053 320.897003
75.067001 911.223022 207.812012
93.361000 933.457031 186.714996
92.789001 932.102051 188.001007
82.298004 1019.507080 308.476990
85.153000 921.114990 198.425995
82.052002 918.072998 201.311996
98.916000 950.438049 170.601990
97.755997 943.866028 176.838013
93.501999 1034.990967 293.783997
99.218002 967.890991 154.041992
99.909996 956.070007 165.257996
99.270996 1051.970947 277.673004
99.189995 968.362976 153.593994
99.270996 1069.458984 261.079010
95.616997 980.391052 142.181000
93.184998 984.780029 138.015991
93.501999 1086.437988 244.968002
89.292999 991.807007 131.348007
66.152000 1013.303040 110.951996
69.194000 1011.520996 112.642998
82.298004 1101.922974 230.274994
80.399994 1002.284058 121.406998
82.108002 1000.272034 123.317001
46.313000 1023.174988 101.584999
55.996998 1019.250061 105.308998
66.311996 1115.013062 217.854996
41.189999 1025.250977 99.614998
46.472000 1124.946899 208.429001
25.198000 1029.348999 95.725998
23.914000 1029.508911 95.574997
23.932001 1131.147949 202.544998
8.481000 1031.429077 93.752998
0.000000 1031.429077 93.752998
0.000000 1133.255981 200.544006
-8.481000 1031.429077 93.752998
-46.313000 1023.174988 101.584999
-41.189999 1025.250977 99.614998
-23.932001 1131.147949 202.544998
-25.198000 1029.348999 95.725998
-23.914000 1029.508911 95.574997
-66.152000 1013.303040 110.951996
-55.996998 1019.250061 105.308998
-46.472000 1124.946899 208.429001
-69.194000 1011.520996 112.642998
-66.311996 1115.013062 217.854996
-80.399994 1002.284058 121.406998
-82.108002 1000.272034 123.317001
-82.298004 1101.922974 230.274994
-89.292999 991.807007 131.348007
-99.218002 967.890991 154.041992
-99.189995 968.362976 153.593994
-93.501999 1086.437988 244.968002
-95.616997 980.391052 142.181000
-93.184998 984.780029 138.015991
-98.916000 950.438049 170.601990
-99.909996 956.070007 165.257996
-99.270996 1069.458984 261.079010
-93.361000 933.457031 186.714996
-97.755997 943.866028 176.838013
-99.270996 1051.970947 277.673004
-92.789001 932.102051 188.001007
-93.501999 1034.990967 293.783997
-85.153000 921.114990 198.425995
-82.052002 918.072998 201.311996
-82.298004 1019.507080 308.476990
-75.067001 911.223022 207.812012
-46.395000 895.041016 223.166992
-48.769001 895.820007 222.428009
-66.311996 1006.417053 320.897003
-62.821999 902.710022 215.889999
-66.115997 905.000000 213.716995
-23.843000 888.963013 228.933990
-33.313999 890.752014 227.237000
-46.472000 996.483032 330.322998
-16.900000 887.651978 230.178009
-23.932001 990.281982 336.208008
0.000000 988.174011 338.208008
0
1410
471 470
470 469
469 471
468 467
467 470
470 468
467 466
466 470
466 469
465 464
464 463
463 465
464 462
462 463
462 468
468 463
462 461
461 468
461 467
463 460
460 465
463 459
459 460
459 458
458 460
459 457
457 458
459 456
456 457
456 455
455 457
454 453
453 456
456 454
453 452
452 456
452 455
451 450
450 454
454 451
450 449
449 454
449 453
448 447
447 446
446 448
447 445
445 446
445 451
451 446
445 444
444 451
444 450
446 443
443 448
446 442
442 443
442 441
441 443
442 440
440 441
442 439
439 440
439 438
438 440
437 436
436 439
439 437
436 435
435 439
435 438
434 433
433 432
432 434
433 431
431 432
431 437
437 432
431 430
430 437
430 436
432 429
429 434
432 428
428 429
428 427
427 429
428 426
426 427
428 425
425 426
425 424
424 426
425 423
423 424
425 422
422 423
422 421
421 423
420 419
419 422
422 420
419 418
418 422
418 421
417 416
416 415
415 417
416 414
414 415
414 420
420 415
414 413
413 420
413 419
415 412
412 417
415 411
411 412
411 410
410 412
411 409
409 410
411 408
408 409
408 407
407 409
406 405
405 408
408 406
405 404
404 408
404 407
403 402
402 406
406 403
402 401
401 406
401 405
400 399
399 398
398 400
399 397
397 398
397 403
403 398
397 396
396 403
396 402
398 395
395 400
398 394
394 395
394 393
393 395
394 392
392 393
394 391
391 392
391 390
390 392
389 388
388 391
391 389
388 387
387 391
387 390
469 386
386 471
386 385
385 471
385 389
389 471
385 384
384 389
384 388
383 382
382 381
381 383
467 380
380 466
462 379
379 461
378 377
377 376
376 378
460 375
375 465
457 374
374 458
453 373
373 452
372 371
371 370
370 372
386 369
369 368
368 386
367 384
384 368
368 367
385 368
370 366
366 372
370 365
365 366
365 364
364 366
363 390
390 362
362 363
387 362
387 367
367 362
388 367
365 361
361 364
361 360
360 364
360 359
359 364
358 393
393 363
363 358
392 363
360 357
357 359
357 356
356 359
356 355
355 359
356 354
354 355
354 353
353 355
352 399
399 351
351 352
400 351
400 358
358 351
395 358
354 350
350 353
350 349
349 353
349 348
348 353
347 396
396 352
352 347
397 352
349 346
346 348
346 345
345 348
345 344
344 348
345 343
343 344
343 342
342 344
341 401
401 347
347 341
402 347
343 340
340 342
340 339
339 342
339 338
338 342
337 407
407 336
336 337
404 336
404 341
341 336
405 341
339 335
335 338
335 334
334 338
334 333
333 338
332 410
410 337
337 332
409 337
334 331
331 333
331 330
330 333
330 329
329 333
330 328
328 329
328 327
327 329
326 416
416 325
325 326
417 325
417 332
332 325
412 332
328 324
324 327
324 323
323 327
323 322
322 327
321 413
413 326
326 321
414 326
323 320
320 322
320 319
319 322
319 318
318 322
319 317
317 318
317 316
316 318
315 421
421 314
314 315
418 314
418 321
321 314
419 321
317 313
313 316
313 312
312 316
312 311
311 316
310 424
424 315
315 310
423 315
312 309
309 311
309 308
308 311
308 307
307 311
308 306
306 307
306 305
305 307
304 427
427 310
310 304
426 310
306 303
303 305
303 302
302 305
302 301
301 305
300 433
433 299
299 300
434 299
434 304
304 299
429 304
302 298
298 301
298 297
297 301
297 296
296 301
295 430
430 300
300 295
431 300
297 294
294 296
294 293
293 296
293 292
292 296
293 291
291 292
291 290
290 292
289 438
438 288
288 289
435 288
435 295
295 288
436 295
291 287
287 290
287 286
286 290
286 285
285 290
443 284
284 448
441 284
441 289
289 284
440 289
283 284
284 282
282 283
289 282
289 281
281 282
288 281
288 280
280 281
295 280
295 279
279 280
300 279
300 278
278 279
299 278
299 277
277 278
304 277
304 276
276 277
310 276
310 275
275 276
315 275
315 274
274 275
314 274
314 273
273 274
321 273
321 272
272 273
326 272
326 271
271 272
325 271
325 270
270 271
332 270
332 269
269 270
337 269
337 268
268 269
336 268
336 267
267 268
341 267
341 266
266 267
347 266
347 265
265 266
352 265
352 264
264 265
351 264
351 263
263 264
358 263
358 262
262 263
363 262
363 261
261 262
362 261
362 260
260 261
367 260
367 259
259 260
368 259
368 258
258 259
369 258
369 257
257 258
286 256
256 285
256 255
255 285
255 254
254 285
255 253
253 254
253 252
252 254
251 447
448 251
250 283
283 249
249 250
282 249
282 248
248 249
281 248
281 247
247 248
280 247
280 246
246 247
279 246
279 245
245 246
278 245
278 244
244 245
277 244
277 243
243 244
276 243
276 242
242 243
275 242
275 241
241 242
274 241
274 240
240 241
273 240
273 239
239 240
272 239
272 238
238 239
271 238
271 237
237 238
270 237
270 236
236 237
269 236
269 235
235 236
268 235
268 234
234 235
267 234
267 233
233 234
266 233
266 232
232 233
265 232
265 231
231 232
264 231
264 230
230 231
263 230
263 229
229 230
262 229
262 228
228 229
261 228
261 227
227 228
260 227
260 226
226 227
259 226
259 225
225 226
258 225
258 224
224 225
257 224
257 223
223 224
253 222
222 252
222 221
221 252
221 220
220 252
445 219
219 444
447 219
218 250
250 217
217 218
249 217
249 216
216 217
248 216
248 215
215 216
247 215
247 214
214 215
246 214
246 213
213 214
245 213
245 212
212 213
244 212
244 211
211 212
243 211
243 210
210 211
242 210
242 209
209 210
241 209
241 208
208 209
240 208
240 207
207 208
239 207
239 206
206 207
238 206
238 205
205 206
237 205
237 204
204 205
236 204
236 203
203 204
235 203
235 202
202 203
234 202
234 201
201 202
233 201
233 200
200 201
232 200
232 199
199 200
231 199
231 198
198 199
230 198
230 197
197 198
229 197
229 196
196 197
228 196
228 195
195 196
227 195
227 194
194 195
226 194
226 193
193 194
225 193
225 192
192 193
224 192
224 191
191 192
223 191
223 190
190 191
450 189
189 449
444 189
188 218
218 187
187 188
217 187
217 186
186 187
216 186
216 185
185 186
215 185
215 184
184 185
214 184
214 183
183 184
213 183
213 182
182 183
212 182
212 181
181 182
211 181
211 180
180 181
210 180
210 179
179 180
209 179
209 178
178 179
208 178
208 177
177 178
207 177
207 176
176 177
206 176
206 175
175 176
205 175
205 174
174 175
204 174
204 173
173 174
203 173
203 172
172 173
202 172
202 171
171 172
201 171
201 170
170 171
200 170
200 169
169 170
199 169
199 168
168 169
198 168
198 167
167 168
197 167
197 166
166 167
196 166
196 165
165 166
195 165
195 164
164 165
194 164
194 163
163 164
193 163
193 162
162 163
192 162
192 161
161 162
191 161
191 160
160 161
190 160
190 159
159 160
221 158
158 220
158 157
157 220
157 156
156 220
157 155
155 156
155 154
154 156
449 373
189 373
189 153
153 373
152 188
188 151
151 152
187 151
187 150
150 151
186 150
186 149
149 150
185 149
185 148
148 149
184 148
184 147
147 148
183 147
183 146
146 147
182 146
182 145
145 146
181 145
181 144
144 145
180 144
180 143
143 144
179 143
179 142
142 143
178 142
178 141
141 142
177 141
177 140
140 141
176 140
176 139
139 140
175 139
175 138
138 139
174 138
174 137
137 138
173 137
173 136
136 137
172 136
172 135
135 136
171 135
171 134
134 135
170 134
170 133
133 134
169 133
169 132
132 133
168 132
168 131
131 132
167 131
167 130
130 131
166 130
166 129
129 130
165 129
165 128
128 129
164 128
164 127
127 128
163 127
163 126
126 127
162 126
162 125
125 126
161 125
161 124
124 125
160 124
160 123
123 124
159 123
159 122
122 123
155 121
121 154
121 120
120 154
120 119
119 154
452 118
118 455
373 118
373 117
117 118
153 117
153 116
116 117
115 152
152 114
114 115
151 114
151 113
113 114
150 113
150 112
112 113
149 112
149 111
111 112
148 111
148 110
110 111
147 110
147 109
109 110
146 109
146 108
108 109
145 108
145 107
107 108
144 107
144 106
106 107
143 106
143 105
105 106
142 105
142 104
104 105
141 104
141 103
103 104
140 103
140 102
102 103
139 102
139 101
101 102
138 101
138 100
100 101
137 100
137 99
99 100
136 99
136 98
98 99
135 98
135 97
97 98
134 97
134 96
96 97
133 96
133 95
95 96
132 95
132 94
94 95
131 94
131 93
93 94
130 93
130 92
92 93
129 92
129 91
91 92
128 91
128 90
90 91
127 90
127 89
89 90
126 89
126 88
88 89
125 88
125 87
87 88
124 87
124 86
86 87
123 86
123 85
85 86
122 85
122 84
84 85
120 83
83 119
83 82
82 119
82 81
81 119
455 374
118 374
118 80
80 374
117 80
117 79
79 80
116 79
116 78
78 79
77 115
115 76
76 77
114 76
114 81
81 76
113 81
113 119
112 119
112 154
111 154
111 156
110 156
110 220
109 220
109 252
108 252
108 254
107 254
107 285
106 285
106 290
105 290
105 292
104 292
104 296
103 296
103 301
102 301
102 305
101 305
101 307
100 307
100 311
99 311
99 316
98 316
98 318
97 318
97 322
96 322
96 327
95 327
95 329
94 329
94 333
93 333
93 338
92 338
92 342
91 342
91 344
90 344
90 348
89 348
89 353
88 353
88 355
87 355
87 359
86 359
86 364
85 364
85 366
84 366
84 372
458 375
374 375
374 75
75 375
80 75
80 74
74 75
79 74
79 73
73 74
78 73
78 72
72 73
465 71
71 464
375 71
375 70
70 71
75 70
75 69
69 70
74 69
74 68
68 69
73 68
73 67
67 68
72 67
72 66
66 67
82 65
65 81
65 64
64 81
64 76
64 63
63 76
63 77
63 62
62 77
62 61
61 77
284 251
283 251
283 60
60 251
250 60
250 59
59 60
218 59
218 58
58 59
188 58
188 57
57 58
152 57
152 56
56 57
115 56
115 55
55 56
77 55
77 378
378 55
61 378
61 377
464 379
71 379
71 54
54 379
70 54
70 53
53 54
69 53
69 52
52 53
68 52
68 51
51 52
67 51
67 50
50 51
66 50
66 49
49 50
461 380
379 380
379 48
48 380
54 48
54 47
47 48
53 47
53 46
46 47
52 46
52 45
45 46
51 45
51 44
44 45
50 44
50 43
43 44
49 43
49 42
42 43
251 219
60 219
60 41
41 219
59 41
59 40
40 41
58 40
58 39
39 40
57 39
57 38
38 39
56 38
56 37
37 38
55 37
55 36
36 37
378 36
378 35
35 36
376 35
376 34
34 35
219 189
41 189
41 153
40 153
40 116
39 116
39 78
38 78
38 72
37 72
37 66
36 66
36 49
35 49
35 42
34 42
34 33
33 42
33 383
383 42
381 42
381 43
381 32
32 43
32 44
32 31
31 44
31 45
31 30
30 45
30 46
30 29
29 46
29 47
29 28
28 47
28 48
28 27
27 48
27 380
27 26
26 380
26 466
26 469
382 371
371 381
372 381
372 32
84 32
84 31
122 31
122 30
159 30
159 29
190 29
190 28
223 28
223 27
257 27
257 26
369 26
369 469
298 25
25 297
298 24
24 25
25 294
25 23
23 294
23 293
286 22
22 256
287 22
287 23
23 22
291 23
21 222
222 20
20 21
253 20
253 22
22 20
255 22
158 21
21 157
221 21
21 155
21 19
19 155
19 121
19 18
18 121
18 120
18 83
18 17
17 83
17 82
17 65
17 16
16 65
16 64
15 62
62 16
16 15
63 16
377 15
15 376
61 15
15 34
15 14
14 34
14 33
14 13
13 33
13 383
13 382
13 12
12 382
12 371
12 370
12 11
11 370
11 365
11 361
11 10
10 361
10 360
10 357
10 9
9 357
9 356
8 350
350 9
9 8
354 9
346 8
8 345
349 8
8 343
8 7
7 343
7 340
7 6
6 340
6 339
6 335
6 5
5 335
5 334
5 331
5 4
4 331
4 330
323 3
3 320
324 3
324 4
4 3
328 4
312 2
2 309
313 2
313 1
1 2
317 1
317 3
3 1
319 3
302 24
303 24
303 0
0 24
306 0
306 2
2 0
308 2
420 411
446 463
463 442
468 420
420 463
422 463
425 463
408 403
442 437
463 437
463 432
425 432
459 454
463 454
463 451
391 471
391 420
420 471
420 470
411 403
420 403
420 398
391 398
0 13
14 0
2 13
1 13
3 13
24 23
0 23
0 22
9 7
15 0
16 0
17 0
22 21
0 21
0 19
17 19
7 5
7 13
13 5
13 4
13 11
7 11
7 10
940
3 1 2 3
3 4 5 6
3 -5 7 8
3 -8 9 -2
3 10 11 12
3 -11 13 14
3 -14 15 16
3 -15 17 18
3 -18 19 -4
3 -12 20 21
3 -20 22 23
3 -23 24 25
3 -24 26 27
3 -26 28 29
3 -29 30 31
3 32 33 34
3 -33 35 36
3 -36 37 -30
3 38 39 40
3 -39 41 42
3 -42 43 -32
3 44 45 46
3 -45 47 48
3 -48 49 50
3 -49 51 52
3 -52 53 -38
3 -46 54 55
3 -54 56 57
3 -57 58 59
3 -58 60 61
3 -60 62 63
3 -63 64 65
3 66 67 68
3 -67 69 70
3 -70 71 -64
3 72 73 74
3 -73 75 76
3 -76 77 78
3 -77 79 80
3 -80 81 -66
3 -74 82 83
3 -82 84 85
3 -85 86 87
3 -86 88 89
3 -88 90 91
3 -91 92 93
3 -92 94 95
3 -94 96 97
3 -97 98 99
3 100 101 102
3 -101 103 104
3 -104 105 -98
3 106 107 108
3 -107 109 110
3 -110 111 112
3 -111 113 114
3 -114 115 -100
3 -108 116 117
3 -116 118 119
3 -119 120 121
3 -120 122 123
3 -122 124 125
3 -125 126 127
3 128 129 130
3 -129 131 132
3 -132 133 -126
3 134 135 136
3 -135 137 138
3 -138 139 -128
3 140 141 142
3 -141 143 144
3 -144 145 146
3 -145 147 148
3 -148 149 -134
3 -142 150 151
3 -150 152 153
3 -153 154 155
3 -154 156 157
3 -156 158 159
3 -159 160 161
3 162 163 164
3 -163 165 166
3 -166 167 -160
3 168 169 -3
3 -169 170 171
3 -171 172 173
3 -172 174 175
3 -175 176 -162
3 177 178 179
3 -7 180 181
3 -17 182 183
3 184 185 186
3 -21 187 188
3 -27 189 190
3 -35 191 192
3 193 194 195
3 196 197 198
3 199 200 201
3 -200 -174 202
3 -202 -170 -198
3 -195 203 204
3 -203 205 206
3 -206 207 208
3 209 210 211
3 -210 -167 212
3 -212 213 214
3 -213 -165 215
3 -215 -176 -199
3 216 217 -207
3 -217 218 219
3 -219 220 221
3 222 223 224
3 -223 -157 225
3 -225 -161 -209
3 226 227 -220
3 -227 228 229
3 -229 230 231
3 -230 232 233
3 -233 234 235
3 236 237 238
3 -237 -140 239
3 -239 240 241
3 -240 -151 242
3 -242 -155 -222
3 243 244 -234
3 -244 245 246
3 -246 247 248
3 249 250 251
3 -250 -147 252
3 -252 -143 -236
3 253 254 -247
3 -254 255 256
3 -256 257 258
3 -257 259 260
3 -260 261 262
3 263 264 265
3 -264 -137 266
3 -266 -149 -249
3 267 268 -261
3 -268 269 270
3 -270 271 272
3 273 274 275
3 -274 -133 276
3 -276 277 278
3 -277 -131 279
3 -279 -139 -263
3 280 281 -271
3 -281 282 283
3 -283 284 285
3 286 287 288
3 -287 -123 289
3 -289 -127 -273
3 290 291 -284
3 -291 292 293
3 -293 294 295
3 -294 296 297
3 -297 298 299
3 300 301 302
3 -301 -106 303
3 -303 304 305
3 -304 -117 306
3 -306 -121 -286
3 307 308 -298
3 -308 309 310
3 -310 311 312
3 313 314 315
3 -314 -113 316
3 -316 -109 -300
3 317 318 -311
3 -318 319 320
3 -320 321 322
3 -321 323 324
3 -324 325 326
3 327 328 329
3 -328 -105 330
3 -330 331 332
3 -331 -103 333
3 -333 -115 -313
3 334 335 -325
3 -335 336 337
3 -337 338 339
3 340 341 342
3 -341 -95 343
3 -343 -99 -327
3 344 345 -338
3 -345 346 347
3 -347 348 349
3 -348 350 351
3 -351 352 353
3 354 355 356
3 -355 -89 357
3 -357 -93 -340
3 358 359 -352
3 -359 360 361
3 -361 362 363
3 364 365 366
3 -365 -72 367
3 -367 368 369
3 -368 -83 370
3 -370 -87 -354
3 371 372 -362
3 -372 373 374
3 -374 375 376
3 377 378 379
3 -378 -79 380
3 -380 -75 -364
3 381 382 -375
3 -382 383 384
3 -384 385 386
3 -385 387 388
3 -388 389 390
3 391 392 393
3 -392 -71 394
3 -394 395 396
3 -395 -69 397
3 -397 -81 -377
3 398 399 -389
3 -399 400 401
3 -401 402 403
3 -55 404 405
3 -404 -59 406
3 -406 407 408
3 -407 -61 409
3 -409 -65 -391
3 410 411 412
3 -411 -408 413
3 -413 414 415
3 -414 -393 416
3 -416 417 418
3 -417 -396 419
3 -419 420 421
3 -420 -379 422
3 -422 423 424
3 -423 -366 425
3 -425 426 427
3 -426 -369 428
3 -428 429 430
3 -429 -356 431
3 -431 432 433
3 -432 -342 434
3 -434 435 436
3 -435 -329 437
3 -437 438 439
3 -438 -332 440
3 -440 441 442
3 -441 -315 443
3 -443 444 445
3 -444 -302 446
3 -446 447 448
3 -447 -305 449
3 -449 450 451
3 -450 -288 452
3 -452 453 454
3 -453 -275 455
3 -455 456 457
3 -456 -278 458
3 -458 459 460
3 -459 -265 461
3 -461 462 463
3 -462 -251 464
3 -464 465 466
3 -465 -238 467
3 -467 468 469
3 -468 -241 470
3 -470 471 472
3 -471 -224 473
3 -473 474 475
3 -474 -211 476
3 -476 477 478
3 -477 -214 479
3 -479 480 481
3 -480 -201 482
3 -482 483 484
3 -483 -197 485
3 -485 486 487
3 488 489 -402
3 -489 490 491
3 -491 492 493
3 -492 494 495
3 -495 496 497
3 498 -44 499
3 500 501 502
3 -501 -412 503
3 -503 504 505
3 -504 -415 506
3 -506 507 508
3 -507 -418 509
3 -509 510 511
3 -510 -421 512
3 -512 513 514
3 -513 -424 515
3 -515 516 517
3 -516 -427 518
3 -518 519 520
3 -519 -430 521
3 -521 522 523
3 -522 -433 524
3 -524 525 526
3 -525 -436 527
3 -527 528 529
3 -528 -439 530
3 -530 531 532
3 -531 -442 533
3 -533 534 535
3 -534 -445 536
3 -536 537 538
3 -537 -448 539
3 -539 540 541
3 -540 -451 542
3 -542 543 544
3 -543 -454 545
3 -545 546 547
3 -546 -457 548
3 -548 549 550
3 -549 -460 551
3 -551 552 553
3 -552 -463 554
3 -554 555 556
3 -555 -466 557
3 -557 558 559
3 -558 -469 560
3 -560 561 562
3 -561 -472 563
3 -563 564 565
3 -564 -475 566
3 -566 567 568
3 -567 -478 569
3 -569 570 571
3 -570 -481 572
3 -572 573 574
3 -573 -484 575
3 -575 576 577
3 -576 -487 578
3 -578 579 580
3 581 582 -496
3 -582 583 584
3 -584 585 586
3 -51 587 588
3 -587 -47 589
3 590 591 592
3 -591 -502 593
3 -593 594 595
3 -594 -505 596
3 -596 597 598
3 -597 -508 599
3 -599 600 601
3 -600 -511 602
3 -602 603 604
3 -603 -514 605
3 -605 606 607
3 -606 -517 608
3 -608 609 610
3 -609 -520 611
3 -611 612 613
3 -612 -523 614
3 -614 615 616
3 -615 -526 617
3 -617 618 619
3 -618 -529 620
3 -620 621 622
3 -621 -532 623
3 -623 624 625
3 -624 -535 626
3 -626 627 628
3 -627 -538 629
3 -629 630 631
3 -630 -541 632
3 -632 633 634
3 -633 -544 635
3 -635 636 637
3 -636 -547 638
3 -638 639 640
3 -639 -550 641
3 -641 642 643
3 -642 -553 644
3 -644 645 646
3 -645 -556 647
3 -647 648 649
3 -648 -559 650
3 -650 651 652
3 -651 -562 653
3 -653 654 655
3 -654 -565 656
3 -656 657 658
3 -657 -568 659
3 -659 660 661
3 -660 -571 662
3 -662 663 664
3 -663 -574 665
3 -665 666 667
3 -666 -577 668
3 -668 669 670
3 -669 -580 671
3 -671 672 673
3 -41 674 675
3 -674 -53 676
3 677 678 679
3 -678 -592 680
3 -680 681 682
3 -681 -595 683
3 -683 684 685
3 -684 -598 686
3 -686 687 688
3 -687 -601 689
3 -689 690 691
3 -690 -604 692
3 -692 693 694
3 -693 -607 695
3 -695 696 697
3 -696 -610 698
3 -698 699 700
3 -699 -613 701
3 -701 702 703
3 -702 -616 704
3 -704 705 706
3 -705 -619 707
3 -707 708 709
3 -708 -622 710
3 -710 711 712
3 -711 -625 713
3 -713 714 715
3 -714 -628 716
3 -716 717 718
3 -717 -631 719
3 -719 720 721
3 -720 -634 722
3 -722 723 724
3 -723 -637 725
3 -725 726 727
3 -726 -640 728
3 -728 729 730
3 -729 -643 731
3 -731 732 733
3 -732 -646 734
3 -734 735 736
3 -735 -649 737
3 -737 738 739
3 -738 -652 740
3 -740 741 742
3 -741 -655 743
3 -743 744 745
3 -744 -658 746
3 -746 747 748
3 -747 -661 749
3 -749 750 751
3 -750 -664 752
3 -752 753 754
3 -753 -667 755
3 -755 756 757
3 -756 -670 758
3 -758 759 760
3 -759 -673 761
3 -761 762 763
3 764 765 -585
3 -765 766 767
3 -767 768 769
3 -768 770 771
3 -771 772 773
3 -43 774 -191
3 -774 -675 775
3 -775 776 777
3 778 779 780
3 -779 -679 781
3 -781 782 783
3 -782 -682 784
3 -784 785 786
3 -785 -685 787
3 -787 788 789
3 -788 -688 790
3 -790 791 792
3 -791 -691 793
3 -793 794 795
3 -794 -694 796
3 -796 797 798
3 -797 -697 799
3 -799 800 801
3 -800 -700 802
3 -802 803 804
3 -803 -703 805
3 -805 806 807
3 -806 -706 808
3 -808 809 810
3 -809 -709 811
3 -811 812 813
3 -812 -712 814
3 -814 815 816
3 -815 -715 817
3 -817 818 819
3 -818 -718 820
3 -820 821 822
3 -821 -721 823
3 -823 824 825
3 -824 -724 826
3 -826 827 828
3 -827 -727 829
3 -829 830 831
3 -830 -730 832
3 -832 833 834
3 -833 -733 835
3 -835 836 837
3 -836 -736 838
3 -838 839 840
3 -839 -739 841
3 -841 842 843
3 -842 -742 844
3 -844 845 846
3 -845 -745 847
3 -847 848 849
3 -848 -748 850
3 -850 851 852
3 -851 -751 853
3 -853 854 855
3 -854 -754 856
3 -856 857 858
3 -857 -757 859
3 -859 860 861
3 -860 -760 862
3 -862 863 864
3 -863 -763 865
3 -865 866 867
3 868 869 -772
3 -869 870 871
3 -871 872 873
3 -37 874 875
3 -874 -192 876
3 -876 877 878
3 -877 -777 879
3 -879 880 881
3 882 883 884
3 -883 -780 885
3 -885 886 887
3 -886 -783 888
3 -888 889 890
3 -889 -786 891
3 -891 892 893
3 -892 -789 894
3 -894 895 896
3 -895 -792 897
3 -897 898 899
3 -898 -795 900
3 -900 901 902
3 -901 -798 903
3 -903 904 905
3 -904 -801 906
3 -906 907 908
3 -907 -804 909
3 -909 910 911
3 -910 -807 912
3 -912 913 914
3 -913 -810 915
3 -915 916 917
3 -916 -813 918
3 -918 919 920
3 -919 -816 921
3 -921 922 923
3 -922 -819 924
3 -924 925 926
3 -925 -822 927
3 -927 928 929
3 -928 -825 930
3 -930 931 932
3 -931 -828 933
3 -933 934 935
3 -934 -831 936
3 -936 937 938
3 -937 -834 939
3 -939 940 941
3 -940 -837 942
3 -942 943 944
3 -943 -840 945
3 -945 946 947
3 -946 -843 948
3 -948 949 950
3 -949 -846 951
3 -951 952 953
3 -952 -849 954
3 -954 955 956
3 -955 -852 957
3 -957 958 959
3 -958 -855 960
3 -960 961 962
3 -961 -858 963
3 -963 964 965
3 -964 -861 966
3 -966 967 968
3 -967 -864 969
3 -969 970 971
3 -970 -867 972
3 -972 973 974
3 975 976 -872
3 -976 977 978
3 -978 979 980
3 -31 981 -189
3 -981 -875 982
3 -982 983 984
3 -983 -878 985
3 -985 986 987
3 -986 -881 988
3 -988 989 990
3 991 992 993
3 -992 -884 994
3 -994 995 996
3 -995 -887 997
3 -997 998 -980
3 -998 -890 999
3 -999 1000 -873
3 -1000 -893 1001
3 -1001 1002 -773
3 -1002 -896 1003
3 -1003 1004 -769
3 -1004 -899 1005
3 -1005 1006 -586
3 -1006 -902 1007
3 -1007 1008 -497
3 -1008 -905 1009
3 -1009 1010 -493
3 -1010 -908 1011
3 -1011 1012 -403
3 -1012 -911 1013
3 -1013 1014 -390
3 -1014 -914 1015
3 -1015 1016 -386
3 -1016 -917 1017
3 -1017 1018 -376
3 -1018 -920 1019
3 -1019 1020 -363
3 -1020 -923 1021
3 -1021 1022 -353
3 -1022 -926 1023
3 -1023 1024 -349
3 -1024 -929 1025
3 -1025 1026 -339
3 -1026 -932 1027
3 -1027 1028 -326
3 -1028 -935 1029
3 -1029 1030 -322
3 -1030 -938 1031
3 -1031 1032 -312
3 -1032 -941 1033
3 -1033 1034 -299
3 -1034 -944 1035
3 -1035 1036 -295
3 -1036 -947 1037
3 -1037 1038 -285
3 -1038 -950 1039
3 -1039 1040 -272
3 -1040 -953 1041
3 -1041 1042 -262
3 -1042 -956 1043
3 -1043 1044 -258
3 -1044 -959 1045
3 -1045 1046 -248
3 -1046 -962 1047
3 -1047 1048 -235
3 -1048 -965 1049
3 -1049 1050 -231
3 -1050 -968 1051
3 -1051 1052 -221
3 -1052 -971 1053
3 -1053 1054 -208
3 -1054 -974 1055
3 -1055 1056 -204
3 -25 1057 -187
3 -1057 -190 1058
3 -1058 1059 1060
3 -1059 -984 1061
3 -1061 1062 1063
3 -1062 -987 1064
3 -1064 1065 1066
3 -1065 -990 1067
3 -1067 1068 1069
3 -10 1070 1071
3 -1070 -188 1072
3 -1072 1073 1074
3 -1073 -1060 1075
3 -1075 1076 1077
3 -1076 -1063 1078
3 -1078 1079 1080
3 -1079 -1066 1081
3 -1081 1082 1083
3 -1082 -1069 1084
3 -1084 1085 1086
3 1087 1088 -979
3 -1088 1089 1090
3 -1090 1091 -996
3 -1091 1092 1093
3 -1093 1094 -993
3 -1094 1095 1096
3 -1096 1097 1098
3 -405 1099 -499
3 -1099 -410 1100
3 -1100 1101 1102
3 -1101 -500 1103
3 -1103 1104 1105
3 -1104 -590 1106
3 -1106 1107 1108
3 -1107 -677 1109
3 -1109 1110 1111
3 -1110 -778 1112
3 -1112 1113 1114
3 -1113 -882 1115
3 -1115 1116 1117
3 -1116 -991 1118
3 -1118 1119 1120
3 -1119 -1098 1121
3 -1121 1122 -184
3 -13 1123 -182
3 -1123 -1071 1124
3 -1124 1125 1126
3 -1125 -1074 1127
3 -1127 1128 1129
3 -1128 -1077 1130
3 -1130 1131 1132
3 -1131 -1080 1133
3 -1133 1134 1135
3 -1134 -1083 1136
3 -1136 1137 1138
3 -1137 -1086 1139
3 -1139 1140 1141
3 -19 1142 -180
3 -1142 -183 1143
3 -1143 1144 1145
3 -1144 -1126 1146
3 -1146 1147 1148
3 -1147 -1129 1149
3 -1149 1150 1151
3 -1150 -1132 1152
3 -1152 1153 1154
3 -1153 -1135 1155
3 -1155 1156 1157
3 -1156 -1138 1158
3 -1158 1159 1160
3 -1159 -1141 1161
3 -1161 1162 1163
3 -498 1164 -589
3 -1164 -1102 1165
3 -1165 1166 1167
3 -1166 -1105 1168
3 -1168 1169 1170
3 -1169 -1108 1171
3 -1171 1172 1173
3 -1172 -1111 1174
3 -1174 1175 1176
3 -1175 -1114 1177
3 -1177 1178 1179
3 -1178 -1117 1180
3 -1180 1181 1182
3 -1181 -1120 1183
3 -1183 1184 1185
3 -1184 -186 1186
3 -1186 1187 1188
3 -588 1189 -676
3 -1189 -1167 1190
3 -1190 1191 -776
3 -1191 -1170 1192
3 -1192 1193 -880
3 -1193 -1173 1194
3 -1194 1195 -989
3 -1195 -1176 1196
3 -1196 1197 -1068
3 -1197 -1179 1198
3 -1198 1199 -1085
3 -1199 -1182 1200
3 -1200 1201 -1140
3 -1201 -1185 1202
3 -1202 1203 -1162
3 -1203 -1188 1204
3 -1204 1205 1206
3 1207 1208 -1206
3 -1208 -179 1209
3 -1209 1210 -1163
3 -1210 1211 1212
3 -1212 1213 -1160
3 -1213 1214 1215
3 -1215 1216 -1157
3 -1216 1217 1218
3 -1218 1219 -1154
3 -1219 1220 1221
3 -1221 1222 -1151
3 -1222 1223 1224
3 -1224 1225 -1148
3 -1225 1226 1227
3 -1227 1228 -1145
3 -1228 1229 1230
3 -1230 1231 -181
3 -1231 1232 -9
3 1233 1234 -178
3 -1234 -193 1235
3 -1235 1236 -1211
3 -1236 -1056 1237
3 -1237 1238 -1214
3 -1238 -973 1239
3 -1239 1240 -1217
3 -1240 -866 1241
3 -1241 1242 -1220
3 -1242 -762 1243
3 -1243 1244 -1223
3 -1244 -672 1245
3 -1245 1246 -1226
3 -1246 -579 1247
3 -1247 1248 -1229
3 -1248 -486 1249
3 -1249 1250 -1232
3 -1250 -196 -168
3 -373 1251 1252
3 -1251 1253 1254
3 -1252 1255 -381
3 -1255 1256 1257
3 -1257 1258 -383
3 -488 1259 1260
3 -1259 -400 1261
3 -1261 1262 1263
3 -1262 -398 1264
3 -1264 -387 -1258
3 1265 1266 1267
3 -1266 -581 1268
3 -1268 1269 1270
3 -1269 -494 1271
3 -1271 -490 -1260
3 -766 1272 1273
3 -1272 -764 1274
3 -1274 -583 -1265
3 -1273 1275 -770
3 -1275 1276 1277
3 -1277 1278 -868
3 -1278 1279 1280
3 -1280 1281 -870
3 -1281 1282 -975
3 -1282 1283 1284
3 -1284 1285 -977
3 -1285 1286 -1087
3 -1286 1287 1288
3 -1288 1289 -1089
3 1290 1291 1292
3 -1291 -1095 1293
3 -1293 -1092 -1289
3 -185 1294 1295
3 -1294 -1122 1296
3 -1296 -1097 -1290
3 -1295 1297 -1187
3 -1297 1298 1299
3 -1299 1300 -1205
3 -1300 1301 1302
3 -1302 1303 -1207
3 -1303 1304 -177
3 -1304 1305 1306
3 -1306 1307 -1233
3 -1307 1308 -194
3 -1308 1309 1310
3 -1310 1311 -205
3 -1311 1312 -216
3 -1312 1313 1314
3 -1314 1315 -218
3 -1315 1316 -226
3 -1316 1317 1318
3 -1318 1319 -228
3 1320 1321 1322
3 -1321 -243 1323
3 -1323 -232 -1319
3 -255 1324 1325
3 -1324 -253 1326
3 -1326 -245 -1320
3 -1325 1327 -259
3 -1327 1328 1329
3 -1329 1330 -267
3 -1330 1331 1332
3 -1332 1333 -269
3 -1333 1334 -280
3 -1334 1335 1336
3 -1336 1337 -282
3 -1337 1338 -290
3 -1338 1339 1340
3 -1340 1341 -292
3 -317 1342 1343
3 -1342 -309 1344
3 -1344 1345 1346
3 -1345 -307 1347
3 -1347 -296 -1341
3 -344 1348 1349
3 -1348 -336 1350
3 -1350 1351 1352
3 -1351 -334 1353
3 -1353 1354 1355
3 -1354 -323 1356
3 -1356 -319 -1343
3 -371 1357 -1253
3 -1357 -360 1358
3 -1358 1359 1360
3 -1359 -358 1361
3 -1361 1362 1363
3 -1362 -350 1364
3 -1364 -346 -1349
3 -118 -112 1365
3 -56 1366 1367
3 1368 1369 -16
3 -1369 -102 1370
3 -1370 -96 1371
3 -136 -130 1372
3 -62 1373 -68
3 -1373 -1367 1374
3 -1374 1375 -78
3 -1375 -1371 1376
3 -1376 -90 -84
3 -28 1377 -34
3 -1377 -22 1378
3 -1378 1379 -40
3 -1379 -1366 -50
3 -164 1380 -173
3 -1380 1381 1382
3 -1382 1383 -1
3 -1383 -1368 -6
3 -124 1384 -1372
3 -1384 -1365 1385
3 -1385 1386 -146
3 -1386 -1381 1387
3 -1387 -158 -152
3 1388 -1301 1389
3 -1363 1390 -1388
3 -1390 -1352 1391
3 -1391 -1355 1392
3 -1254 1393 -1256
3 -1393 -1360 1394
3 -1394 1395 -1263
3 -1328 -1322 1396
3 -1298 1397 -1389
3 -1397 -1292 1398
3 -1398 -1287 1399
3 -1270 1400 -1267
3 -1400 -1395 1401
3 -1401 1402 -1276
3 -1402 -1399 1403
3 -1403 -1283 -1279
3 -1331 1404 -1335
3 -1404 1405 1406
3 -1406 1407 -1339
3 -1407 -1392 -1346
3 -1305 1408 -1309
3 -1408 -1405 1409
3 -1409 1410 -1313
3 -1410 -1396 -1317
0
0
