12
0
0
0
1
5
*
72
337.036682 58.203205 28.051853
336.262299 61.422905 8.873917
723.375977 163.013107 33.714355
722.910583 166.232925 13.585368
-51.820969 -43.396816 38.394474
-52.722744 -46.048462 38.101471
-52.898087 -48.958065 38.044498
-31.026320 -46.755188 37.790829
-31.530340 -43.944607 37.627064
-32.892723 -41.410175 38.235859
-31.880068 -52.272877 36.461967
-30.936886 -49.531231 36.768425
-34.801720 -39.375530 38.667053
-37.298656 -37.930649 38.907211
-39.958221 -37.069534 39.094528
-42.863148 -36.972157 39.202122
-50.364017 -40.916222 38.867867
-52.170719 -51.725140 37.229374
-50.766880 -54.169464 36.634045
-48.772316 -56.247700 36.230656
-33.295612 -54.663471 36.002029
-35.578209 -56.659374 36.311832
-45.715324 -37.679157 39.326855
-48.346199 -39.053883 39.523495
-46.402431 -57.739017 35.949215
-37.985737 -57.990589 35.529579
-40.796459 -58.607483 35.667782
-43.615814 -58.553696 35.803181
-48.029419 -49.689701 -12.946685
-50.399330 -48.198299 -12.665254
-52.393974 -46.120094 -12.261889
-36.896206 -48.609974 -13.535134
-39.612774 -49.941246 -13.366339
-42.423496 -50.558136 -13.228135
-45.328449 -50.460815 -13.120548
-41.585236 -29.020134 -9.801382
-38.925644 -29.881330 -9.988690
-36.514351 -31.282652 -10.256677
-32.563923 -41.481888 -12.127492
-53.448059 -35.347446 -10.501459
-51.991058 -32.866879 -10.028050
-49.664196 -31.004482 -10.323470
-47.342365 -29.629814 -9.569062
-44.490238 -28.922787 -9.693812
-33.507053 -44.223560 -12.433933
-34.922649 -46.614128 -12.893888
-53.797760 -43.675797 -11.666545
-54.216084 -40.908669 -11.802467
-54.349785 -37.999119 -10.794447
-34.519760 -33.360832 -10.660058
-33.157379 -35.895264 -11.268855
-32.344318 -38.705791 -12.056137
-375.443481 -5.653806 3.691150
-396.133850 -50.672836 -3.031560
-374.553619 -13.485635 53.399002
-395.244019 -58.504665 46.676292
-107.782295 -131.920364 25.468863
-109.409309 -123.870964 -23.427048
-84.495415 -189.078751 -35.309814
-83.177422 -197.128143 14.537152
715.108276 194.642944 18.410469
328.459961 89.833054 13.699017
-57.849007 -11.683495 -6.674103
329.234314 86.613243 32.876938
-56.221992 -19.732893 42.221806
1169.845947 320.016266 10.547243
1171.473022 311.966888 59.443153
715.573669 191.423233 38.539471
1184.338257 263.999115 51.005787
-20.692617 -61.170586 34.839680
1182.711304 272.048523 2.109875
-22.010614 -53.121189 -15.007287
0
216
71 70
70 69
69 71
70 68
68 69
67 66
66 65
65 67
67 64
64 66
67 63
63 64
63 62
62 64
63 61
61 62
61 65
65 62
61 60
60 65
60 67
59 58
58 69
69 59
58 71
57 56
56 62
62 57
56 64
55 54
54 53
53 55
54 52
52 53
52 58
58 53
52 57
57 58
51 50
50 65
65 51
50 49
49 65
48 47
47 57
57 48
47 46
46 57
71 45
45 44
44 71
62 43
43 42
42 62
42 41
41 62
41 40
40 62
40 57
40 39
39 57
39 48
65 70
70 51
71 51
71 38
38 51
44 38
49 37
37 65
37 36
36 65
62 36
36 35
35 62
35 43
34 33
33 58
58 34
33 32
32 58
32 71
32 31
31 71
31 45
46 30
30 57
30 29
29 57
29 58
29 28
28 58
28 34
54 56
56 52
27 59
59 26
26 27
59 25
25 26
27 24
24 59
24 56
56 59
56 55
55 59
23 22
22 64
64 23
59 21
21 25
69 21
69 20
20 21
24 19
19 56
19 18
18 56
18 17
17 56
64 16
16 23
22 15
15 64
15 14
14 64
14 66
14 13
13 66
13 12
12 66
68 11
11 69
11 10
10 69
10 20
12 9
9 66
9 8
8 66
8 68
68 66
8 7
7 68
7 11
17 6
6 56
6 5
5 56
5 64
5 4
4 64
4 16
58 55
70 66
3 2
2 60
60 3
2 67
1 3
3 61
61 1
0 1
1 63
63 0
2 0
0 67
0 3
11 44
44 10
45 10
45 20
31 20
31 21
32 21
32 25
33 25
33 26
34 26
34 27
28 27
28 24
29 24
29 19
30 19
30 18
46 18
46 17
47 17
47 6
48 6
48 5
39 5
39 4
40 4
40 16
41 16
41 23
42 23
42 22
43 22
43 15
35 15
35 14
36 14
36 13
37 13
37 12
49 12
49 9
50 9
50 8
51 8
51 7
38 7
38 11
144
3 -216 -68 -169
3 -215 216 -145
3 -214 -67 215
3 -213 214 -143
3 -212 -39 213
3 -211 212 -139
3 -210 -42 211
3 -209 210 -137
3 -208 -69 209
3 -207 208 -130
3 -206 -71 207
3 -205 206 -128
3 -204 -74 205
3 -203 204 -125
3 -202 -76 203
3 -201 202 -123
3 -200 -53 201
3 -199 200 -107
3 -198 -55 199
3 -197 198 -122
3 -196 -57 197
3 -195 196 -153
3 -194 -60 195
3 -193 194 -151
3 -192 -62 193
3 -191 192 -148
3 -190 -44 191
3 -189 190 -146
3 -188 -47 189
3 -187 188 -119
3 -186 -86 187
3 -185 186 -117
3 -184 -88 185
3 -183 184 -115
3 -182 -91 183
3 -181 182 -101
3 -180 -93 181
3 -179 180 -98
3 -178 -77 179
3 -177 178 -100
3 -176 -80 177
3 -175 176 -111
3 -174 -83 175
3 -173 174 -114
3 -172 -85 173
3 -171 172 -136
3 -170 -50 171
3 169 170 -134
3 -168 -166 -156
3 -163 168 -160
3 -167 -165 -11
3 166 167 -159
3 -164 -162 -15
3 163 164 165
3 -161 -158 -19
3 160 161 162
3 -157 159 -21
3 156 157 158
3 -155 -63 -7
3 -4 155 -142
3 -154 -22 -106
3 -36 154 -32
3 -152 153 -121
3 -150 151 152
3 -149 150 -29
3 -147 148 149
3 146 147 -120
3 -144 145 -132
3 -141 143 144
3 -140 141 142
3 -138 139 140
3 137 138 -131
3 -135 136 -113
3 -133 134 135
3 132 133 -5
3 -129 130 131
3 -127 128 129
3 -126 127 -10
3 -124 125 126
3 123 124 -108
3 -109 121 122
3 -118 119 120
3 -116 117 118
3 115 116 -103
3 -112 113 114
3 -110 -24 112
3 -99 110 111
3 107 108 109
3 -105 -94 -30
3 -104 105 106
3 -102 103 104
3 101 102 -96
3 -97 99 100
3 96 97 98
3 -95 -26 -37
3 94 95 -33
3 -92 93 -79
3 -90 91 92
3 -89 90 -38
3 -87 88 89
3 86 87 -48
3 -84 85 -49
3 -82 83 84
3 -81 82 -25
3 -78 80 81
3 77 78 79
3 -75 76 -52
3 73 74 75
3 18 73 72
3 -70 71 72
3 69 70 -43
3 -66 -51 68
3 -65 66 67
3 -64 -1 65
3 63 64 -41
3 -61 62 -46
3 -59 60 61
3 -58 59 -28
3 -56 57 58
3 55 56 -54
3 52 53 54
3 49 50 51
3 -45 47 48
3 44 45 46
3 -40 42 43
3 39 40 41
3 -35 37 38
3 -34 35 36
3 -31 33 34
3 30 31 32
3 -27 29 -14
3 26 27 28
3 -23 25 -3
3 22 23 24
3 -20 21 -8
3 -17 19 20
3 -16 17 18
3 -13 15 16
3 -12 13 14
3 -9 11 12
3 -6 9 10
3 6 7 8
3 -2 4 5
3 1 2 3
0
0
