12
0
0
0
2
5
*
363
1334.449585 77.739380 109.226585
1334.431885 167.739380 109.221855
1343.041382 77.739380 88.752678
1343.800171 167.739380 85.850166
1359.929932 167.741333 64.290199
1355.496948 77.741333 69.314049
1344.783813 77.739380 86.113716
1380.561157 167.745239 49.112801
1372.971558 77.743286 54.326103
1360.654663 77.741333 65.519691
1404.986694 167.749146 39.093178
1393.533325 77.747192 43.271210
1381.544678 77.745239 49.376350
1430.757080 167.755005 35.645576
1415.957642 77.751099 36.856483
1405.004395 77.749146 39.097916
1456.906372 167.758911 38.511169
1439.019897 77.755005 35.789047
1430.774780 77.755005 35.650314
1480.985107 167.764771 49.104134
1461.494873 77.760864 40.775932
1456.665283 77.758911 39.481834
1501.597046 77.770630 64.979851
1500.631104 77.768677 64.721031
1501.579102 167.770630 64.975060
1482.676025 77.764771 50.592506
1481.003052 77.764771 49.108940
1515.619019 77.772583 82.195641
1517.722412 167.774536 85.865059
1516.774414 77.774536 85.611046
1525.449219 77.776489 103.464577
1528.000854 167.776489 109.324684
1526.794067 77.776489 110.036598
1530.639160 77.778442 126.596031
1531.189697 167.778442 136.061035
1530.241699 77.778442 135.807007
1529.774780 77.780396 149.140503
1527.616943 167.780396 160.985626
1526.668945 77.780396 160.731598
1523.563110 77.780396 172.322723
1517.989868 167.778442 185.323242
1517.041870 77.778442 185.069214
1513.039551 77.778442 192.278992
1502.119019 167.776489 205.917267
1501.171021 77.776489 205.663239
1497.945068 77.776489 209.975220
1481.229004 167.774536 222.060608
1480.281006 77.774536 221.806580
1478.797363 77.774536 223.479614
1456.803467 167.770630 232.080200
1456.821289 77.770630 232.085022
1405.142578 167.758911 231.696320
1410.955811 77.760864 233.253967
1428.842285 167.764771 235.976105
1431.050903 77.764771 235.532623
1431.032959 167.764771 235.527802
1434.207520 77.764771 235.343140
1380.804932 167.755005 222.069244
1388.998413 77.756958 226.335205
1405.160278 77.758911 231.701050
1360.210938 167.749146 206.198334
1369.300903 77.751099 214.845642
1381.081543 77.755005 221.108063
1344.067627 167.745239 185.308319
1353.088257 77.747192 198.078156
1360.487427 77.749146 205.237152
1334.047974 167.741333 160.882782
1340.808594 77.743286 178.223419
1345.051270 77.745239 185.571869
1330.600464 167.739380 135.112366
1333.169067 77.741333 156.506195
1335.031616 77.741333 161.146332
1334.190796 77.739380 110.192513
1331.135742 77.739380 133.185272
1331.583984 77.739380 135.375946
1332.258911 77.739380 109.674873
1332.000122 77.739380 110.640800
1333.224854 77.739380 109.933693
1331.810669 77.739380 107.484200
1331.034180 77.739380 110.381981
1342.075439 77.739380 88.493858
1331.969971 67.737427 83.715538
1331.900635 67.737427 87.838051
1333.832397 67.737427 88.355690
1372.973511 67.743286 54.326637
1392.569458 67.747192 43.012924
1414.993896 67.751099 36.598228
1438.057739 57.755005 35.531242
1460.532837 57.760864 40.518158
1480.747925 57.764771 50.075874
1358.825684 -92.258667 60.888496
1333.124634 -92.264526 60.213585
1332.621582 -72.264526 46.620193
1348.954102 -52.250854 229.063995
1328.341553 -52.254761 228.717224
1328.742920 -72.256714 219.507294
1333.531494 67.743286 178.344055
1331.599609 67.741333 177.826447
1332.479492 57.743286 197.732452
1331.237305 77.741333 155.988556
1330.271362 77.741333 155.729736
1332.203247 77.741333 156.247375
1330.460815 77.741333 158.886322
1352.122314 77.747192 197.819336
1368.337036 67.751099 214.587372
1335.722168 67.743286 177.895782
1334.497437 67.743286 178.602875
1339.758667 57.745239 197.612335
1336.602051 57.745239 197.801788
1341.675903 37.745239 213.655212
1335.362671 37.745239 214.034149
1338.573975 17.745239 225.247345
1329.408936 67.741333 178.274719
1329.339600 67.741333 182.397247
1329.322876 57.743286 197.921906
1328.996704 47.743286 203.010895
1388.034546 67.755005 226.076965
1409.733154 67.760864 233.961609
1338.619873 67.743286 178.672241
1337.654053 67.743286 178.413422
1345.812988 57.745239 198.199310
1342.915283 57.745239 197.422852
1353.075562 47.749146 213.603882
1346.764404 37.747192 213.983368
1356.028076 27.749146 225.783081
1347.784912 17.747192 225.644867
1354.222290 -2.250854 232.546112
1341.854736 -2.252808 232.338074
1344.756348 -22.252808 233.115570
1329.308350 37.743286 213.447144
1328.723389 27.743286 219.502045
1328.397095 17.743286 224.591003
1328.329712 7.745239 228.714081
1433.245361 57.764771 235.085327
1455.859253 57.768677 231.827209
1328.521240 -2.254761 231.871216
1328.266235 -22.254761 232.838165
1328.268311 -32.254761 232.838715
1328.082642 -52.254761 229.683167
1339.842651 77.743286 177.964600
1348.001831 67.747192 197.750519
1357.198120 47.749146 213.673248
1364.273315 27.751099 225.921783
1365.621826 7.751099 232.494781
1361.246460 -22.248901 233.392975
1476.869385 57.772583 222.962982
1349.933594 67.747192 198.268158
1361.318604 57.749146 213.742065
1371.550415 37.753052 225.801147
1377.023560 7.755005 232.444061
1376.509766 -12.244995 234.376953
1368.339966 -42.246948 230.117310
1352.253296 -72.250854 220.630524
1329.213867 -92.256714 206.174896
1496.019043 47.776489 209.459167
1510.854736 47.778442 192.728851
1367.371216 67.751099 214.328583
1385.845703 57.755005 226.525726
1382.691040 47.755005 226.715729
1402.718628 37.758911 233.117371
1395.441528 27.756958 233.238037
1413.606689 17.760864 234.999542
1403.431763 7.758911 234.343750
1419.736328 -12.237183 231.465607
1404.473022 -22.241089 230.481628
1417.241943 -42.239136 221.479736
1396.631348 -52.243042 221.133545
1405.347046 -72.241089 207.939758
1381.838623 -82.246948 206.817078
1386.499390 -92.246948 189.430969
1358.609619 -102.252808 189.204834
1360.183105 -112.252808 167.885651
1352.124268 67.747192 197.819855
1365.182251 57.751099 214.777344
1377.604492 37.753052 226.388062
1387.198486 17.756958 233.099854
1391.067993 -12.243042 234.136719
1387.019043 -32.244995 229.945953
1375.054688 -62.246948 220.528473
1355.880737 -92.250854 207.108612
1328.765503 -92.256714 203.984222
1521.637207 47.778442 171.806671
1527.589966 47.778442 149.590363
1406.839233 47.760864 233.186218
1429.125000 47.764771 235.016541
1422.815552 27.762817 235.396515
1443.499634 17.766724 231.621307
1433.067749 -2.235229 231.931915
1449.957397 -12.231323 222.998901
1434.695923 -32.235229 222.015411
1448.498291 -42.233276 209.149353
1428.148315 -62.237183 207.837677
1437.897705 -72.235229 190.779755
1413.164429 -82.241089 190.364166
1417.635620 -92.241089 169.821442
1390.004761 -102.246948 168.629425
1391.836914 -112.246948 146.344238
1362.015381 -122.252808 145.600555
1362.172729 -122.254761 121.831337
1330.010742 -102.256714 187.753448
1329.375000 -112.258667 182.406708
1330.359497 -112.258667 167.141388
1330.500244 -122.258667 158.896881
1527.747314 47.778442 125.821159
1523.264404 47.776489 103.914452
1450.774780 37.768677 231.500122
1471.527954 27.772583 223.602325
1462.321045 7.770630 223.205872
1479.538696 -2.227417 209.184357
1464.984375 -22.229370 209.425690
1478.148926 -32.227417 191.212280
1459.472168 -52.231323 191.384247
1467.099976 -62.231323 170.652039
1444.559448 -82.235229 169.788727
1447.355713 -82.237183 147.761902
1420.692627 -102.241089 146.829193
1421.815674 -102.243042 123.318779
1392.960205 -112.248901 122.833900
1391.631836 -102.250854 100.737175
1361.810303 -112.256714 99.993446
1361.189087 -102.256714 79.121483
1330.260010 -122.260620 144.338623
1331.175171 -122.260620 133.195801
1331.124390 -122.260620 121.794182
1331.850098 -122.260620 107.494759
1513.434326 47.772583 82.645500
1498.705200 47.768677 64.204979
1492.395752 27.768677 64.584923
1331.986694 -112.262573 99.249168
1332.005371 -112.262573 83.725014
1332.331543 -102.262573 78.636024
1332.348145 -92.264526 63.111351
1489.709717 27.774536 209.839111
1493.408325 -2.225464 192.195221
1486.740723 -32.227417 170.738403
1471.120972 -62.231323 147.918091
1448.478882 -82.237183 124.251503
1419.521729 -92.244995 100.963310
1389.078979 -92.250854 79.347603
1475.665405 27.764771 49.749290
1466.458496 7.762817 49.352837
1503.840332 17.776489 191.884613
1502.968262 -12.223511 171.980713
1491.729736 -42.227417 148.263855
1471.985352 -62.233276 125.373634
1445.220825 -82.239136 101.637688
1415.744019 -82.246948 80.280815
1384.524780 -82.252808 61.562889
1356.390747 -72.260620 46.777473
1333.015259 -52.264526 37.408180
1455.448608 37.758911 40.191093
1448.173340 17.758911 40.312248
1437.034424 -2.244995 39.398140
1433.937256 47.755005 35.462425
1427.628052 27.753052 35.842438
1418.418823 17.751099 35.445396
1408.244141 7.749146 34.789627
1520.316772 17.778442 149.712067
1520.474121 17.776489 125.942848
1509.078369 -12.225464 125.995201
1504.854248 -12.227417 103.122566
1488.367920 -32.231323 102.846184
1480.469727 -32.233276 82.094872
1462.051758 -52.237183 81.300896
1451.442993 -42.241089 62.929161
1431.800537 -62.244995 62.842369
1421.120483 -42.246948 48.592613
1401.475830 -52.250854 48.505211
1391.692505 -32.252808 38.636864
1373.013672 -42.256714 38.808250
1366.058838 -22.258667 33.838882
1349.568726 -22.262573 33.561478
1346.149414 -2.262573 34.715836
1514.364014 17.778442 171.928345
1508.213989 -12.225464 148.539673
1492.594116 -42.229370 125.719383
1468.985962 -62.235229 101.793907
1440.476929 -72.241089 80.696342
1409.257935 -72.248901 61.978447
1378.933350 -62.254761 47.641357
1353.627808 -52.260620 37.754936
1333.274048 -52.264526 36.442253
1411.841187 47.751099 36.788742
1406.754639 37.749146 36.461075
1399.477539 27.747192 36.581734
1391.234375 17.747192 36.443535
1382.025391 7.745239 36.046555
1390.639526 57.747192 42.495796
1386.518921 47.745239 42.426979
1382.398438 37.745239 42.358170
1376.085205 37.743286 42.737106
1369.066895 27.743286 41.891838
1360.821899 27.741333 41.753136
1516.250000 17.774536 103.070229
1506.419922 17.770630 81.801277
1495.987915 -2.231323 82.111870
1483.190674 -2.233276 64.188988
1468.895264 -22.237183 63.464378
1454.094727 -12.241089 49.145836
1438.574463 -32.243042 49.128288
1424.410034 -12.246948 40.156548
1409.146606 -22.248901 39.172546
1395.880371 -12.252808 34.582619
1381.322144 -12.254761 34.822853
1370.623779 7.743286 36.097321
1358.516968 -2.260620 34.923882
1351.612793 17.739380 41.356117
1342.143066 17.737427 41.924530
1339.033325 37.737427 53.514595
1333.080688 -32.264526 33.284615
1333.078613 -22.264526 33.284081
1333.781860 -2.264526 34.507782
1333.003418 7.735474 37.405022
1371.041626 67.743286 53.808998
1368.852905 57.743286 54.257790
1365.955078 57.743286 53.481331
1361.834595 47.741333 53.412514
1356.487305 47.741333 54.050270
1351.400879 37.739380 53.722649
1345.346558 37.737427 53.135658
1354.532959 67.741333 69.055763
1353.308228 67.741333 69.762871
1351.376343 67.741333 69.245232
1349.187622 57.739380 69.694023
1346.289795 57.739380 68.917564
1343.133179 57.739380 69.107033
1339.976685 57.737427 69.296501
1335.854126 57.737427 69.227150
1332.932007 17.735474 41.527008
1332.602051 27.735474 46.614952
1332.978882 37.735474 52.927605
1332.320557 47.735474 63.103966
1332.697510 57.737427 69.416618
1334.798340 67.737427 88.614510
1336.989014 67.739380 88.166222
1337.954956 67.739380 88.425041
1338.920898 67.739380 88.683861
1341.111572 67.739380 88.235573
1341.109619 77.739380 88.235039
-676.174683 -52.653198 182.329498
-676.184265 -22.653198 185.432770
-675.862122 -72.653198 172.060516
-675.588440 -92.653198 156.604675
-675.131531 -112.655151 136.021606
-673.835693 -122.657104 85.640282
-674.410156 -122.655151 111.368263
-673.261230 -122.659058 59.912315
-672.543762 -112.659058 35.257919
-672.094727 -92.661011 14.672722
-671.828918 -72.661011 -0.785202
-671.524231 -52.661011 -11.056328
-671.526428 -22.661011 -14.162743
-671.536072 7.338989 -11.059494
-671.848633 27.338989 -0.790474
-672.122253 47.338989 14.665344
-672.579224 67.340942 35.248428
-673.300598 77.340942 59.901772
-673.875061 77.342896 85.629738
-674.449524 77.344849 111.357719
-675.166931 67.344849 136.012115
-675.881775 27.346802 172.055237
-675.616028 47.346802 156.597321
-676.186462 7.346802 182.326355
0
1083
360 342
360 341
340 341
351 349
353 349
353 347
354 347
351 353
347 358
347 357
355 347
355 357
360 359
343 360
343 359
344 359
359 347
346 359
360 340
343 344
347 349
46 40
28 40
28 37
31 37
28 19
46 28
46 19
46 16
49 16
55 16
53 16
51 16
51 13
57 13
57 10
60 10
60 7
63 7
63 4
66 4
66 3
69 3
132 362
362 340
135 362
135 340
136 340
130 360
360 362
131 360
362 131
114 359
359 361
115 359
115 361
361 360
129 361
360 129
100 357
357 358
102 357
102 358
112 358
113 358
359 113
358 359
357 73
357 79
356 357
356 79
356 78
356 82
355 356
355 82
355 81
355 332
354 355
354 332
354 331
354 330
353 354
353 330
353 329
353 328
352 353
352 328
352 312
351 352
351 312
351 311
351 310
350 351
350 310
350 309
350 281
349 350
349 281
231 348
348 349
91 348
91 349
349 249
92 349
229 347
347 348
230 347
348 230
224 346
346 347
228 346
347 228
222 344
344 346
223 344
346 223
201 343
343 345
202 343
202 345
345 344
221 345
344 221
153 341
341 342
180 341
180 342
199 342
200 342
343 200
342 343
341 95
341 94
339 341
339 94
340 339
137 340
339 138
137 339
72 80
72 338
77 338
77 337
77 336
77 335
77 334
75 334
75 333
76 333
76 83
78 83
82 78
80 6
80 5
80 320
338 80
338 320
338 321
337 338
337 321
337 322
336 337
336 322
336 323
335 336
335 323
335 324
334 335
334 324
334 325
333 334
333 325
333 326
83 333
83 326
83 327
81 327
332 81
332 327
331 332
331 327
308 327
308 319
306 319
306 292
304 292
304 286
302 286
302 256
300 256
300 252
298 252
298 240
296 240
296 227
294 227
294 225
204 225
331 308
330 331
330 308
329 330
329 308
329 307
328 329
328 307
312 328
327 326
319 327
319 326
326 325
318 326
318 325
325 324
317 325
317 324
324 323
316 324
316 323
323 322
315 323
315 322
322 321
314 322
314 321
321 320
313 321
313 320
320 5
84 320
84 5
319 318
292 319
292 318
318 317
291 318
291 317
317 316
290 317
290 316
316 315
289 316
289 315
315 314
288 315
288 314
314 313
287 314
287 313
313 84
85 313
85 84
12 84
35 182
203 182
203 258
293 258
293 260
295 260
295 262
297 262
297 264
299 264
299 266
301 266
301 268
303 268
303 270
305 270
305 272
307 272
312 307
312 272
311 312
311 272
310 311
310 272
310 271
309 310
309 271
281 309
308 306
307 308
307 306
305 307
306 304
305 306
305 304
303 305
304 302
303 304
303 302
301 303
302 300
301 302
301 300
299 301
300 298
299 300
299 298
297 299
298 296
297 298
297 296
295 297
296 294
295 296
295 294
293 295
294 204
293 294
293 204
203 293
203 204
292 291
286 292
286 291
291 290
285 291
285 290
290 289
284 290
284 289
289 288
283 289
283 288
288 287
282 288
282 287
287 85
86 287
86 85
15 85
286 285
256 286
256 285
285 284
255 285
255 284
284 283
254 284
254 283
283 282
253 283
253 282
282 86
87 282
87 86
18 86
41 155
181 155
181 273
257 273
257 274
259 274
259 275
261 275
261 276
263 276
263 277
265 277
265 278
267 278
267 279
269 279
269 280
271 280
281 271
281 280
249 281
249 280
280 279
248 280
248 279
279 278
247 279
247 278
278 277
246 278
246 277
277 276
245 277
245 276
276 275
244 276
244 275
275 274
243 275
243 274
274 273
242 274
242 273
273 155
241 273
241 155
154 155
272 270
271 272
271 270
269 271
270 268
269 270
269 268
267 269
268 266
267 268
267 266
265 267
266 264
265 266
265 264
263 265
264 262
263 264
263 262
261 263
262 260
261 262
261 260
259 261
260 258
259 260
259 258
257 259
258 182
257 258
257 182
181 257
181 182
256 255
252 256
252 255
255 254
251 255
251 254
254 253
250 254
250 253
253 87
88 253
88 87
21 87
252 251
240 252
240 251
251 250
239 251
239 250
250 88
89 250
89 88
26 88
249 248
92 249
92 248
248 247
90 248
90 247
247 246
238 247
238 246
246 245
237 246
237 245
245 244
236 245
236 244
244 243
235 244
235 243
243 242
234 243
234 242
242 241
233 242
233 241
241 154
232 241
232 154
145 154
240 239
227 240
227 239
239 89
226 239
226 89
23 89
231 91
231 90
90 238
220 90
220 238
238 237
218 238
218 237
237 236
216 237
216 236
236 235
214 236
214 235
235 234
212 235
212 234
234 233
210 234
210 233
233 232
208 233
208 232
232 145
206 232
206 145
134 145
231 220
230 231
230 220
229 230
229 220
229 219
228 229
228 219
224 228
227 226
225 227
225 226
226 23
22 226
29 225
225 22
27 225
54 117
133 117
133 184
205 184
205 186
207 186
207 188
209 188
209 190
211 190
211 192
213 192
213 194
215 194
215 196
217 196
217 198
219 198
224 219
224 198
223 224
223 198
222 223
222 198
222 197
221 222
221 197
202 221
220 218
219 220
219 218
217 219
218 216
217 218
217 216
215 217
216 214
215 216
215 214
213 215
214 212
213 214
213 212
211 213
212 210
211 212
211 210
209 211
210 208
209 210
209 208
207 209
208 206
207 208
207 206
205 207
206 134
205 206
205 134
133 205
134 50
133 134
32 204
204 29
30 204
35 203
203 32
33 203
62 104
116 104
116 157
183 157
183 159
185 159
185 161
187 161
187 163
189 163
189 165
191 165
191 167
193 167
193 169
195 169
195 171
197 171
202 197
202 171
201 202
201 171
200 201
200 171
200 170
199 200
199 170
180 199
198 196
197 198
197 196
195 197
196 194
195 196
195 194
193 195
194 192
193 194
193 192
191 193
192 190
191 192
191 190
189 191
190 188
189 190
189 188
187 189
188 186
187 188
187 186
185 187
186 184
185 186
185 184
183 185
184 117
183 184
183 117
116 183
116 117
38 182
182 36
41 181
181 38
39 181
103 67
103 172
156 172
156 173
158 173
158 174
160 174
160 175
162 175
162 176
164 176
164 177
166 177
166 178
168 178
168 179
170 179
180 170
180 179
153 180
153 179
179 178
152 179
152 178
178 177
151 178
151 177
177 176
150 177
150 176
176 175
149 176
149 175
175 174
148 175
148 174
174 173
147 174
147 173
173 172
146 173
146 172
172 67
139 172
139 67
70 67
171 169
170 171
170 169
168 170
169 167
168 169
168 167
166 168
167 165
166 167
166 165
164 166
165 163
164 165
164 163
162 164
163 161
162 163
162 161
160 162
161 159
160 161
160 159
158 160
159 157
158 159
158 157
156 158
157 104
156 157
156 104
103 156
103 104
44 155
155 42
47 154
154 44
45 154
153 152
95 153
95 152
152 151
93 152
93 151
151 150
144 151
144 150
150 149
143 150
143 149
149 148
142 149
142 148
148 147
141 148
141 147
147 146
140 147
140 146
146 139
50 145
145 47
48 145
138 94
138 93
93 144
128 93
128 144
144 143
126 144
126 143
143 142
124 143
124 142
142 141
122 142
122 141
141 140
120 141
120 140
140 139
118 140
118 139
139 70
138 128
137 138
137 128
136 137
136 128
136 127
135 136
135 127
132 135
54 133
133 50
56 133
119 105
121 105
121 107
123 107
123 109
125 109
125 111
127 111
132 127
132 111
131 132
131 111
130 131
130 111
130 110
129 130
129 110
115 129
128 126
127 128
127 126
125 127
126 124
125 126
125 124
123 125
124 122
123 124
123 122
121 123
122 120
121 122
121 120
119 121
120 118
119 120
119 118
101 119
118 70
101 118
59 117
117 52
62 116
116 59
58 116
101 99
106 99
106 96
108 96
108 98
110 98
115 110
115 98
114 115
114 98
113 114
113 98
113 97
112 113
112 97
102 112
111 109
110 111
110 109
108 110
109 107
108 109
108 107
106 108
107 105
106 107
106 105
101 106
105 101
65 104
104 61
68 103
103 65
64 103
96 99
97 99
102 97
102 99
100 102
70 73
101 70
73 101
73 100
99 73
100 99
98 96
97 98
96 97
95 93
94 95
93 94
92 90
91 92
90 91
89 26
25 89
88 21
20 88
87 18
17 87
86 15
14 86
85 12
11 85
84 9
8 84
83 81
82 83
81 82
80 0
2 80
77 75
79 73
76 78
79 76
78 79
77 73
72 77
73 75
76 73
75 76
74 70
74 69
73 74
69 1
73 69
73 1
72 73
72 1
0 72
71 67
71 66
70 71
66 69
70 66
69 70
68 64
68 63
67 68
63 66
67 63
66 67
65 61
65 60
64 65
60 63
64 60
63 64
62 58
62 57
61 62
57 60
61 57
60 61
59 52
59 51
58 59
51 57
58 51
57 58
56 50
49 55
56 49
56 55
54 56
55 53
54 55
54 53
52 54
53 51
52 53
51 52
50 48
49 50
49 48
46 49
48 47
46 48
47 45
46 47
46 45
43 46
45 44
43 45
44 42
43 44
43 42
40 43
42 41
40 42
41 39
40 41
40 39
37 40
39 38
37 39
38 36
37 38
37 36
34 37
36 35
34 36
35 33
34 35
34 33
31 34
33 32
31 33
32 30
31 32
31 30
28 31
30 29
28 30
29 27
28 29
28 27
24 28
27 22
24 27
26 20
26 19
25 26
19 24
25 19
25 24
23 25
24 22
23 24
22 23
21 17
21 16
20 21
16 19
20 16
19 20
18 14
18 13
17 18
13 16
17 13
16 17
15 11
15 10
14 15
10 13
14 10
13 14
12 8
12 7
11 12
7 10
11 7
10 11
9 5
9 4
8 9
4 7
8 4
7 8
6 2
6 3
5 6
3 4
5 3
4 5
3 2
1 3
2 0
1 2
0 1
721
3 1083 1082 1081
3 -1082 1080 1079
3 1078 1077 1076
3 -1077 1075 1074
3 -1074 1073 -1079
3 1072 1071 1070
3 -1071 1069 1068
3 -1068 1067 -1078
3 1066 1065 1064
3 -1065 1063 1062
3 -1062 1061 -1072
3 1060 1059 1058
3 -1059 1057 1056
3 -1056 1055 -1066
3 1054 1053 1052
3 -1053 1051 1050
3 -1050 1049 -1060
3 1048 1047 1046
3 -1047 1045 1044
3 -1044 1043 -1054
3 1042 1041 1040
3 -1041 1039 1038
3 -1038 1037 1036
3 -1037 1035 1034
3 -1034 1033 -1048
3 -1040 1032 1031
3 -1032 1030 1029
3 -1029 1028 1027
3 -1028 1026 1025
3 -1026 1024 1023
3 -1023 1022 1021
3 -1022 1020 1019
3 -1020 1018 1017
3 -1017 1016 1015
3 -1016 1014 1013
3 -1014 1012 1011
3 -1011 1010 1009
3 -1010 1008 1007
3 -1008 1006 1005
3 -1005 1004 1003
3 -1004 1002 1001
3 -1002 1000 999
3 -999 998 997
3 -998 996 995
3 -996 994 993
3 -993 992 991
3 -992 990 989
3 -990 988 987
3 -987 986 985
3 984 983 982
3 -983 981 980
3 -980 979 978
3 -979 977 976
3 -976 975 974
3 -975 973 -986
3 972 971 970
3 -971 969 968
3 -968 967 -984
3 966 965 964
3 -965 963 962
3 -962 961 -972
3 960 959 958
3 -959 957 956
3 -956 955 -966
3 954 953 952
3 -953 951 950
3 -950 949 -960
3 948 947 946
3 -947 945 944
3 -944 943 -954
3 942 941 -1083
3 -941 940 939
3 -939 938 937
3 -938 936 935
3 -935 934 -948
3 933 932 931
3 930 929 -940
3 928 927 926
3 -927 925 -932
3 924 -931 -929
3 -1081 923 922
3 921 920 919
3 -1069 918 917
3 -1063 916 915
3 -1057 914 913
3 -1051 912 911
3 -1045 910 909
3 -1035 908 907
3 906 905 904
3 903 902 901
3 900 899 898
3 897 896 895
3 894 893 892
3 891 890 -897
3 -890 889 888
3 -888 -900 887
3 -957 886 885
3 -886 -949 884
3 883 -955 882
3 881 880 879
3 -879 878 877
3 -878 876 875
3 -875 874 873
3 -874 872 871
3 -871 870 869
3 868 867 -889
3 -867 866 865
3 -865 864 -899
3 -864 863 862
3 -862 861 860
3 859 858 -860
3 -858 -872 857
3 -857 856 -898
3 -856 -876 855
3 -855 854 -887
3 -854 -880 853
3 -853 -894 -896
3 -969 852 851
3 -852 -961 850
3 849 -967 848
3 -893 847 846
3 -847 845 844
3 -844 843 842
3 -843 841 840
3 -840 839 838
3 -839 837 836
3 -836 835 834
3 -835 833 832
3 -832 831 830
3 -831 829 828
3 -828 827 826
3 825 824 -859
3 -824 823 822
3 -822 821 -870
3 -821 820 819
3 -819 818 817
3 816 815 -817
3 -815 -829 814
3 -814 813 -869
3 -813 -833 812
3 -812 811 -873
3 -811 -837 810
3 -810 809 -877
3 -809 -841 808
3 -808 -845 -881
3 -973 807 806
3 -807 -977 805
3 804 803 -816
3 -803 802 801
3 -801 800 -827
3 -800 799 798
3 -798 797 796
3 795 -846 794
3 -794 793 792
3 -793 -842 791
3 -791 790 789
3 -790 -838 788
3 -788 787 786
3 -787 -834 785
3 -785 784 783
3 -784 -830 782
3 -782 781 780
3 -781 -826 779
3 -779 778 777
3 -778 -796 776
3 -776 775 -903
3 -989 774 773
3 -774 -985 772
3 771 -792 770
3 -770 769 768
3 -769 -789 767
3 -767 766 765
3 -766 -786 764
3 -764 763 762
3 -763 -783 761
3 -761 760 759
3 -760 -780 758
3 -758 757 756
3 -757 -777 755
3 -755 754 753
3 -754 -901 752
3 -752 751 750
3 -936 -892 -934
3 -995 749 748
3 -749 -991 747
3 746 -997 745
3 -885 744 -882
3 -744 743 742
3 -742 741 740
3 -741 739 738
3 -738 737 736
3 -737 735 734
3 -734 733 732
3 -733 731 730
3 -730 729 728
3 -729 727 726
3 -726 725 724
3 -725 723 722
3 -722 721 720
3 -721 719 718
3 -718 717 716
3 -717 715 714
3 -714 713 712
3 -945 711 -943
3 -711 -795 710
3 -710 709 708
3 -709 -771 707
3 -707 706 705
3 -706 -768 704
3 -704 703 702
3 -703 -765 701
3 -701 700 699
3 -700 -762 698
3 -698 697 696
3 -697 -759 695
3 -695 694 693
3 -694 -756 692
3 -692 691 690
3 -691 -753 689
3 -689 688 687
3 -688 -750 686
3 -686 685 684
3 683 682 -684
3 -682 -715 681
3 -681 680 -687
3 -680 -719 679
3 -679 678 -690
3 -678 -723 677
3 -677 676 -693
3 -676 -727 675
3 -675 674 -696
3 -674 -731 673
3 -673 672 -699
3 -672 -735 671
3 -671 670 -702
3 -670 -739 669
3 -669 668 -705
3 -668 -743 667
3 -667 666 -708
3 -1007 665 664
3 -665 -1003 663
3 662 -1009 661
3 -851 660 -848
3 -660 659 658
3 -658 657 656
3 -657 655 654
3 -654 653 652
3 -653 651 650
3 -650 649 648
3 -649 647 646
3 -646 645 644
3 -645 643 642
3 -642 641 640
3 -641 639 638
3 -638 637 636
3 -637 635 634
3 -634 633 632
3 -633 631 630
3 -630 629 628
3 627 626 -683
3 -626 625 624
3 -624 623 -713
3 -623 622 621
3 -621 620 619
3 618 617 -619
3 -617 -631 616
3 -616 615 -712
3 -615 -635 614
3 -614 613 -716
3 -613 -639 612
3 -612 611 -720
3 -611 -643 610
3 -610 609 -724
3 -609 -647 608
3 -608 607 -728
3 -607 -651 606
3 -606 605 -732
3 -605 -655 604
3 -604 603 -736
3 -603 -659 602
3 -602 601 -740
3 -601 -850 600
3 -600 -963 -883
3 -1019 599 598
3 -599 -1015 597
3 -1025 596 595
3 -596 -1021 594
3 -806 593 592
3 -593 591 590
3 -590 589 588
3 -589 587 586
3 -586 585 584
3 -585 583 582
3 -582 581 580
3 -581 579 578
3 -578 577 576
3 -577 575 574
3 -574 573 572
3 -573 571 570
3 -570 569 568
3 -569 567 566
3 -566 565 564
3 -565 563 562
3 -562 561 560
3 559 558 -618
3 -558 557 556
3 -556 555 -629
3 -555 554 553
3 -553 552 551
3 550 549 -551
3 -549 -563 548
3 -548 547 -628
3 -547 -567 546
3 -546 545 -632
3 -545 -571 544
3 -544 543 -636
3 -543 -575 542
3 -542 541 -640
3 -541 -579 540
3 -540 539 -644
3 -539 -583 538
3 -538 537 -648
3 -537 -587 536
3 -536 535 -652
3 -535 -591 534
3 -534 533 -656
3 -533 -805 532
3 -532 -981 -849
3 -1031 531 530
3 -531 -1027 529
3 -1042 528 527
3 -528 -530 526
3 -526 525 524
3 523 522 -550
3 -522 521 520
3 -520 519 -561
3 -519 518 517
3 -517 516 515
3 -592 514 -772
3 -514 -588 513
3 -513 512 511
3 -512 -584 510
3 -510 509 508
3 -509 -580 507
3 -507 506 505
3 -506 -576 504
3 -504 503 502
3 -503 -572 501
3 -501 500 499
3 -500 -568 498
3 -498 497 496
3 -497 -564 495
3 -495 494 493
3 -494 -560 492
3 -492 491 490
3 -491 -515 489
3 -489 488 -906
3 -1039 487 -908
3 -487 -527 486
3 -486 485 484
3 -485 -524 483
3 -483 482 481
3 -773 480 -747
3 -480 -511 479
3 -479 478 477
3 -478 -508 476
3 -476 475 474
3 -475 -505 473
3 -473 472 471
3 -472 -502 470
3 -470 469 468
3 -469 -499 467
3 -467 466 465
3 -466 -496 464
3 -464 463 462
3 -463 -493 461
3 -461 460 459
3 -460 -490 458
3 -458 457 456
3 -457 -904 455
3 -455 454 453
3 -1033 452 -910
3 -452 -907 451
3 -451 450 449
3 -450 -484 448
3 -448 447 446
3 -447 -481 445
3 -445 444 443
3 -1043 442 -912
3 -442 -909 441
3 -441 440 439
3 -440 -449 438
3 -438 437 436
3 -437 -446 435
3 -435 434 433
3 -434 -443 432
3 -432 431 430
3 -664 429 -661
3 -429 428 427
3 -427 426 425
3 -426 424 423
3 -423 422 421
3 -422 420 419
3 -419 418 417
3 -418 416 415
3 -415 414 413
3 -414 412 411
3 -411 410 409
3 -410 408 407
3 -407 406 405
3 -406 404 403
3 -403 402 401
3 -402 400 399
3 -399 398 397
3 -748 396 -745
3 -396 -477 395
3 -395 394 393
3 -394 -474 392
3 -392 391 390
3 -391 -471 389
3 -389 388 387
3 -388 -468 386
3 -386 385 384
3 -385 -465 383
3 -383 382 381
3 -382 -462 380
3 -380 379 378
3 -379 -459 377
3 -377 376 375
3 -376 -456 374
3 -374 373 372
3 -373 -453 371
3 -371 370 369
3 368 367 -369
3 -367 -400 366
3 -366 365 -372
3 -365 -404 364
3 -364 363 -375
3 -363 -408 362
3 -362 361 -378
3 -361 -412 360
3 -360 359 -381
3 -359 -416 358
3 -358 357 -384
3 -357 -420 356
3 -356 355 -387
3 -355 -424 354
3 -354 353 -390
3 -353 -428 352
3 -352 351 -393
3 -351 -663 350
3 -350 -1001 -746
3 -1049 349 -914
3 -349 -911 348
3 -348 347 346
3 -347 -439 345
3 -345 344 343
3 -344 -436 342
3 -342 341 340
3 -341 -433 339
3 -339 338 337
3 -338 -430 336
3 -336 335 334
3 -1055 333 -916
3 -333 -913 332
3 -332 331 330
3 -331 -346 329
3 -329 328 327
3 -328 -343 326
3 -326 325 324
3 -325 -340 323
3 -323 322 321
3 -322 -337 320
3 -320 319 318
3 -319 -334 317
3 -317 316 315
3 -598 314 -594
3 -314 313 312
3 -312 311 310
3 -311 309 308
3 -308 307 306
3 -307 305 304
3 -304 303 302
3 -303 301 300
3 -300 299 298
3 -299 297 296
3 -296 295 294
3 -295 293 292
3 -292 291 290
3 -291 289 288
3 -288 287 286
3 -287 285 284
3 -284 283 282
3 281 280 -368
3 -280 279 278
3 -278 277 -398
3 -277 276 275
3 -275 274 273
3 272 271 -273
3 -271 -285 270
3 -270 269 -397
3 -269 -289 268
3 -268 267 -401
3 -267 -293 266
3 -266 265 -405
3 -265 -297 264
3 -264 263 -409
3 -263 -301 262
3 -262 261 -413
3 -261 -305 260
3 -260 259 -417
3 -259 -309 258
3 -258 257 -421
3 -257 -313 256
3 -256 255 -425
3 -255 -597 254
3 -254 -1013 -662
3 -1061 253 -918
3 -253 -915 252
3 -252 251 250
3 -251 -330 249
3 -249 248 247
3 -248 -327 246
3 -246 245 244
3 -245 -324 243
3 -243 242 241
3 -242 -321 240
3 -240 239 238
3 -239 -318 237
3 -237 236 235
3 -236 -315 234
3 -234 233 232
3 -1067 -917 231
3 -231 230 229
3 -230 -250 228
3 -228 227 226
3 -227 -247 225
3 -225 224 223
3 -224 -244 222
3 -222 221 220
3 -221 -241 219
3 -219 218 217
3 -218 -238 216
3 -216 215 214
3 -215 -235 213
3 -213 212 211
3 -212 -232 210
3 -210 209 208
3 207 206 -272
3 -206 205 204
3 -204 203 -283
3 -203 202 201
3 -201 200 199
3 -595 198 -529
3 -198 -310 197
3 -197 196 -525
3 -196 -306 195
3 -195 194 -482
3 -194 -302 193
3 -193 192 -444
3 -192 -298 191
3 -191 190 -431
3 -190 -294 189
3 -189 188 -335
3 -188 -290 187
3 -187 186 -316
3 -186 -286 185
3 -185 184 -233
3 -184 -282 183
3 -183 182 -209
3 -182 -199 181
3 -181 180 179
3 178 177 -179
3 -177 -919 176
3 -176 175 -208
3 -175 174 173
3 -173 172 -211
3 -172 171 170
3 -170 169 -214
3 -169 168 167
3 -167 166 -217
3 -166 165 164
3 -164 163 -220
3 -163 162 161
3 -161 160 -223
3 -160 159 158
3 -158 157 -226
3 -157 156 155
3 -155 154 -229
3 -154 153 -1075
3 -153 -923 -1073
3 152 151 -920
3 -151 -926 150
3 -150 149 -174
3 -149 -933 148
3 -148 147 -171
3 -147 -924 146
3 -146 145 -168
3 -145 144 -165
3 -144 143 -162
3 -143 142 -159
3 -142 -930 141
3 -141 140 -156
3 -140 -942 -922
3 -797 139 138
3 -139 137 136
3 -138 135 -775
3 -135 134 133
3 -133 132 -902
3 131 130 129
3 -625 128 -129
3 -128 -627 127
3 -127 126 125
3 -126 -685 124
3 -124 -751 -132
3 123 122 121
3 -122 -559 120
3 -120 119 118
3 -119 -620 117
3 -117 -622 -130
3 116 115 114
3 -115 -554 113
3 -113 -557 -123
3 112 111 110
3 -111 -523 109
3 -109 -552 -116
3 108 107 106
3 -107 -518 105
3 -105 -521 -112
3 -454 104 103
3 -104 -905 102
3 -102 101 100
3 -101 -488 99
3 -99 -516 -108
3 -103 98 -370
3 -98 97 96
3 -96 95 -281
3 -95 94 -279
3 -94 93 92
3 -92 91 -276
3 -91 90 -274
3 -90 89 88
3 -88 87 -207
3 -87 86 85
3 -85 84 -205
3 -84 83 -202
3 -83 82 81
3 -81 80 -200
3 -80 79 -180
3 -79 78 77
3 -77 76 -178
3 -76 75 -921
3 -75 74 73
3 -73 72 -152
3 -72 71 -928
3 -71 70 69
3 -69 68 -925
3 67 66 65
3 -866 64 -65
3 -64 -868 63
3 -63 62 61
3 -62 -891 60
3 -60 -895 -68
3 59 58 57
3 -58 -825 56
3 -56 55 54
3 -55 -861 53
3 -53 -863 -66
3 52 51 50
3 -51 -820 49
3 -49 -823 -59
3 -799 48 -137
3 -48 -802 47
3 -47 46 45
3 -46 -804 44
3 -44 -818 -52
3 -937 43 -1080
3 -43 -946 42
3 -42 41 -1076
3 -41 -952 40
3 -40 39 -1070
3 -39 -958 38
3 -38 37 -1064
3 -37 -964 36
3 -36 35 -1058
3 -35 -970 34
3 -34 33 -1052
3 -33 -982 32
3 -32 -978 31
3 -974 30 -31
3 -30 -988 29
3 -29 28 -1046
3 -28 27 26
3 -26 -1030 -1036
3 -1018 25 -1012
3 -25 -1024 24
3 -24 23 -1006
3 -23 -27 22
3 -22 -994 -1000
3 -100 -106 21
3 -121 -118 20
3 -45 -50 19
3 -110 18 17
3 -18 -114 16
3 -20 15 -16
3 -15 14 13
3 -13 -57 -54
3 -74 12 -70
3 -12 11 10
3 -10 9 -61
3 -9 -17 -67
3 -86 -89 8
3 -78 7 -11
3 -7 -82 6
3 -6 5 -21
3 -5 -8 4
3 -4 -93 -97
3 -136 3 -134
3 -3 -19 2
3 -2 1 -125
3 -1 -14 -131
0
0
5
*
488
1430.139038 1187.766724 276.699310
1072.205688 1197.715942 631.136353
1069.829346 1177.713989 628.429077
1420.367432 1147.764771 266.834106
1422.745728 1157.764771 269.541901
1063.401978 1147.712036 621.530518
1427.760864 1177.766724 273.991516
1415.350220 1137.762817 262.383911
1051.953491 1127.710083 610.180664
1408.919067 1127.760864 255.484314
1407.246094 1127.760864 254.000732
1037.156982 1117.706177 595.863220
1396.761353 1117.758911 242.909149
1019.980408 1107.702271 578.837402
1385.311035 1107.755005 231.558868
1395.088379 1117.758911 241.425629
1002.096558 1097.698364 560.586853
1372.187378 1097.753052 218.724884
1377.911621 1107.753052 224.399811
984.208923 1107.692505 542.335327
1346.902466 1097.745239 193.314880
1360.027954 1097.749146 206.149292
967.287170 1117.688599 524.342529
1333.775146 1107.743286 180.479919
1341.174438 1107.745239 187.638916
1310.418091 1127.737427 155.586426
1311.832275 1127.737427 158.035919
952.486694 1127.684692 510.023987
1322.579590 1117.739380 168.162598
1323.993774 1117.741333 170.612091
1303.724121 1137.735474 149.651672
941.030396 1147.682739 498.672119
1298.961792 1147.733521 144.234528
1296.320801 1157.733521 142.491608
934.591187 1177.680786 491.770325
1291.556641 1177.731567 137.073944
932.207153 1197.680786 489.060974
1289.881592 1187.731567 135.589844
934.581360 1227.680786 491.767700
1289.877686 1207.731567 135.588806
1289.879761 1197.731567 135.589325
1298.942139 1247.733521 144.229248
1296.303101 1247.733521 142.486877
941.010681 1247.682739 498.666809
1291.546875 1227.731567 137.071320
1303.700439 1257.735474 149.645355
952.459229 1267.684692 510.016663
1310.390625 1267.737427 155.579071
1311.802856 1277.737427 158.028046
967.253662 1287.688599 524.333557
1322.546143 1287.739380 168.153625
984.171570 1297.692505 542.325317
1333.737793 1297.743286 180.469910
1323.960327 1287.741333 170.603119
1002.057312 1297.698364 560.576355
1346.863281 1297.745239 193.304352
1341.137085 1297.745239 187.628906
1019.942993 1297.702271 578.827393
1372.148071 1297.753052 218.714355
1359.988647 1297.749146 206.138794
1037.123535 1287.706177 595.854248
1385.273682 1297.755005 231.548828
1377.874268 1297.753052 224.389801
1408.891479 1267.760864 255.476898
1407.216553 1277.760864 253.992828
1051.926025 1267.710083 610.173279
1396.727783 1287.758911 242.900177
1395.054932 1287.758911 241.416656
1415.326660 1257.762817 262.377594
1063.382324 1247.712036 621.525208
1420.347900 1247.764771 266.828857
1422.728027 1247.764771 269.537170
1069.819580 1227.713989 628.426453
1427.750854 1227.766724 273.988861
1430.136963 1197.766724 276.698761
1430.135010 1207.766724 276.698242
1373.412354 1097.753052 218.017853
1385.569824 1107.755005 230.592926
1373.153564 1097.753052 218.983765
1380.621948 1097.755005 222.020233
1389.763672 1097.756958 226.540253
1408.988403 1127.760864 251.361786
1397.986206 1117.758911 242.202087
1404.959595 1097.758911 231.647278
1407.598511 1097.760864 233.389679
1419.283325 1137.764771 259.296661
1407.857422 1097.760864 232.423737
1425.761841 1097.764771 235.150665
1425.759644 1107.764771 235.150116
1430.850220 1097.764771 235.478851
1443.474487 1107.766724 234.720398
1433.696899 1167.766724 267.299896
1428.162354 1157.766724 264.781616
1444.442627 1097.766724 234.979797
1456.620605 1097.770630 232.031250
1462.224609 1107.770630 230.427002
1438.522827 1187.768677 268.592987
1462.226807 1097.770630 230.427551
1478.596680 1097.774536 223.425842
1478.594604 1107.774536 223.425262
1481.046265 1097.774536 222.011627
1493.809204 1107.776489 213.008148
1440.002319 1207.768677 266.918884
1493.811279 1097.776489 213.008698
1500.970337 1097.776489 205.609467
1506.641724 1117.778442 199.882202
1435.562500 1247.766724 256.411713
1439.101807 1227.768677 262.536469
1507.611694 1097.778442 200.142090
1516.841187 1097.778442 185.015442
1516.837158 1117.778442 185.014374
1430.610596 1257.764771 247.837952
1518.065918 1097.778442 184.308350
1525.622437 1097.780396 167.698120
1524.393677 1117.780396 168.404175
1527.434204 1097.780396 160.936646
1529.052490 1117.780396 151.017517
1413.495483 1287.760864 226.687531
1423.018066 1277.762817 237.521332
1529.315308 1097.780396 150.052643
1530.041016 1097.778442 135.753235
1529.845581 1127.778442 132.595062
1402.560669 1287.758911 213.404816
1530.110352 1097.778442 131.630707
1527.748779 1097.778442 113.398232
1526.518188 1127.776489 114.103767
1526.593384 1097.776489 109.982826
1520.741211 1127.774536 97.026680
1522.230591 1097.774536 95.355232
1516.573730 1097.774536 85.557274
1511.807617 1127.772583 80.139076
1365.373169 1297.749146 174.452698
1378.498657 1297.751099 187.287170
1390.399170 1297.755005 200.828644
1513.038208 1097.772583 79.433556
1501.396362 1097.770630 64.926079
1499.906860 1127.768677 66.597542
1486.522583 1127.766724 54.729027
1351.990723 1287.745239 162.584717
1488.012085 1097.766724 53.057564
1480.802368 1097.764771 49.055168
1470.430054 1127.762817 45.240654
1328.570313 1277.739380 141.815338
1339.572388 1287.743286 150.975006
1471.660767 1097.762817 44.535126
1456.464600 1097.758911 39.428062
1453.302124 1127.758911 39.615952
1318.018433 1257.737427 134.846893
1323.198730 1237.737427 115.529411
1333.302368 1257.739380 120.307228
1344.115112 1267.741333 126.310295
1356.341919 1277.745239 134.762848
1370.241821 1287.747192 144.698975
1383.626099 1287.751099 156.567505
1396.749756 1297.755005 169.401459
1408.652222 1287.756958 182.943451
1420.552856 1287.760864 196.485016
1430.523926 1277.762817 209.509491
1438.562744 1267.764771 222.016266
1444.928589 1257.766724 233.039459
1449.364746 1237.768677 243.545593
1450.452637 1227.768677 251.084045
1449.869629 1207.770630 257.139496
1445.940674 1187.768677 260.227814
1440.597168 1167.768677 260.866577
1432.613037 1157.766724 259.762512
1423.475220 1137.764771 255.243500
1411.696777 1127.760864 248.981628
1399.469727 1117.758911 240.529053
1386.535889 1107.755005 230.851776
1453.566772 1097.758911 38.651604
1435.662598 1097.755005 35.924744
1434.431763 1127.755005 36.630211
1430.574097 1097.755005 35.596542
1416.718994 1117.751099 37.060486
1310.362305 1247.735474 128.654327
1326.567261 1217.737427 102.973427
1335.774414 1237.739380 103.369896
1347.363525 1247.741333 106.475182
1359.659790 1257.745239 110.805260
1373.111450 1267.747192 118.550713
1387.011475 1277.751099 128.486877
1400.652222 1287.753052 139.388855
1413.777710 1287.756958 152.223297
1426.644409 1287.760864 166.023682
1437.581299 1277.762817 179.306976
1447.293213 1267.766724 193.297302
1454.107422 1257.768677 206.511169
1458.989868 1247.768677 219.207489
1462.199219 1237.770630 230.420166
1461.805664 1217.770630 239.632202
1459.738892 1197.770630 247.360626
1454.324341 1187.770630 252.121460
1447.497314 1167.768677 254.433289
1438.031494 1147.766724 255.002747
1426.442261 1137.764771 251.897430
1414.405029 1127.762817 246.601501
1400.953247 1117.758911 238.855988
1386.794678 1107.755005 229.885864
1416.981812 1097.751099 36.095604
1404.803711 1097.749146 39.044144
1397.968994 1117.747192 41.353889
1303.863647 1227.733521 125.877739
1328.124268 1197.737427 97.178932
1337.661377 1207.739380 92.487480
1348.352051 1227.741333 91.210915
1360.458740 1237.743286 92.384361
1373.720825 1247.747192 96.973213
1388.656128 1257.749146 103.045662
1402.814819 1267.753052 112.015862
1417.423828 1267.756958 123.177269
1430.806152 1277.758911 135.045227
1442.708862 1267.762817 148.587311
1453.125977 1267.764771 163.801910
1462.837891 1257.768677 177.792236
1469.134644 1247.770630 192.938019
1472.792114 1237.770630 206.341370
1473.551880 1227.772583 218.968262
1472.899536 1207.772583 229.146240
1468.381470 1197.772583 238.288361
1461.485229 1177.770630 244.722748
1453.172729 1167.770630 248.707062
1442.482178 1147.768677 249.983643
1429.409424 1137.764771 248.551361
1415.888550 1127.762817 244.928467
1402.178223 1117.758911 238.148956
1387.053589 1107.755005 228.919922
1300.003906 1207.733521 124.843498
1328.388916 1167.737427 96.214592
1336.768677 1187.739380 88.107170
1347.530640 1197.741333 82.708641
1359.445923 1217.743286 80.724937
1373.036377 1227.745239 80.225380
1387.782104 1237.749146 83.141197
1402.717285 1247.751099 89.213615
1418.100708 1257.755005 97.476707
1432.002686 1257.758911 107.413399
1446.093994 1257.760864 120.506630
1457.994629 1257.764771 134.048157
1468.670654 1257.768677 148.296814
1476.899170 1247.770630 163.960266
1482.229736 1237.772583 178.847168
1485.369629 1227.772583 194.182373
1484.904907 1217.774536 207.516418
1482.768799 1197.774536 219.367371
1476.767334 1187.774536 230.182587
1468.646118 1167.772583 237.324005
1458.850342 1157.770630 242.981445
1446.674072 1147.768677 245.930481
1433.344604 1127.766724 245.464691
1418.598755 1117.762817 242.548828
1403.404785 1107.758911 237.442352
1388.019287 1107.756958 229.178711
1399.197632 1097.749146 40.647827
1382.827637 1097.745239 47.649544
1381.598999 1117.745239 48.355614
1380.378174 1097.745239 49.063759
1366.384399 1117.743286 58.772743
1298.524170 1187.733521 126.517570
1328.064697 1147.737427 101.304085
1335.289063 1167.737427 89.781288
1343.929688 1177.739380 80.708473
1355.916260 1187.741333 74.602791
1369.576050 1197.743286 69.980705
1384.130249 1217.747192 69.739403
1399.134888 1227.749146 71.689323
1415.555664 1227.753052 76.089256
1430.939087 1237.756958 84.352348
1446.065796 1237.760864 93.581902
1460.157104 1237.764771 106.675148
1472.057861 1237.766724 120.216698
1482.474976 1237.770630 135.431274
1489.737427 1227.772583 150.835815
1494.548462 1227.774536 167.654083
1496.722656 1217.774536 182.730530
1494.776001 1197.774536 197.738068
1491.154663 1187.774536 211.261597
1484.187012 1177.774536 221.817932
1475.287476 1167.772583 231.856628
1464.268799 1147.770630 238.221649
1450.867920 1137.768677 241.877808
1436.052979 1127.766724 243.084564
1420.082397 1117.762817 240.875793
1403.922485 1107.758911 235.510498
1388.278198 1107.756958 228.212799
1367.613037 1097.743286 58.066673
1360.453979 1097.741333 65.465919
1353.552002 1107.741333 71.898720
1298.458862 1167.733521 130.641174
1327.410278 1137.737427 111.481514
1333.222412 1147.737427 97.509727
1340.966431 1157.739380 84.055580
1350.831909 1167.741333 74.275703
1363.336182 1177.743286 66.238167
1377.961670 1187.745239 61.874870
1394.001587 1197.749146 59.961098
1410.230835 1207.751099 61.203896
1426.649536 1217.755005 65.603249
1443.518677 1217.758911 72.193871
1458.386597 1217.762817 82.389381
1471.770874 1217.764771 94.257896
1484.637451 1217.768677 108.058250
1493.829834 1217.770630 123.979942
1500.831543 1217.774536 140.349915
1504.678589 1207.774536 156.909851
1506.593750 1197.776489 172.952148
1504.386597 1187.776489 188.925171
1499.540283 1177.776489 203.155762
1491.089111 1167.776489 215.385132
1480.965088 1157.774536 226.130981
1468.460693 1147.772583 234.168488
1453.834961 1137.768677 238.531738
1437.795288 1127.766724 240.445587
1421.565918 1117.762817 239.202759
1405.147095 1107.758911 234.803345
1388.536987 1107.756958 227.246857
1353.812622 1097.741333 70.933296
1343.617188 1097.739380 85.801125
1343.356445 1107.739380 86.766548
1301.737427 1157.733521 137.731323
1327.913208 1117.739380 125.074867
1330.379272 1127.737427 108.135963
1336.450439 1137.739380 93.198280
1345.160278 1147.739380 80.002953
1356.509155 1157.741333 68.549995
1370.238281 1167.743286 59.805397
1385.124756 1167.747192 54.476707
1402.389282 1177.749146 51.855797
1418.877319 1187.753052 52.132668
1436.520874 1197.756958 55.824944
1453.390015 1197.760864 62.415565
1468.516479 1197.762817 71.645088
1482.866699 1197.766724 83.772423
1494.508545 1197.770630 98.279884
1503.959717 1197.772583 113.235649
1510.702637 1197.774536 130.571533
1514.291138 1187.776489 148.097473
1514.015625 1177.778442 164.588074
1511.549438 1167.778442 181.526947
1505.476440 1167.778442 196.464111
1496.766602 1157.776489 209.659485
1485.417603 1147.774536 221.112396
1471.688477 1137.772583 229.856995
1456.804199 1127.770630 235.186249
1440.505493 1117.766724 238.065948
1423.049438 1117.762817 237.529724
1406.371948 1107.760864 234.096283
1389.502930 1107.756958 227.505676
1306.949951 1137.735474 145.339691
1329.828491 1107.739380 141.117218
1329.396851 1117.739380 123.401833
1332.830811 1117.739380 106.722282
1339.419434 1127.739380 89.852715
1349.354248 1137.741333 75.950310
1360.705078 1137.741333 64.497902
1375.658813 1147.745239 55.046165
1392.026733 1157.747192 48.043907
1408.327271 1157.751099 45.164680
1426.040283 1167.753052 44.734467
1443.685791 1167.756958 48.427315
1460.811646 1177.760864 54.051445
1476.904297 1177.764771 63.539818
1491.254395 1177.768677 75.667152
1502.896362 1177.770630 90.174614
1512.088745 1177.774536 106.096306
1517.867554 1167.776489 123.173882
1521.453857 1167.778442 140.699249
1520.919800 1157.778442 158.155823
1517.226929 1157.778442 175.801331
1510.897095 1147.778442 191.704926
1500.962280 1137.776489 205.607330
1489.352539 1137.774536 218.025665
1474.657715 1127.772583 226.511505
1459.255615 1117.770630 233.772552
1441.989014 1117.766724 236.392914
1424.276123 1107.762817 236.823120
1406.630737 1107.760864 233.130341
1343.358398 1097.739380 86.767052
1335.801880 1097.739380 103.377266
1335.799927 1107.739380 103.376747
1334.248901 1097.739380 109.172813
1330.882446 1107.739380 121.729347
1314.540649 1127.737427 155.655792
1332.448975 1107.741333 158.383759
1330.087402 1107.739380 140.151276
1334.314331 1117.739380 105.049248
1341.870972 1117.739380 88.439034
1352.064331 1127.741333 73.570686
1364.640015 1127.743286 61.411171
1378.886719 1137.745239 50.734703
1396.222656 1137.747192 43.991806
1413.748169 1137.751099 40.405540
1431.460938 1147.755005 39.975296
1449.365112 1147.758911 42.702156
1466.493042 1147.762817 48.326820
1482.585571 1147.764771 57.815193
1496.935791 1147.768677 69.942528
1508.577637 1147.772583 84.449989
1517.770020 1147.774536 100.371681
1523.546997 1147.776489 117.448753
1525.908569 1147.778442 135.681213
1525.374268 1137.778442 153.137756
1521.681396 1137.778442 170.783234
1515.090820 1137.778442 187.652252
1504.897461 1127.778442 202.520630
1492.321899 1127.776489 214.680145
1477.109131 1117.772583 225.097809
1460.739136 1117.770630 232.099518
1443.215698 1107.766724 235.686310
1424.534912 1107.762817 235.857208
1332.109009 1097.739380 121.022743
1331.383301 1097.739380 135.322174
1323.804321 1117.739380 167.455475
1339.193726 1097.743286 175.720154
1333.416748 1097.741333 158.643066
1335.000000 1107.743286 179.772827
1347.161377 1097.745239 192.348938
1335.258789 1107.743286 178.806885
1325.287964 1117.741333 165.782471
1336.483521 1107.743286 178.099792
1317.248901 1127.737427 153.275665
1326.771484 1117.741333 164.109436
1310.883057 1137.735474 142.252441
1318.991333 1127.737427 150.636688
1327.996216 1117.741333 163.402313
1336.742310 1107.743286 177.133850
1306.446899 1157.735474 131.746307
1313.850220 1137.737427 138.906372
1321.440796 1127.739380 149.222473
1329.481812 1107.741333 161.729828
1337.708252 1107.743286 177.392670
1347.420166 1097.745239 191.383026
1305.359009 1167.733521 124.207863
1311.865601 1147.735474 126.986565
1318.042114 1137.737427 134.853210
1323.185181 1117.739380 146.584045
1329.740601 1107.741333 160.763885
1337.967041 1107.743286 176.426758
1305.942017 1187.733521 118.152412
1311.293213 1167.735474 117.515724
1316.057495 1147.735474 122.933388
1320.752319 1127.737427 132.473572
1325.634644 1117.739380 145.169830
1330.965332 1107.741333 160.056793
1309.871216 1207.735474 115.064125
1314.066895 1187.735474 111.011986
1317.934692 1167.735474 112.048347
1320.249268 1147.737427 118.880211
1323.719360 1127.737427 129.127502
1327.118286 1117.739380 143.496826
1332.190063 1107.741333 159.349670
1338.225830 1107.743286 175.460846
1348.386108 1097.747192 191.641846
1315.214478 1227.735474 114.425331
1319.481689 1197.735474 106.251213
1321.486694 1177.735474 102.647362
1323.611938 1157.737427 106.322639
1324.443237 1137.737427 114.827583
1325.461792 1127.737427 126.488548
1328.601807 1117.739380 141.823792
1331.313965 1097.739380 139.444672
1333.675537 1097.741333 157.677155
1334.830933 1097.741333 161.092560
1344.850586 1097.745239 185.518097
1431.032959 167.764771 235.527802
1405.142578 167.758911 231.696320
1456.803467 167.770630 232.080200
1481.229004 167.774536 222.060608
1502.119019 167.776489 205.917267
1517.989868 167.778442 185.323242
1527.616943 167.780396 160.985626
1531.189697 167.778442 136.061035
1517.722412 167.774536 85.865059
1528.000854 167.776489 109.324684
1501.579102 167.770630 64.975060
1480.985107 167.764771 49.104134
1456.906372 167.758911 38.511169
1430.757080 167.755005 35.645576
1404.986694 167.749146 39.093178
1380.561157 167.745239 49.112801
1359.929932 167.741333 64.290199
1343.800171 167.739380 85.850166
1334.431885 167.739380 109.221855
1330.600464 167.739380 135.112366
1344.067627 167.745239 185.308319
1334.047974 167.741333 160.882782
1380.804932 167.755005 222.069244
1360.210938 167.749146 206.198334
0
1458
464 470
464 469
467 469
479 485
479 483
481 483
464 474
464 472
471 464
471 472
479 477
484 479
484 477
479 481
475 464
476 464
477 464
487 477
477 465
486 477
464 467
69 19
69 16
11 16
2 72
5 72
5 69
69 11
8 69
22 69
27 69
31 69
31 65
34 65
34 60
36 60
36 57
38 57
38 54
43 54
43 51
46 51
79 486
486 465
80 486
80 465
83 465
484 487
21 484
21 487
487 486
76 487
486 76
461 483
483 485
462 483
462 485
485 484
413 485
413 484
463 413
484 452
463 484
452 463
380 482
482 483
410 482
410 483
483 460
411 483
482 378
482 377
481 482
481 377
481 317
481 316
480 481
480 316
480 286
480 285
479 480
479 285
479 256
478 479
478 256
200 478
478 254
253 478
173 477
477 478
199 477
478 199
477 171
477 170
476 477
476 170
476 145
476 144
475 476
475 144
475 140
475 139
474 475
474 139
474 135
472 474
129 472
472 135
134 472
124 471
471 473
126 471
126 473
473 472
128 473
472 128
115 470
470 471
119 470
119 471
471 123
120 471
470 113
470 112
469 470
469 112
469 109
469 108
468 469
468 108
468 104
468 103
467 468
467 103
467 100
466 467
466 100
94 466
466 98
97 466
89 464
464 466
93 464
466 93
465 464
86 465
464 87
86 464
349 459
320 459
320 458
289 458
289 457
259 457
259 456
228 456
228 455
203 455
203 454
176 454
176 453
148 453
148 175
147 175
462 413
462 414
461 462
461 414
461 384
460 461
460 384
411 460
413 452
413 451
383 451
383 450
459 383
459 450
459 449
458 459
458 449
458 448
457 458
457 448
457 447
456 457
456 447
456 446
455 456
455 446
455 445
454 455
454 445
454 444
453 454
453 444
453 202
175 453
175 202
452 21
452 431
451 452
451 431
451 437
450 451
450 437
450 443
449 450
449 443
449 442
448 449
448 442
448 441
447 448
447 441
447 440
446 447
446 440
446 439
445 446
445 439
445 438
444 445
444 438
444 227
202 444
202 227
443 437
443 436
442 443
442 436
442 435
441 442
441 435
441 434
440 441
440 434
440 433
439 440
439 433
439 432
438 439
438 432
438 258
227 438
227 258
437 431
437 430
436 437
436 430
436 429
435 436
435 429
435 428
434 435
434 428
434 427
433 434
433 427
433 426
432 433
432 426
432 288
258 432
258 288
431 21
431 416
430 431
430 416
430 425
429 430
429 425
429 424
428 429
428 424
428 423
427 428
427 423
427 422
426 427
426 422
426 319
288 426
288 319
35 288
425 416
425 419
424 425
424 419
424 421
423 424
423 421
423 420
422 423
422 420
422 348
319 422
319 348
421 419
421 418
420 421
420 418
420 382
348 420
348 382
419 416
419 417
418 419
418 417
418 412
382 418
382 412
417 416
417 415
412 417
412 415
415 416
24 416
416 21
20 416
29 415
415 24
23 415
376 84
376 88
409 88
409 90
408 90
408 95
407 95
407 99
406 99
406 101
405 101
405 105
404 105
404 110
403 110
403 114
402 114
402 116
401 116
401 121
400 121
400 125
399 125
399 127
398 127
398 130
397 130
397 136
396 136
396 137
395 137
395 141
394 141
394 146
393 146
393 172
392 172
392 174
391 174
391 201
390 201
390 255
389 255
389 257
388 257
388 287
387 287
387 318
386 318
386 379
385 379
384 414
414 413
383 414
413 383
26 412
412 29
28 412
411 384
411 381
410 411
410 381
380 410
80 376
347 80
376 409
409 408
375 409
375 408
408 407
374 408
374 407
407 406
373 407
373 406
406 405
372 406
372 405
405 404
371 405
371 404
404 403
370 404
370 403
403 402
369 403
369 402
402 401
368 402
368 401
401 400
367 401
367 400
400 399
366 400
366 399
399 398
365 399
365 398
398 397
364 398
364 397
397 396
363 397
363 396
396 395
362 396
362 395
395 394
361 395
361 394
394 393
360 394
360 393
393 392
359 393
359 392
392 391
358 392
358 391
391 390
357 391
357 390
390 389
356 390
356 389
389 388
355 389
355 388
388 387
354 388
354 387
387 386
353 387
353 386
386 385
352 386
352 385
385 381
351 385
351 381
381 384
350 381
350 384
384 383
349 384
383 349
25 382
382 26
381 379
380 381
380 379
378 380
379 318
378 379
378 318
377 378
377 318
317 377
347 376
376 375
346 376
346 375
375 374
345 375
345 374
374 373
344 374
344 373
373 372
343 373
343 372
372 371
342 372
342 371
371 370
341 371
341 370
370 369
340 370
340 369
369 368
339 369
339 368
368 367
338 368
338 367
367 366
337 367
337 366
366 365
336 366
336 365
365 364
335 365
335 364
364 363
334 364
334 363
363 362
333 363
333 362
362 361
332 362
332 361
361 360
331 361
331 360
360 359
330 360
330 359
359 358
329 359
329 358
358 357
328 358
328 357
357 356
327 357
327 356
356 355
326 356
326 355
355 354
325 355
325 354
354 353
324 354
324 353
353 352
323 353
323 352
352 351
322 352
322 351
351 350
321 351
321 350
350 349
320 350
349 320
32 348
348 25
30 348
76 347
347 346
315 347
315 346
346 345
314 346
314 345
345 344
313 345
313 344
344 343
312 344
312 343
343 342
311 343
311 342
342 341
310 342
310 341
341 340
309 341
309 340
340 339
308 340
308 339
339 338
307 339
307 338
338 337
306 338
306 337
337 336
305 337
305 336
336 335
304 336
304 335
335 334
303 335
303 334
334 333
302 334
302 333
333 332
301 333
301 332
332 331
300 332
300 331
331 330
299 331
299 330
330 329
298 330
298 329
329 328
297 329
297 328
328 327
296 328
296 327
327 326
295 327
295 326
326 325
294 326
294 325
325 324
293 325
293 324
324 323
292 324
292 323
323 322
291 323
291 322
322 321
290 322
290 321
321 320
289 321
320 289
35 319
319 32
33 319
318 287
317 318
317 287
316 317
316 287
286 316
76 315
315 314
284 315
284 314
314 313
283 314
283 313
313 312
282 313
282 312
312 311
281 312
281 311
311 310
280 311
280 310
310 309
279 310
279 309
309 308
278 309
278 308
308 307
277 308
277 307
307 306
276 307
276 306
306 305
275 306
275 305
305 304
274 305
274 304
304 303
273 304
273 303
303 302
272 303
272 302
302 301
271 302
271 301
301 300
270 301
270 300
300 299
269 300
269 299
299 298
268 299
268 298
298 297
267 298
267 297
297 296
266 297
266 296
296 295
265 296
265 295
295 294
264 295
264 294
294 293
263 294
263 293
293 292
262 293
262 292
292 291
261 292
261 291
291 290
260 291
260 290
290 289
259 290
289 259
287 257
286 287
286 257
285 286
285 257
256 285
76 284
284 283
252 284
252 283
283 282
251 283
251 282
282 281
250 282
250 281
281 280
249 281
249 280
280 279
248 280
248 279
279 278
247 279
247 278
278 277
246 278
246 277
277 276
245 277
245 276
276 275
244 276
244 275
275 274
243 275
243 274
274 273
242 274
242 273
273 272
241 273
241 272
272 271
240 272
240 271
271 270
239 271
239 270
270 269
238 270
238 269
269 268
237 269
237 268
268 267
236 268
236 267
267 266
235 267
235 266
266 265
234 266
234 265
265 264
233 265
233 264
264 263
232 264
232 263
263 262
231 263
231 262
262 261
230 262
230 261
261 260
229 261
229 260
260 259
228 260
259 228
40 258
258 35
37 258
257 255
256 257
256 255
254 256
255 201
254 255
254 201
253 254
253 201
200 253
76 252
252 251
226 252
226 251
251 250
225 251
225 250
250 249
224 250
224 249
249 248
223 249
223 248
248 247
222 248
222 247
247 246
221 247
221 246
246 245
220 246
220 245
245 244
219 245
219 244
244 243
218 244
218 243
243 242
217 243
217 242
242 241
216 242
216 241
241 240
215 241
215 240
240 239
214 240
214 239
239 238
213 239
213 238
238 237
212 238
212 237
237 236
211 237
211 236
236 235
210 236
210 235
235 234
209 235
209 234
234 233
208 234
208 233
233 232
207 233
207 232
232 231
206 232
206 231
231 230
205 231
205 230
230 229
204 230
204 229
229 228
203 229
228 203
44 227
227 40
39 227
21 76
76 226
78 76
78 226
226 225
198 226
198 225
225 224
197 225
197 224
224 223
196 224
196 223
223 222
195 223
195 222
222 221
194 222
194 221
221 220
193 221
193 220
220 219
192 220
192 219
219 218
191 219
191 218
218 217
190 218
190 217
217 216
189 217
189 216
216 215
188 216
188 215
215 214
187 215
187 214
214 213
186 214
186 213
213 212
185 213
185 212
212 211
184 212
184 211
211 210
183 211
183 210
210 209
182 210
182 209
209 208
181 209
181 208
208 207
180 208
180 207
207 206
179 207
179 206
206 205
178 206
178 205
205 204
177 205
177 204
204 203
176 204
203 176
42 202
202 44
201 174
200 201
200 174
199 200
199 174
173 199
78 198
198 197
169 198
169 197
197 196
168 197
168 196
196 195
167 196
167 195
195 194
166 195
166 194
194 193
165 194
165 193
193 192
164 193
164 192
192 191
163 192
163 191
191 190
162 191
162 190
190 189
161 190
161 189
189 188
160 189
160 188
188 187
159 188
159 187
187 186
158 187
158 186
186 185
157 186
157 185
185 184
156 185
156 184
184 183
155 184
155 183
183 182
154 183
154 182
182 181
153 182
153 181
181 180
152 181
152 180
180 179
151 180
151 179
179 178
150 179
150 178
178 177
149 178
149 177
177 176
148 177
176 148
41 175
175 42
174 172
173 174
173 172
171 173
172 146
171 172
171 146
170 171
170 146
145 170
78 169
169 168
77 169
77 168
168 167
82 168
82 167
167 166
81 167
81 166
166 165
85 166
85 165
165 164
92 165
92 164
164 163
91 164
91 163
163 162
96 163
96 162
162 161
102 162
102 161
161 160
107 161
107 160
160 159
106 160
106 159
159 158
111 159
111 158
158 157
118 158
118 157
157 156
117 157
117 156
156 155
122 156
122 155
155 154
133 155
133 154
154 153
132 154
132 153
153 152
131 153
131 152
152 151
138 152
138 151
151 150
143 151
143 150
150 149
142 150
142 149
149 148
147 149
148 147
48 142
142 147
47 142
47 147
147 41
45 147
146 141
145 146
145 141
144 145
144 141
140 144
52 138
138 143
53 138
53 143
143 142
50 143
142 50
141 137
140 141
140 137
139 140
139 137
135 139
55 131
131 138
56 131
138 56
137 136
135 137
136 130
135 136
135 130
134 135
134 130
129 134
61 122
122 133
62 122
62 133
133 132
58 133
58 132
132 131
59 132
131 59
130 127
129 130
129 127
128 129
128 127
126 128
127 125
126 127
126 125
124 126
125 121
124 125
124 121
123 124
123 121
120 123
66 117
117 122
67 117
122 67
121 116
120 121
120 116
119 120
119 116
115 119
68 111
111 118
63 111
63 118
118 117
64 118
117 64
116 114
115 116
115 114
113 115
114 110
113 114
113 110
112 113
112 110
109 112
71 106
106 111
70 106
111 70
110 105
109 110
109 105
108 109
108 105
104 108
75 102
102 107
73 102
107 106
73 107
106 73
105 101
104 105
104 101
103 104
103 101
100 103
0 96
96 102
74 96
102 74
101 99
100 101
100 99
98 100
99 95
98 99
98 95
97 98
97 95
94 97
91 96
6 91
96 6
95 90
94 95
94 90
93 94
93 90
89 93
7 85
85 92
3 85
3 92
92 91
4 92
91 4
90 88
89 90
89 88
87 89
88 84
87 88
87 84
86 87
86 84
83 86
10 81
81 85
9 81
85 9
84 80
83 84
80 83
14 77
77 82
15 77
15 82
82 81
12 82
81 12
80 76
79 80
76 79
21 78
17 78
78 77
18 78
77 18
75 73
72 1
75 72
75 1
74 75
74 1
0 74
73 71
72 73
72 71
69 72
71 70
69 71
70 68
69 70
69 68
65 69
68 63
65 68
67 61
67 60
66 67
60 65
66 60
66 65
64 66
65 63
64 65
63 64
62 58
62 57
61 62
57 60
61 57
60 61
59 55
59 54
58 59
54 57
58 54
57 58
56 52
56 51
55 56
51 54
55 51
54 55
53 50
53 49
52 53
49 51
52 49
51 52
50 48
49 50
49 48
46 49
48 47
46 48
47 45
46 47
46 45
43 46
45 41
43 45
44 39
38 43
44 38
44 43
42 44
43 41
42 43
41 42
40 37
40 36
39 40
36 38
39 36
38 39
37 35
34 36
37 34
36 37
35 33
34 35
34 33
31 34
33 32
31 33
32 30
31 32
31 30
27 31
30 25
27 30
29 23
29 22
28 29
22 27
28 22
28 27
26 28
27 25
26 27
25 26
24 20
24 19
23 24
19 22
23 19
22 23
21 17
21 16
20 21
16 19
20 16
19 20
18 14
18 13
17 18
13 16
17 13
16 17
15 12
15 11
14 15
11 13
14 11
13 14
12 10
11 12
11 10
8 11
10 9
8 10
9 7
8 9
8 7
5 8
7 3
5 7
6 0
2 5
6 2
6 5
4 6
5 3
4 5
3 4
2 0
1 2
0 1
971
3 1458 1457 1456
3 1455 1454 1453
3 -1454 1452 1451
3 -1451 1450 1449
3 -1450 1448 -1456
3 -1453 1447 1446
3 -1447 1445 1444
3 -1444 1443 1442
3 -1443 1441 1440
3 -1441 1439 1438
3 -1438 1437 1436
3 1435 1434 1433
3 -1434 1432 1431
3 -1431 1430 -1437
3 1429 1428 1427
3 -1428 1426 1425
3 -1425 1424 -1435
3 1423 1422 1421
3 -1422 1420 1419
3 -1419 1418 -1429
3 1417 1416 1415
3 -1416 1414 1413
3 -1413 1412 -1423
3 1411 1410 1409
3 -1410 1408 1407
3 -1407 1406 1405
3 -1406 1404 1403
3 -1403 1402 -1417
3 -1409 1401 1400
3 -1401 1399 1398
3 -1398 1397 1396
3 -1397 1395 1394
3 -1395 1393 1392
3 -1392 1391 1390
3 1389 1388 1387
3 -1388 1386 -1391
3 1385 1384 1383
3 -1384 1382 1381
3 -1381 1380 -1389
3 1379 1378 1377
3 -1378 1376 1375
3 -1375 1374 1373
3 -1374 1372 -1385
3 -1377 1371 1370
3 -1371 1369 1368
3 -1368 1367 1366
3 -1367 1365 1364
3 -1365 1363 1362
3 -1362 1361 1360
3 1359 1358 1357
3 -1358 1356 1355
3 -1355 1354 -1361
3 1353 1352 1351
3 -1352 1350 1349
3 -1349 1348 -1359
3 1347 1346 1345
3 -1346 1344 1343
3 -1343 1342 -1353
3 1341 1340 1339
3 -1340 1338 1337
3 -1337 1336 -1347
3 1335 1334 1333
3 -1334 1332 1331
3 -1331 1330 1329
3 -1330 1328 1327
3 -1327 1326 -1341
3 -1333 1325 1324
3 -1325 1323 1322
3 -1322 1321 1320
3 -1321 1319 1318
3 -1319 1317 1316
3 -1316 1315 1314
3 1313 1312 -1458
3 -1312 1311 1310
3 -1310 1309 1308
3 -1309 1307 -1315
3 1306 1305 1304
3 -1305 -1426 1303
3 -1303 -1418 1302
3 1301 1300 1299
3 1298 1297 1296
3 -1297 -1430 1295
3 -1295 1294 1293
3 -1294 -1432 1292
3 -1292 -1424 -1306
3 1291 1290 1289
3 1288 1287 1286
3 -1287 -1440 1285
3 -1285 -1436 -1298
3 1284 1283 -1290
3 -1283 1282 1281
3 -1281 1280 1279
3 -1280 1278 1277
3 -1277 1276 1275
3 1274 1273 1272
3 -1273 -1455 1271
3 -1271 1270 1269
3 -1270 -1446 1268
3 -1268 -1442 -1288
3 1267 1266 -1276
3 -1266 1265 1264
3 -1264 1263 1262
3 1261 1260 1259
3 -1260 -1452 -1274
3 1258 1257 -1263
3 -1257 1256 1255
3 -1255 1254 1253
3 -1254 1252 1251
3 -1251 1250 1249
3 1248 1247 1246
3 -1247 -1313 1245
3 -1245 -1448 -1261
3 1244 1243 -1250
3 -1243 1242 1241
3 -1241 1240 1239
3 1238 1237 1236
3 -1237 1235 1234
3 -1235 -1307 1233
3 -1233 -1311 -1248
3 1232 1231 -1240
3 -1231 1230 1229
3 -1229 1228 1227
3 1226 1225 1224
3 -1225 -1318 1223
3 -1223 -1314 -1238
3 1222 1221 -1228
3 -1221 1220 1219
3 -1219 1218 1217
3 -1218 1216 1215
3 -1215 1214 1213
3 1212 1211 1210
3 -1211 -1335 1209
3 -1209 1208 1207
3 -1208 -1324 1206
3 -1206 -1320 -1226
3 1205 1204 -1214
3 -1204 1203 1202
3 -1202 1201 1200
3 1199 1198 1197
3 -1198 -1328 1196
3 -1196 -1332 -1212
3 1195 1194 -1201
3 -1194 1193 1192
3 -1192 1191 1190
3 -1191 1189 1188
3 -1188 1187 1186
3 1185 1184 -1187
3 -1184 1183 1182
3 -1182 1181 1180
3 1179 1178 1177
3 -1178 -1344 1176
3 -1176 1175 1174
3 -1175 -1336 1173
3 -1173 1172 1171
3 -1172 -1338 1170
3 -1170 -1326 -1199
3 1169 1168 -1181
3 -1168 1167 1166
3 -1166 1165 1164
3 -1165 1163 1162
3 1161 1160 1159
3 -1160 -1350 1158
3 -1158 -1342 -1179
3 1157 1156 -1163
3 -1156 1155 1154
3 -1154 1153 1152
3 1151 1150 1149
3 -1150 -1354 1148
3 -1148 1147 1146
3 -1147 -1356 1145
3 -1145 -1348 -1161
3 1144 1143 -1153
3 -1143 1142 1141
3 -1141 1140 1139
3 -1370 1138 1137
3 -1138 -1366 1136
3 -1136 1135 1134
3 -1135 -1364 1133
3 -1133 -1360 -1151
3 1132 1131 1130
3 -1131 -1134 1129
3 -1129 1128 1127
3 -1128 -1149 1126
3 -1126 1125 1124
3 -1125 -1146 1123
3 -1123 1122 1121
3 -1122 -1159 1120
3 -1120 1119 1118
3 -1119 -1177 1117
3 -1117 1116 1115
3 -1116 -1174 1114
3 -1114 1113 1112
3 -1113 -1171 1111
3 -1111 1110 1109
3 -1110 -1197 1108
3 -1108 1107 1106
3 -1107 -1210 1105
3 -1105 1104 1103
3 -1104 -1207 1102
3 -1102 1101 1100
3 -1101 -1224 1099
3 -1099 1098 1097
3 -1098 -1236 1096
3 -1096 1095 1094
3 -1095 -1234 1093
3 -1093 1092 1091
3 -1092 -1246 1090
3 -1090 1089 1088
3 -1089 -1259 1087
3 -1087 1086 1085
3 -1086 -1272 1084
3 -1084 1083 1082
3 -1083 -1269 1081
3 -1081 1080 1079
3 -1080 -1286 1078
3 -1078 1077 1076
3 -1077 -1296 1075
3 -1075 1074 1073
3 -1074 -1293 1072
3 -1072 1071 1070
3 -1071 -1304 1069
3 1068 1067 -1140
3 -1067 1066 1065
3 -1065 1064 1063
3 -1064 1062 1061
3 -1061 1060 1059
3 1058 -1379 1057
3 1056 1055 1054
3 -1055 -1130 1053
3 -1053 1052 1051
3 -1052 -1127 1050
3 -1050 1049 1048
3 -1049 -1124 1047
3 -1047 1046 1045
3 -1046 -1121 1044
3 -1044 1043 1042
3 -1043 -1118 1041
3 -1041 1040 1039
3 -1040 -1115 1038
3 -1038 1037 1036
3 -1037 -1112 1035
3 -1035 1034 1033
3 -1034 -1109 1032
3 -1032 1031 1030
3 -1031 -1106 1029
3 -1029 1028 1027
3 -1028 -1103 1026
3 -1026 1025 1024
3 -1025 -1100 1023
3 -1023 1022 1021
3 -1022 -1097 1020
3 -1020 1019 1018
3 -1019 -1094 1017
3 -1017 1016 1015
3 -1016 -1091 1014
3 -1014 1013 1012
3 -1013 -1088 1011
3 -1011 1010 1009
3 -1010 -1085 1008
3 -1008 1007 1006
3 -1007 -1082 1005
3 -1005 1004 1003
3 -1004 -1079 1002
3 -1002 1001 1000
3 -1001 -1076 999
3 -999 998 997
3 -998 -1073 996
3 -996 995 994
3 -995 -1070 993
3 -993 992 991
3 -992 -1069 990
3 989 988 -1060
3 -988 987 986
3 -986 985 984
3 983 -1376 982
3 981 980 979
3 -980 -1054 978
3 -978 977 976
3 -977 -1051 975
3 -975 974 973
3 -974 -1048 972
3 -972 971 970
3 -971 -1045 969
3 -969 968 967
3 -968 -1042 966
3 -966 965 964
3 -965 -1039 963
3 -963 962 961
3 -962 -1036 960
3 -960 959 958
3 -959 -1033 957
3 -957 956 955
3 -956 -1030 954
3 -954 953 952
3 -953 -1027 951
3 -951 950 949
3 -950 -1024 948
3 -948 947 946
3 -947 -1021 945
3 -945 944 943
3 -944 -1018 942
3 -942 941 940
3 -941 -1015 939
3 -939 938 937
3 -938 -1012 936
3 -936 935 934
3 -935 -1009 933
3 -933 932 931
3 -932 -1006 930
3 -930 929 928
3 -929 -1003 927
3 -927 926 925
3 -926 -1000 924
3 -924 923 922
3 -923 -997 921
3 -921 920 919
3 -920 -994 918
3 -918 917 916
3 -917 -991 915
3 -915 914 913
3 -914 -990 912
3 -912 911 910
3 -911 -1302 909
3 -1382 908 907
3 -908 -1372 906
3 905 904 903
3 -904 -979 902
3 -902 901 900
3 -901 -976 899
3 -899 898 897
3 -898 -973 896
3 -896 895 894
3 -895 -970 893
3 -893 892 891
3 -892 -967 890
3 -890 889 888
3 -889 -964 887
3 -887 886 885
3 -886 -961 884
3 -884 883 882
3 -883 -958 881
3 -881 880 879
3 -880 -955 878
3 -878 877 876
3 -877 -952 875
3 -875 874 873
3 -874 -949 872
3 -872 871 870
3 -871 -946 869
3 -869 868 867
3 -868 -943 866
3 -866 865 864
3 -865 -940 863
3 -863 862 861
3 -862 -937 860
3 -860 859 858
3 -859 -934 857
3 -857 856 855
3 -856 -931 854
3 -854 853 852
3 -853 -928 851
3 -851 850 849
3 -850 -925 848
3 -848 847 846
3 -847 -922 845
3 -845 844 843
3 -844 -919 842
3 -842 841 840
3 -841 -916 839
3 -839 838 837
3 -838 -913 836
3 -836 835 834
3 -835 -910 833
3 832 831 -985
3 -831 830 829
3 -829 828 827
3 -828 826 825
3 -825 824 823
3 -1386 822 821
3 -822 -1380 820
3 819 818 817
3 -818 -903 816
3 -816 815 814
3 -815 -900 813
3 -813 812 811
3 -812 -897 810
3 -810 809 808
3 -809 -894 807
3 -807 806 805
3 -806 -891 804
3 -804 803 802
3 -803 -888 801
3 -801 800 799
3 -800 -885 798
3 -798 797 796
3 -797 -882 795
3 -795 794 793
3 -794 -879 792
3 -792 791 790
3 -791 -876 789
3 -789 788 787
3 -788 -873 786
3 -786 785 784
3 -785 -870 783
3 -783 782 781
3 -782 -867 780
3 -780 779 778
3 -779 -864 777
3 -777 776 775
3 -776 -861 774
3 -774 773 772
3 -773 -858 771
3 -771 770 769
3 -770 -855 768
3 -768 767 766
3 -767 -852 765
3 -765 764 763
3 -764 -849 762
3 -762 761 760
3 -761 -846 759
3 -759 758 757
3 -758 -843 756
3 -756 755 754
3 -755 -840 753
3 -753 752 751
3 -752 -837 750
3 -750 749 748
3 -749 -834 747
3 -747 746 745
3 -746 -833 744
3 743 742 -824
3 -742 741 740
3 -740 739 738
3 737 736 735
3 -736 -817 734
3 -734 733 732
3 -733 -814 731
3 -731 730 729
3 -730 -811 728
3 -728 727 726
3 -727 -808 725
3 -725 724 723
3 -724 -805 722
3 -722 721 720
3 -721 -802 719
3 -719 718 717
3 -718 -799 716
3 -716 715 714
3 -715 -796 713
3 -713 712 711
3 -712 -793 710
3 -710 709 708
3 -709 -790 707
3 -707 706 705
3 -706 -787 704
3 -704 703 702
3 -703 -784 701
3 -701 700 699
3 -700 -781 698
3 -698 697 696
3 -697 -778 695
3 -695 694 693
3 -694 -775 692
3 -692 691 690
3 -691 -772 689
3 -689 688 687
3 -688 -769 686
3 -686 685 684
3 -685 -766 683
3 -683 682 681
3 -682 -763 680
3 -680 679 678
3 -679 -760 677
3 -677 676 675
3 -676 -757 674
3 -674 673 672
3 -673 -754 671
3 -671 670 669
3 -670 -751 668
3 -668 667 666
3 -667 -748 665
3 -665 664 663
3 -664 -745 662
3 -662 661 660
3 -661 -744 659
3 658 657 -739
3 -657 656 655
3 -655 654 653
3 -1394 652 651
3 -652 -1390 650
3 649 648 647
3 -648 -735 646
3 -646 645 644
3 -645 -732 643
3 -643 642 641
3 -642 -729 640
3 -640 639 638
3 -639 -726 637
3 -637 636 635
3 -636 -723 634
3 -634 633 632
3 -633 -720 631
3 -631 630 629
3 -630 -717 628
3 -628 627 626
3 -627 -714 625
3 -625 624 623
3 -624 -711 622
3 -622 621 620
3 -621 -708 619
3 -619 618 617
3 -618 -705 616
3 -616 615 614
3 -615 -702 613
3 -613 612 611
3 -612 -699 610
3 -610 609 608
3 -609 -696 607
3 -607 606 605
3 -606 -693 604
3 -604 603 602
3 -603 -690 601
3 -601 600 599
3 -600 -687 598
3 -598 597 596
3 -597 -684 595
3 -595 594 593
3 -594 -681 592
3 -592 591 590
3 -591 -678 589
3 -589 588 587
3 -588 -675 586
3 -586 585 584
3 -585 -672 583
3 -583 582 581
3 -582 -669 580
3 -580 579 578
3 -579 -666 577
3 -577 576 575
3 -576 -663 574
3 -574 573 572
3 -573 -660 571
3 -571 570 569
3 -570 -659 568
3 -1400 567 566
3 -567 -1396 565
3 564 563 562
3 -563 -647 561
3 -561 560 559
3 -560 -644 558
3 -558 557 556
3 -557 -641 555
3 -555 554 553
3 -554 -638 552
3 -552 551 550
3 -551 -635 549
3 -549 548 547
3 -548 -632 546
3 -546 545 544
3 -545 -629 543
3 -543 542 541
3 -542 -626 540
3 -540 539 538
3 -539 -623 537
3 -537 536 535
3 -536 -620 534
3 -534 533 532
3 -533 -617 531
3 -531 530 529
3 -530 -614 528
3 -528 527 526
3 -527 -611 525
3 -525 524 523
3 -524 -608 522
3 -522 521 520
3 -521 -605 519
3 -519 518 517
3 -518 -602 516
3 -516 515 514
3 -515 -599 513
3 -513 512 511
3 -512 -596 510
3 -510 509 508
3 -509 -593 507
3 -507 506 505
3 -506 -590 504
3 -504 503 502
3 -503 -587 501
3 -501 500 499
3 -500 -584 498
3 -498 497 496
3 -497 -581 495
3 -495 494 493
3 -494 -578 492
3 -492 491 490
3 -491 -575 489
3 -489 488 487
3 -488 -572 486
3 -486 485 484
3 -485 -569 483
3 482 481 -654
3 -481 480 479
3 -479 478 477
3 -478 476 475
3 -475 474 473
3 472 -1411 471
3 470 469 468
3 -469 -562 467
3 -467 466 465
3 -466 -559 464
3 -464 463 462
3 -463 -556 461
3 -461 460 459
3 -460 -553 458
3 -458 457 456
3 -457 -550 455
3 -455 454 453
3 -454 -547 452
3 -452 451 450
3 -451 -544 449
3 -449 448 447
3 -448 -541 446
3 -446 445 444
3 -445 -538 443
3 -443 442 441
3 -442 -535 440
3 -440 439 438
3 -439 -532 437
3 -437 436 435
3 -436 -529 434
3 -434 433 432
3 -433 -526 431
3 -431 430 429
3 -430 -523 428
3 -428 427 426
3 -427 -520 425
3 -425 424 423
3 -424 -517 422
3 -422 421 420
3 -421 -514 419
3 -419 418 417
3 -418 -511 416
3 -416 415 414
3 -415 -508 413
3 -413 412 411
3 -412 -505 410
3 -410 409 408
3 -409 -502 407
3 -407 406 405
3 -406 -499 404
3 -404 403 402
3 -403 -496 401
3 -401 400 399
3 -400 -493 398
3 -398 397 396
3 -397 -490 395
3 -395 394 393
3 -394 -487 392
3 -392 391 390
3 -391 -484 389
3 -483 388 387
3 -388 -568 -1299
3 386 385 -474
3 -385 384 383
3 -383 382 -465
3 -1404 381 380
3 -381 -1408 379
3 378 377 376
3 -377 -468 375
3 -462 374 -473
3 -374 -459 373
3 -373 372 -477
3 -372 -456 371
3 -371 370 -653
3 -370 -453 369
3 -369 368 -738
3 -368 -450 367
3 -367 366 -823
3 -366 -447 365
3 -365 364 -827
3 -364 -444 363
3 -363 362 -984
3 -362 -441 361
3 -361 360 -1059
3 -360 -438 359
3 -359 358 -1063
3 -358 -435 357
3 -357 356 -1139
3 -356 -432 355
3 -355 354 -1152
3 -354 -429 353
3 -353 352 -1162
3 -352 -426 351
3 -351 350 -1164
3 -350 -423 349
3 -349 348 -1180
3 -348 -420 347
3 -347 346 -1186
3 -346 -417 345
3 -345 344 -1190
3 -344 -414 343
3 -343 342 -1200
3 -342 -411 341
3 -341 340 -1213
3 -340 -408 339
3 -339 338 -1217
3 -338 -405 337
3 -337 336 -1227
3 -336 -402 335
3 -335 334 -1239
3 -334 -399 333
3 -333 332 -1249
3 -332 -396 331
3 -331 330 -1253
3 -330 -393 329
3 -329 328 -1262
3 -328 -390 327
3 -327 326 -1275
3 -326 -389 325
3 -325 324 -1279
3 -324 -387 -1289
3 -1414 323 322
3 -323 -1402 321
3 -1420 320 319
3 -320 -1412 318
3 -322 317 -318
3 -380 316 -321
3 -316 315 314
3 -314 313 -317
3 -472 312 -379
3 -312 311 310
3 -310 309 -315
3 -309 308 307
3 -307 306 -313
3 -566 305 -471
3 -305 304 303
3 -303 302 -311
3 -302 301 300
3 -300 299 -308
3 -651 298 -565
3 -298 297 296
3 -296 295 -304
3 -295 294 293
3 -293 292 -301
3 -292 291 290
3 -290 289 -299
3 -289 288 287
3 -287 286 -306
3 285 284 -650
3 -284 283 282
3 -282 281 -297
3 -281 280 279
3 -279 278 -294
3 -278 277 276
3 -276 275 -291
3 -275 274 273
3 -273 272 -288
3 -272 271 270
3 -270 269 -286
3 -269 268 267
3 -267 266 -319
3 -821 265 -285
3 -265 264 263
3 -263 262 -283
3 -262 261 260
3 -260 259 -280
3 -259 258 257
3 -257 256 -277
3 -256 255 254
3 -254 253 -274
3 -253 252 251
3 -251 250 -271
3 -250 249 248
3 -248 247 -268
3 -907 246 -820
3 -246 245 244
3 -244 243 -264
3 -243 242 241
3 -241 240 -261
3 -240 239 238
3 -238 237 -258
3 -237 236 235
3 -235 234 -255
3 -234 233 232
3 -232 231 -252
3 -231 230 229
3 -229 228 -249
3 -983 227 -906
3 -227 226 225
3 -225 224 -245
3 -224 223 222
3 -222 221 -242
3 -221 220 219
3 -219 218 -239
3 -218 217 216
3 -216 215 -236
3 -215 214 213
3 -213 212 -233
3 -212 211 210
3 -210 209 -230
3 -209 208 207
3 -207 206 -228
3 -206 205 204
3 -204 203 -247
3 -203 202 201
3 -201 200 -266
3 -1058 199 -982
3 -199 198 197
3 -197 196 -226
3 -196 195 194
3 -194 193 -223
3 -193 192 191
3 -191 190 -220
3 -190 189 188
3 -188 187 -217
3 -187 186 185
3 -185 184 -214
3 -184 183 182
3 -182 181 -211
3 -181 180 179
3 -179 178 -208
3 -178 177 176
3 -176 175 -205
3 -175 -378 174
3 -174 173 -202
3 172 171 -382
3 -171 170 169
3 -169 168 -375
3 -168 167 166
3 -166 165 -376
3 -1137 164 -1057
3 -164 -1132 163
3 -163 162 -198
3 -162 -1056 161
3 -161 160 -195
3 -160 -981 159
3 -159 158 -192
3 -158 -905 157
3 -157 156 -189
3 -156 -819 155
3 -155 154 -186
3 -154 -737 153
3 -153 152 -183
3 -152 -649 151
3 -151 150 -180
3 -150 -564 149
3 -149 -470 -177
3 -1282 148 147
3 -148 146 145
3 144 143 142
3 -143 -1267 141
3 -141 -1278 -147
3 -1256 140 139
3 -140 -1258 138
3 -138 -1265 -144
3 -139 137 -1252
3 -137 136 135
3 -135 134 -1244
3 -134 133 132
3 -132 131 -1242
3 -131 130 -1232
3 -130 129 128
3 -128 127 -1230
3 -127 126 -1222
3 -126 125 124
3 -124 123 -1220
3 -1195 122 121
3 -122 -1203 120
3 -120 119 118
3 -119 -1205 117
3 -117 -1216 -123
3 116 115 114
3 -115 -1185 113
3 -113 112 111
3 -112 -1189 110
3 -110 -1193 -121
3 -1167 109 108
3 -109 -1169 107
3 -107 -1183 -116
3 -108 106 105
3 -105 104 -1157
3 -104 103 102
3 -102 101 -1155
3 -101 100 -1144
3 -100 99 98
3 -98 97 -1142
3 -97 96 -1068
3 -96 95 94
3 -94 93 -1066
3 92 91 90
3 -91 -989 89
3 -89 -1062 -93
3 -830 88 87
3 -88 -832 86
3 -86 -987 -92
3 -87 85 -826
3 -85 84 83
3 -83 82 -743
3 -82 81 80
3 -80 79 -741
3 -79 78 -658
3 -78 77 76
3 -76 75 -656
3 -75 74 -482
3 -74 73 72
3 -72 71 -480
3 -172 70 69
3 -70 -384 68
3 -68 67 66
3 -67 -386 65
3 -65 -476 -71
3 64 63 62
3 -63 61 60
3 -60 59 58
3 -59 -165 57
3 -57 56 55
3 -56 -167 54
3 -54 -170 -69
3 53 52 51
3 -52 -909 50
3 -50 49 48
3 -49 -200 -62
3 -1284 47 -146
3 -47 -1291 46
3 -46 45 44
3 -45 -1300 43
3 -43 -1301 -53
3 -1363 42 -1357
3 -42 -1369 41
3 -41 40 -1351
3 -40 -1373 39
3 -39 38 -1345
3 -38 -1383 37
3 -37 36 -1339
3 -36 -1387 35
3 -35 34 -1329
3 -34 -1393 33
3 -33 32 -1323
3 -32 -1399 31
3 -31 -1405 30
3 -1439 29 28
3 -29 -1445 27
3 -27 26 -1317
3 -26 -1449 25
3 -25 -1457 -1308
3 -1433 24 -1427
3 -24 -28 23
3 -23 22 -1421
3 -22 -30 -1415
3 -136 -142 21
3 -44 20 19
3 -20 -51 18
3 -19 17 -145
3 -17 -95 16
3 -16 -99 15
3 -77 -81 14
3 -48 13 -18
3 -13 12 11
3 -11 -84 -90
3 -111 10 -114
3 -10 9 8
3 -8 7 -106
3 -7 -15 -103
3 -73 6 -66
3 -6 -14 5
3 -5 4 -55
3 -4 -12 -58
3 -133 3 -129
3 -3 -21 2
3 -2 1 -125
3 -1 -9 -118
0
0
