12
0
0
0
1
5
*
116
-3.802000 -39.819000 0.000003
-11.269000 -38.380001 0.000003
-27.052000 -74.383995 0.000006
7.570000 39.276997 -0.000003
14.866000 37.135002 -0.000003
21.625999 33.650002 -0.000003
27.603001 28.948999 -0.000002
32.583000 23.202000 -0.000002
36.384998 16.617001 -0.000001
38.872002 9.429999 -0.000001
39.955002 1.903000 0.000000
180.769989 75.000000 -0.000006
39.592999 -5.693000 0.000000
37.799999 -13.083000 0.000001
18.329000 -35.553001 0.000003
11.269000 -38.380001 0.000003
-19.230001 -75.000000 0.000006
3.802000 -39.819000 0.000003
0.000000 -40.000000 0.000003
-34.681000 -72.553001 0.000005
-18.329000 -35.553001 0.000003
-41.930000 -69.550003 0.000005
-48.618999 -65.451004 0.000005
-24.726000 -31.442001 0.000002
-54.584999 -60.355000 0.000005
-59.681000 -54.389000 0.000004
-30.230001 -26.194000 0.000002
-63.780003 -47.700001 0.000004
34.641003 -20.000000 0.000002
180.769989 -75.000000 0.000006
30.230001 -26.194000 0.000002
24.726000 -31.442001 0.000002
-66.783005 -40.451000 0.000003
-34.641003 -20.000000 0.000002
-68.613998 -32.822002 0.000002
-37.799999 -13.083000 0.000001
-39.592999 -5.693000 0.000000
-41.930000 69.550003 -0.000005
-34.681000 72.553001 -0.000005
-27.052000 74.383995 -0.000006
-69.229996 -25.000000 0.000002
-39.955002 1.903000 0.000000
-38.872002 9.429999 -0.000001
-36.384998 16.617001 -0.000001
-32.583000 23.202000 -0.000002
-27.603001 28.948999 -0.000002
-48.618999 65.451004 -0.000005
-54.584999 60.355000 -0.000005
-59.681000 54.389000 -0.000004
-21.625999 33.650002 -0.000003
-14.866000 37.135002 -0.000003
-68.613998 32.822002 -0.000002
-69.229996 25.000000 -0.000002
-63.780003 47.700001 -0.000004
-66.783005 40.451000 -0.000003
-7.570000 39.276997 -0.000003
0.000000 40.000000 -0.000003
-19.230001 75.000000 -0.000006
-63.780003 47.700005 49.999996
-66.783005 40.451004 49.999996
-36.384998 16.617004 50.000000
-68.613998 32.822006 49.999996
-38.872002 9.430003 50.000000
-39.955002 1.903004 50.000000
-41.930000 69.550003 49.999996
-34.681000 72.553001 49.999996
-27.052000 74.383995 49.999996
-54.584999 60.355003 49.999996
-48.618999 65.451004 49.999996
-21.625999 33.650005 49.999996
-59.681000 54.389004 49.999996
-27.603001 28.949003 49.999996
-32.583000 23.202003 50.000000
-69.229996 25.000004 50.000000
-39.592999 -5.692996 50.000000
-69.229996 -24.999996 50.000000
-37.799999 -13.082996 50.000000
-68.613998 -32.821999 50.000004
-66.783005 -40.450996 50.000004
-34.641003 -19.999996 50.000000
-63.780003 -47.699997 50.000004
-59.681000 -54.388996 50.000004
-30.230001 -26.193996 50.000004
-54.584999 -60.354996 50.000004
-48.618999 -65.451004 50.000004
-24.726000 -31.441998 50.000004
-41.930000 -69.550003 50.000004
-34.681000 -72.553001 50.000004
-18.329000 -35.552998 50.000004
-27.052000 -74.383995 50.000004
-11.269000 -38.379997 50.000004
-3.802000 -39.818996 50.000004
24.726000 -31.441998 50.000004
30.230001 -26.193996 50.000004
34.641003 -19.999996 50.000000
37.799999 -13.082996 50.000000
39.592999 -5.692996 50.000000
0.000000 -39.999996 50.000004
3.802000 -39.818996 50.000004
11.269000 -38.379997 50.000004
14.866000 37.135006 49.999996
7.570000 39.277000 49.999996
0.000000 40.000004 49.999996
18.329000 -35.552998 50.000004
-19.230001 -75.000000 50.000004
180.769989 -75.000000 50.000004
39.955002 1.903004 50.000000
38.872002 9.430003 50.000000
36.384998 16.617004 50.000000
32.583000 23.202003 50.000000
180.769989 75.000000 49.999996
27.603001 28.949003 49.999996
21.625999 33.650005 49.999996
-19.230001 75.000000 49.999996
-7.570000 39.277000 49.999996
-14.866000 37.135006 49.999996
0
348
115 114
114 113
113 115
112 111
111 110
110 112
111 109
109 110
109 108
108 110
108 107
107 110
107 106
106 110
106 105
105 110
104 105
105 103
103 104
114 102
102 113
102 101
101 113
101 110
110 113
101 100
100 110
100 112
103 99
99 104
99 98
98 104
98 97
97 104
106 96
96 105
96 95
95 105
95 94
94 105
94 93
93 105
93 92
92 105
92 103
97 91
91 104
91 90
90 104
90 89
89 104
90 88
88 89
88 87
87 89
88 86
86 87
88 85
85 86
85 84
84 86
85 83
83 84
85 82
82 83
82 81
81 83
82 80
80 81
82 79
79 80
79 78
78 80
79 77
77 78
79 76
76 77
76 75
75 77
76 74
74 75
74 73
73 75
72 71
71 70
70 72
69 68
68 71
71 69
68 67
67 71
67 70
113 66
66 115
66 65
65 115
65 69
69 115
65 64
64 69
64 68
74 63
63 73
63 62
62 73
62 61
61 73
62 60
60 61
60 59
59 61
60 72
72 59
72 58
58 59
70 58
57 56
56 55
55 57
54 53
53 55
55 54
52 51
51 54
54 52
55 52
55 50
50 52
50 49
49 52
53 48
48 55
48 47
47 55
47 46
46 55
49 45
45 52
45 44
44 52
44 43
43 52
43 42
42 52
42 41
41 52
41 40
40 52
39 57
57 38
38 39
55 38
55 37
37 38
46 37
41 36
36 40
36 35
35 40
35 34
34 40
35 33
33 34
33 32
32 34
31 30
30 29
29 31
30 28
28 29
33 27
27 32
33 26
26 27
26 25
25 27
26 24
24 25
26 23
23 24
23 22
22 24
23 21
21 22
23 20
20 21
20 19
19 21
18 17
17 16
16 18
17 15
15 16
15 29
29 16
15 14
14 29
14 31
28 13
13 29
13 12
12 29
12 11
11 29
12 10
10 11
10 9
9 11
9 8
8 11
8 7
7 11
7 6
6 11
6 5
5 11
5 4
4 11
4 57
57 11
4 3
3 57
3 56
20 2
2 19
20 1
1 2
1 16
16 2
1 0
0 16
0 18
75 40
34 75
34 77
32 77
32 78
27 78
27 80
25 80
25 81
24 81
24 83
22 83
22 84
21 84
21 86
19 86
19 87
2 87
2 89
16 89
16 104
104 29
29 105
105 11
11 110
110 57
57 113
39 113
39 66
38 66
38 65
37 65
37 64
46 64
46 68
47 68
47 67
48 67
48 70
53 70
53 58
54 58
54 59
51 59
51 61
52 61
52 73
73 40
97 18
18 91
97 17
0 91
1 91
1 90
20 90
20 88
23 88
23 85
26 85
26 82
33 82
33 79
35 79
35 76
36 76
36 74
41 74
41 63
42 63
42 62
43 62
43 60
44 60
44 72
45 72
45 71
49 71
49 69
50 69
50 115
55 115
55 114
56 114
56 102
3 102
3 101
4 101
4 100
5 100
5 112
6 112
6 111
7 111
7 109
8 109
8 108
9 108
9 107
10 107
10 106
12 106
12 96
13 96
13 95
28 95
28 94
30 94
30 93
31 93
31 92
14 92
14 103
15 103
15 99
17 99
17 98
232
3 -348 -283 -33
3 -347 348 -31
3 -346 -192 347
3 -345 346 -29
3 -344 -196 345
3 -343 344 -45
3 -342 -198 343
3 -341 342 -43
3 -340 -166 341
3 -339 340 -41
3 -338 -169 339
3 -337 338 -39
3 -336 -199 337
3 -335 336 -37
3 -334 -201 335
3 -333 334 -35
3 -332 -205 333
3 -331 332 -13
3 -330 -207 331
3 -329 330 -11
3 -328 -209 329
3 -327 328 -9
3 -326 -211 327
3 -325 326 -7
3 -324 -213 325
3 -323 324 -4
3 -322 -215 323
3 -321 322 -28
3 -320 -217 321
3 -319 320 -26
3 -318 -221 319
3 -317 318 -22
3 -316 -223 317
3 -315 316 -20
3 -314 -118 315
3 -313 314 -1
3 -312 -127 313
3 -311 312 -98
3 -310 -129 311
3 -309 310 -89
3 -308 -137 309
3 -307 308 -84
3 -306 -139 307
3 -305 306 -112
3 -304 -141 305
3 -303 304 -108
3 -302 -143 303
3 -301 302 -104
3 -300 -145 301
3 -299 300 -102
3 -298 -156 299
3 -297 298 -80
3 -296 -158 297
3 -295 296 -76
3 -294 -162 295
3 -293 294 -70
3 -292 -173 293
3 -291 292 -64
3 -290 -179 291
3 -289 290 -58
3 -288 -185 289
3 -287 288 -52
3 -286 -226 287
3 -285 286 -48
3 -284 -230 285
3 -232 284 -282
3 -281 283 -189
3 -46 281 282
3 -280 -279 -148
3 -83 280 -233
3 -278 279 -107
3 -277 -123 278
3 -276 277 -111
3 -275 -124 276
3 -274 275 -115
3 -273 -120 274
3 -272 273 -116
3 -271 -131 272
3 -270 271 -92
3 -269 -133 270
3 -268 269 -90
3 -267 -135 268
3 -266 267 -101
3 -265 -155 266
3 -264 265 -99
3 -263 -154 264
3 -262 263 -95
3 -261 -151 262
3 -260 261 -93
3 -259 -149 260
3 -258 -257 -220
3 -25 258 259
3 -256 -255 -204
3 -16 256 257
3 -254 -253 -195
3 -17 254 255
3 -252 253 -51
3 -251 -229 252
3 -250 251 -55
3 -249 -225 250
3 -248 249 -57
3 -247 -188 248
3 -246 247 -61
3 -245 -184 246
3 -244 245 -63
3 -243 -182 244
3 -242 243 -67
3 -241 -178 242
3 -240 241 -69
3 -239 -176 240
3 -238 239 -73
3 -237 -172 238
3 -236 237 -75
3 -235 -165 236
3 -234 235 -79
3 233 -161 234
3 -231 232 -191
3 -228 230 231
3 -227 228 229
3 -224 226 227
3 -187 224 225
3 -222 223 -117
3 -219 221 222
3 -218 219 220
3 -216 217 218
3 215 216 -214
3 -212 213 214
3 -210 211 212
3 209 210 -208
3 -206 207 208
3 -203 205 206
3 -202 203 204
3 -200 201 202
3 199 200 -170
3 -197 198 -168
3 -194 196 197
3 -193 194 195
3 -190 192 193
3 189 190 191
3 -186 187 188
3 -183 185 186
3 -181 183 184
3 -180 181 182
3 -177 179 180
3 -175 177 178
3 -174 175 176
3 -171 173 174
3 -164 171 172
3 -167 169 170
3 166 167 168
3 -163 164 165
3 -160 162 163
3 -159 160 161
3 -157 158 159
3 156 157 -147
3 -153 -136 155
3 -152 153 154
3 -150 -119 152
3 149 150 151
3 -146 147 148
3 -144 145 146
3 143 144 -142
3 -140 141 142
3 -138 139 140
3 137 138 -130
3 -134 135 136
3 -132 133 134
3 131 132 -121
3 -128 129 130
3 -126 127 128
3 -122 126 -125
3 123 124 125
3 120 121 122
3 117 118 119
3 -114 -86 116
3 -113 114 115
3 -110 112 113
3 -109 110 111
3 -106 108 109
3 -105 106 107
3 -103 104 105
3 102 103 -82
3 -100 101 -87
3 -97 99 100
3 -96 97 98
3 -94 95 96
3 93 94 -3
3 -91 92 -85
3 -88 90 91
3 87 88 89
3 84 85 86
3 -81 82 83
3 -78 80 81
3 -77 78 79
3 -74 76 77
3 -72 74 75
3 -71 72 73
3 -68 70 71
3 -66 68 69
3 -65 66 67
3 -62 64 65
3 -60 62 63
3 -59 60 61
3 -56 58 59
3 -54 56 57
3 -53 54 55
3 -50 52 53
3 -49 50 51
3 -47 48 49
3 46 47 -34
3 -44 45 -18
3 -42 43 44
3 41 42 -40
3 -38 39 40
3 -36 37 38
3 35 36 -15
3 -32 33 34
3 -30 31 32
3 29 30 -19
3 -27 28 -6
3 -24 26 27
3 -23 24 25
3 -21 22 23
3 20 21 -2
3 17 18 19
3 -14 15 16
3 -12 13 14
3 11 12 -10
3 -8 9 10
3 -5 7 8
3 4 5 6
3 1 2 3
0
0
