12
0
0
0
2
10
*
26
-229.563995 2545.200195 1.524384
-1375.000000 275.000000 1.524384
-229.563995 2545.200195 101.524384
-1375.000000 275.000000 101.524384
-600.000000 2545.200195 1.524384
-600.000000 2545.200195 101.524384
-600.000000 2795.200195 1.524384
-600.000000 2795.200195 101.524384
600.000000 2795.200195 1.524384
600.000000 2795.200195 101.524384
600.000000 2545.200195 1.524384
600.000000 2545.200195 101.524384
229.563995 2545.200195 1.524384
229.563995 2545.200195 101.524384
1375.000000 275.000000 1.524384
1375.000000 275.000000 101.524384
1375.000000 0.000000 1.524384
1375.000000 0.000000 101.524384
-1375.000000 0.000000 1.524384
-1375.000000 0.000000 101.524384
-1107.593994 250.000000 1.524384
1107.593994 250.000000 1.524384
0.000000 2445.199951 1.524384
1107.593994 250.000000 101.524384
-1107.593994 250.000000 101.524384
0.000000 2445.199951 101.524384
0
78
22 24
20 24
20 23
21 23
25 22
21 25
3 24
24 25
2 24
2 25
7 25
7 13
9 13
25 23
13 25
13 23
15 23
24 19
23 24
23 19
17 23
2 7
14 21
21 22
12 21
12 22
8 22
8 0
6 0
22 20
0 22
0 20
1 20
21 16
20 21
20 16
18 20
12 8
19 3
18 3
1 18
17 19
19 18
16 19
18 16
15 17
17 16
14 17
16 14
13 15
15 14
12 15
14 12
11 13
13 12
10 13
12 10
9 11
11 10
8 11
10 8
7 9
9 8
6 9
8 6
5 7
7 6
4 7
6 4
2 5
5 4
0 5
4 0
3 2
1 3
2 0
1 2
0 1
52
3 -1 -5 -8
3 -30 1 -2
3 -3 2 -19
3 -35 3 -4
3 -6 4 -14
3 -24 6 5
3 -7 -39 -18
3 -9 -74 7
3 -10 9 8
3 -11 -22 10
3 -12 11 -15
3 -13 -62 12
3 -58 13 -54
3 -16 15 14
3 -17 -50 16
3 -46 17 -21
3 -20 19 18
3 21 20 -42
3 -66 -70 22
3 -23 -49 -34
3 -25 -53 23
3 -26 25 24
3 -27 -38 26
3 -28 27 -31
3 -29 -65 28
3 -69 29 -73
3 -32 31 30
3 -33 -78 32
3 -41 33 -37
3 -36 35 34
3 37 36 -45
3 -61 -57 38
3 -40 -43 39
3 41 40 -75
3 -44 -47 42
3 45 44 43
3 -48 -51 46
3 49 48 47
3 -52 -55 50
3 53 52 51
3 -56 -59 54
3 57 56 55
3 -60 -63 58
3 61 60 59
3 -64 -67 62
3 65 64 63
3 -68 -71 66
3 69 68 67
3 -72 -76 70
3 73 72 71
3 -77 75 74
3 78 77 76
0
0
10
*
26
-229.563995 2545.200195 -100.000000
-1375.000000 275.000000 -100.000000
-229.563995 2545.200195 0.000000
-1375.000000 275.000000 0.000000
-600.000000 2545.200195 -100.000000
-600.000000 2545.200195 0.000000
-600.000000 2795.200195 -100.000000
-600.000000 2795.200195 0.000000
600.000000 2795.200195 -100.000000
600.000000 2795.200195 0.000000
600.000000 2545.200195 -100.000000
600.000000 2545.200195 0.000000
229.563995 2545.200195 -100.000000
229.563995 2545.200195 0.000000
1375.000000 275.000000 -100.000000
1375.000000 275.000000 0.000000
1375.000000 0.000000 -100.000000
1375.000000 0.000000 0.000000
-1375.000000 0.000000 -100.000000
-1375.000000 0.000000 0.000000
-1107.593994 250.000000 -100.000000
1107.593994 250.000000 -100.000000
0.000000 2445.199951 -100.000000
1107.593994 250.000000 0.000000
-1107.593994 250.000000 0.000000
0.000000 2445.199951 0.000000
0
78
22 24
20 24
20 23
21 23
25 22
21 25
3 24
24 25
2 24
2 25
7 25
7 13
9 13
25 23
13 25
13 23
15 23
24 19
23 24
23 19
17 23
2 7
14 21
21 22
12 21
12 22
8 22
8 0
6 0
22 20
0 22
0 20
1 20
21 16
20 21
20 16
18 20
12 8
19 3
18 3
1 18
17 19
19 18
16 19
18 16
15 17
17 16
14 17
16 14
13 15
15 14
12 15
14 12
11 13
13 12
10 13
12 10
9 11
11 10
8 11
10 8
7 9
9 8
6 9
8 6
5 7
7 6
4 7
6 4
2 5
5 4
0 5
4 0
3 2
1 3
2 0
1 2
0 1
52
3 -1 -5 -8
3 -30 1 -2
3 -3 2 -19
3 -35 3 -4
3 -6 4 -14
3 -24 6 5
3 -7 -39 -18
3 -9 -74 7
3 -10 9 8
3 -11 -22 10
3 -12 11 -15
3 -13 -62 12
3 -58 13 -54
3 -16 15 14
3 -17 -50 16
3 -46 17 -21
3 -20 19 18
3 21 20 -42
3 -66 -70 22
3 -23 -49 -34
3 -25 -53 23
3 -26 25 24
3 -27 -38 26
3 -28 27 -31
3 -29 -65 28
3 -69 29 -73
3 -32 31 30
3 -33 -78 32
3 -41 33 -37
3 -36 35 34
3 37 36 -45
3 -61 -57 38
3 -40 -43 39
3 41 40 -75
3 -44 -47 42
3 45 44 43
3 -48 -51 46
3 49 48 47
3 -52 -55 50
3 53 52 51
3 -56 -59 54
3 57 56 55
3 -60 -63 58
3 61 60 59
3 -64 -67 62
3 65 64 63
3 -68 -71 66
3 69 68 67
3 -72 -76 70
3 73 72 71
3 -77 75 74
3 78 77 76
0
0
