12
0
0
0
1
5
*
84
715.273987 1722.841064 199.999863
763.367981 1776.730957 199.999863
-1053.585083 1971.428955 199.999847
1360.340942 1501.904907 199.999893
1208.417114 1241.464966 199.999908
600.000000 0.000015 200.000000
1471.824951 1494.557007 199.999893
1279.508911 1613.182007 199.999878
1287.789917 1541.429077 199.999878
1143.612061 1276.769043 199.999908
1078.834106 1244.814941 199.999908
1008.481018 1228.457031 199.999908
936.250977 1228.554932 199.999908
865.942993 1245.103027 199.999908
-600.000000 0.000015 200.000000
801.252014 1277.232056 199.999908
822.472961 1818.249023 199.999863
889.481018 1845.212036 199.999863
1196.890991 1971.428955 199.999847
960.870056 1856.203003 199.999863
1032.885986 1850.643066 199.999863
1101.740967 1828.824951 199.999863
1163.817017 1791.895020 199.999863
1215.848999 1741.796997 199.999863
1255.099976 1681.162964 199.999878
745.580017 1323.251953 199.999893
701.854980 1380.744019 199.999893
-1399.096924 1369.880005 199.999893
672.375977 1446.683960 199.999893
658.692017 1517.606079 199.999878
661.523010 1589.780029 199.999878
-1270.251953 1907.666016 199.999863
-1202.552002 1942.654907 199.999847
-1129.446045 1964.169067 199.999847
680.719971 1659.412964 199.999878
-1417.843018 1736.706055 199.999863
-1442.577026 1664.625000 199.999878
-1379.886963 1802.787964 199.999863
-1330.088013 1860.473022 199.999863
-1431.049927 1439.064941 199.999893
-1449.302979 1513.053101 199.999893
-1453.192017 1589.161011 199.999878
1078.834106 1244.814941 -0.000094
1143.612061 1276.769043 -0.000096
1208.417114 1241.464966 -0.000094
822.472961 1818.249023 -0.000137
763.367981 1776.730957 -0.000134
-1053.585083 1971.428955 -0.000149
936.250977 1228.554932 -0.000093
1008.481018 1228.457031 -0.000093
600.000000 0.000000 0.000000
1196.890991 1971.428955 -0.000149
1163.817017 1791.895020 -0.000135
1101.740967 1828.824951 -0.000138
1287.789917 1541.429077 -0.000116
1279.508911 1613.182007 -0.000122
1471.824951 1494.557007 -0.000113
1255.099976 1681.162964 -0.000127
1215.848999 1741.796997 -0.000132
1032.885986 1850.643066 -0.000140
960.870056 1856.203003 -0.000140
889.481018 1845.212036 -0.000139
1360.340942 1501.904907 -0.000113
701.854980 1380.744019 -0.000104
745.580017 1323.251953 -0.000100
-600.000000 0.000000 0.000000
801.252014 1277.232056 -0.000096
865.942993 1245.103027 -0.000094
672.375977 1446.683960 -0.000109
-1399.096924 1369.880005 -0.000103
658.692017 1517.606079 -0.000115
715.273987 1722.841064 -0.000130
680.719971 1659.412964 -0.000125
-1129.446045 1964.169067 -0.000148
661.523010 1589.780029 -0.000120
-1202.552002 1942.654907 -0.000147
-1270.251953 1907.666016 -0.000144
-1453.192017 1589.161011 -0.000120
-1442.577026 1664.625000 -0.000126
-1449.302979 1513.053101 -0.000114
-1431.049927 1439.064941 -0.000109
-1330.088013 1860.473022 -0.000140
-1379.886963 1802.787964 -0.000136
-1417.843018 1736.706055 -0.000131
0
252
8 62
3 62
3 44
4 44
4 43
54 8
54 7
55 7
55 24
57 24
57 23
58 23
58 22
52 22
52 21
53 21
53 20
59 20
59 19
60 19
60 17
61 17
61 16
45 16
45 1
46 1
46 0
71 0
71 34
72 34
72 30
74 30
74 29
70 29
70 28
68 28
68 26
63 26
63 25
64 25
64 15
66 15
66 13
67 13
67 12
48 12
48 11
49 11
49 10
42 10
42 9
9 43
18 47
51 18
6 51
56 6
5 56
50 5
14 50
65 14
27 65
69 27
69 39
80 39
80 40
79 40
79 41
77 41
77 36
78 36
78 35
83 35
83 37
82 37
82 38
81 38
81 31
76 31
76 32
75 32
75 33
73 33
73 2
2 47
83 82
78 83
78 82
82 81
70 82
70 81
74 70
81 76
74 81
69 80
80 79
70 80
70 79
78 70
79 77
78 79
77 78
76 75
74 76
75 73
74 75
74 73
72 74
73 47
72 73
72 47
71 72
71 47
46 71
70 68
69 70
69 68
65 69
68 63
65 68
67 48
67 50
66 67
50 65
66 50
66 65
64 66
65 63
64 65
63 64
62 54
62 56
44 62
56 50
44 56
44 50
42 50
49 42
61 45
61 47
60 61
47 51
60 47
60 51
59 60
59 51
53 59
58 52
58 51
57 58
51 56
57 51
57 56
55 57
56 54
55 56
54 55
53 51
52 53
51 52
50 48
49 50
48 49
47 45
46 47
45 46
44 42
43 44
42 43
36 41
41 40
29 41
29 40
40 39
27 40
39 27
31 38
38 37
29 38
29 37
36 29
37 35
36 37
35 36
34 0
34 2
30 34
2 33
30 2
30 33
33 32
31 33
32 31
31 29
30 31
29 30
29 27
28 29
28 27
26 28
27 14
26 27
26 14
25 26
25 14
15 25
24 7
24 6
23 24
6 18
23 6
23 18
22 23
22 18
21 22
21 18
20 21
20 18
19 20
19 18
17 19
18 2
17 18
17 2
16 17
16 2
1 16
15 14
13 15
14 5
13 14
13 5
12 13
12 5
11 12
11 5
10 11
10 5
9 10
9 5
4 9
8 3
7 8
7 3
6 7
6 3
5 6
5 3
4 5
3 4
2 0
1 2
0 1
168
3 252 251 250
3 249 248 247
3 246 245 -247
3 -245 244 243
3 -243 242 241
3 240 239 -248
3 -239 238 237
3 -237 236 235
3 234 233 -235
3 -233 232 231
3 -231 230 229
3 -230 228 227
3 226 225 -251
3 -225 224 223
3 -223 222 221
3 220 219 -222
3 -219 218 217
3 -217 216 215
3 214 213 -215
3 -213 212 211
3 -211 210 209
3 -210 208 207
3 -207 206 -244
3 205 204 -227
3 -204 203 202
3 -202 201 200
3 -201 199 198
3 -198 197 196
3 195 194 193
3 192 191 190
3 -191 -194 189
3 -189 188 187
3 -188 186 185
3 -185 184 -250
3 183 182 181
3 -182 180 179
3 -179 178 177
3 -178 -193 176
3 175 174 173
3 -174 -196 172
3 -172 171 170
3 -171 -180 169
3 168 167 166
3 165 164 163
3 162 161 160
3 159 158 157
3 156 155 154
3 -155 153 152
3 -152 151 150
3 -151 149 148
3 -148 147 -159
3 146 145 -157
3 -145 144 143
3 -143 142 141
3 -142 140 139
3 -139 138 -163
3 137 136 -161
3 -136 -166 135
3 -135 134 133
3 -134 132 131
3 -131 130 -154
3 129 128 127
3 -128 126 125
3 -125 124 123
3 -124 122 121
3 -121 120 -160
3 -127 119 118
3 -119 117 116
3 -116 115 114
3 113 112 -164
3 -112 111 110
3 -110 109 108
3 -109 107 106
3 -106 105 104
3 -105 103 102
3 101 100 99
3 -100 98 97
3 -97 96 95
3 -96 -115 94
3 -103 93 92
3 -93 91 90
3 -90 89 88
3 -89 -98 87
3 -87 86 85
3 84 -108 83
3 -83 82 -187
3 -82 -104 81
3 -81 80 -190
3 -80 -102 79
3 -79 78 -192
3 -78 -92 77
3 -77 76 -176
3 -76 -88 75
3 -75 74 -177
3 -74 -85 73
3 -73 72 -181
3 -72 -86 71
3 -71 70 -183
3 -70 -101 69
3 -69 68 -169
3 -68 -99 67
3 -67 66 -170
3 -66 -95 65
3 -65 64 -173
3 -64 -94 63
3 -63 62 -175
3 -200 61 60
3 -61 -62 -117
3 -229 59 58
3 -59 -60 -123
3 -246 57 56
3 -57 -58 -133
3 -209 55 54
3 -55 -56 -150
3 -221 53 -84
3 -53 -54 -141
3 52 -168 51
3 -51 50 -238
3 -50 -137 49
3 -49 48 -236
3 -48 -162 47
3 -47 46 -234
3 -46 -120 45
3 -45 44 -232
3 -44 -122 43
3 -43 42 -228
3 -42 -126 41
3 -41 40 -205
3 -40 -129 39
3 -39 38 -203
3 -38 -118 37
3 -37 36 -199
3 -36 -114 35
3 -35 34 -197
3 -34 -91 33
3 -33 32 -195
3 -32 -107 31
3 -31 30 -186
3 -30 -111 29
3 -29 28 -184
3 -28 -113 27
3 -27 26 -252
3 -26 -165 25
3 -25 24 -226
3 -24 -138 23
3 -23 22 -224
3 -22 -140 21
3 -21 20 -220
3 -20 -144 19
3 -19 18 -218
3 -18 -146 17
3 -17 16 -216
3 -16 -158 15
3 -15 14 -214
3 -14 -147 13
3 -13 12 -212
3 -12 -149 11
3 -11 10 -208
3 -10 -153 9
3 -9 8 -206
3 -8 -156 7
3 -7 6 -242
3 -240 5 -52
3 -5 4 -167
3 -249 3 -4
3 -3 2 -132
3 -241 1 -2
3 -1 -6 -130
0
0
