12
0
0
0
3
4
*
52
-74.999725 4192.873047 784.132996
-74.999725 4172.175781 755.153992
-74.999687 4375.000000 400.000000
-74.999725 4208.737793 816.015015
-74.999733 4219.374023 850.000000
-74.999725 4295.000000 850.000000
-74.999756 4295.000000 1250.000000
-74.999756 4375.000000 1350.000000
-74.999802 3705.000000 1250.000000
-74.999817 3625.000000 1350.000000
-74.999771 3705.000000 850.000000
-74.999741 3625.000000 400.000000
-74.999725 4147.166992 729.803955
-74.999725 4118.471191 708.716003
-74.999725 4086.808105 692.419983
-74.999733 4052.969971 681.323975
-74.999733 4017.806152 675.706055
-74.999733 3982.194824 675.706055
-74.999741 3947.030029 681.323975
-74.999741 3913.192139 692.419983
-74.999748 3881.529053 708.716003
-74.999748 3852.833008 729.803955
-74.999756 3827.824219 755.153992
-74.999756 3807.126953 784.132996
-74.999763 3791.261963 816.015015
-74.999763 3780.625977 850.000000
-124.999771 3705.000000 850.000000
-124.999741 3625.000000 400.000000
-124.999802 3705.000000 1250.000000
-124.999817 3625.000000 1350.000000
-124.999756 4295.000000 1250.000000
-124.999756 4375.000000 1350.000000
-124.999725 4295.000000 850.000000
-124.999687 4375.000000 400.000000
-124.999763 3780.625977 850.000000
-124.999763 3791.261963 816.015015
-124.999725 4147.166992 729.803955
-124.999725 4172.175781 755.153992
-124.999725 4192.873047 784.132996
-124.999725 4208.737793 816.015015
-124.999733 4219.374023 850.000000
-124.999756 3807.126953 784.132996
-124.999756 3827.824219 755.153992
-124.999748 3852.833008 729.803955
-124.999748 3881.529053 708.716003
-124.999741 3913.192139 692.419983
-124.999733 4052.969971 681.323975
-124.999725 4086.808105 692.419983
-124.999725 4118.471191 708.716003
-124.999741 3947.030029 681.323975
-124.999733 3982.194824 675.706055
-124.999733 4017.806152 675.706055
0
156
25 26
10 26
10 28
8 28
8 30
6 30
6 32
5 32
5 40
34 25
34 24
35 24
35 23
41 23
41 22
42 22
42 21
43 21
43 20
44 20
44 19
45 19
45 18
49 18
49 17
50 17
50 16
51 16
51 15
46 15
46 14
47 14
47 13
48 13
48 12
36 12
36 1
37 1
37 0
38 0
38 3
39 3
39 4
4 40
11 33
27 11
9 27
29 9
7 29
2 33
31 7
2 31
51 46
51 33
50 51
33 27
50 33
50 27
49 50
49 27
45 49
48 36
48 33
47 48
33 46
47 33
46 47
45 27
44 45
44 27
43 44
43 27
42 43
42 27
41 42
41 27
35 41
35 27
40 32
39 40
39 32
38 39
38 32
38 33
37 38
33 36
37 33
36 37
35 26
34 35
26 34
33 32
31 33
32 30
31 32
31 30
29 31
30 28
29 30
29 28
27 29
28 26
27 28
26 27
25 10
24 25
24 10
23 24
23 10
23 11
22 23
22 11
21 22
21 11
20 21
20 11
19 20
19 11
18 19
18 11
17 18
17 11
16 17
11 2
16 11
16 2
15 16
15 2
14 15
14 2
13 14
13 2
12 13
12 2
1 12
11 10
9 11
10 8
9 10
9 8
7 9
8 6
7 8
7 6
2 7
6 5
2 6
2 5
5 4
3 5
4 3
3 0
2 3
2 0
1 2
0 1
104
3 -1 -10 -91
3 -105 1 -2
3 -3 2 -102
3 -138 3 -4
3 -5 4 -98
3 -142 5 -6
3 -7 6 -94
3 -146 7 -8
3 -9 8 -79
3 -149 9 -44
3 -11 10 -106
3 -12 -90 11
3 -13 12 -108
3 -14 -77 13
3 -15 14 -111
3 -16 -75 15
3 -17 16 -113
3 -18 -73 17
3 -19 18 -115
3 -20 -71 19
3 -21 20 -117
3 -22 -69 21
3 -23 22 -119
3 -24 -61 23
3 -25 24 -121
3 -26 -59 25
3 -27 26 -123
3 -28 -55 27
3 -29 28 -127
3 -30 -53 29
3 -31 30 -129
3 -32 -67 31
3 -33 32 -131
3 -34 -64 33
3 -35 34 -133
3 -36 -62 35
3 -37 36 -135
3 -38 -88 37
3 -39 38 -156
3 -40 -85 39
3 -41 40 -152
3 -42 -82 41
3 -43 42 -151
3 44 -80 43
3 -45 -46 -56
3 -124 45 -50
3 -47 -48 -101
3 -137 47 46
3 -49 -51 -97
3 -141 49 48
3 -52 50 -93
3 -145 52 51
3 -54 53 -65
3 -57 55 54
3 -58 57 56
3 -60 59 58
3 61 60 -68
3 -63 62 -86
3 -66 64 63
3 67 66 65
3 -70 69 68
3 -72 71 70
3 73 72 -74
3 -76 75 74
3 -78 77 76
3 -89 78 -104
3 -81 80 79
3 -83 82 81
3 -84 83 -92
3 -87 85 84
3 88 87 86
3 91 90 89
3 -95 93 92
3 -96 95 94
3 -99 97 96
3 -100 99 98
3 -103 101 100
3 104 103 102
3 -107 106 105
3 -109 108 107
3 -110 109 -136
3 -112 111 110
3 113 112 -114
3 -116 115 114
3 -118 117 116
3 119 118 -120
3 -122 121 120
3 -125 123 122
3 -126 125 124
3 -128 127 126
3 129 128 -130
3 -132 131 130
3 -134 133 132
3 135 134 -155
3 -139 137 136
3 -140 139 138
3 -143 141 140
3 -144 143 142
3 -147 145 144
3 -148 147 146
3 -150 -153 148
3 151 150 149
3 -154 153 152
3 156 155 154
0
0
4
*
12
0.000328 4350.000000 200.000000
-199.999664 4350.000000 199.999985
0.000306 4050.000244 200.000000
-199.999695 4050.000244 199.999985
125.000336 4350.000000 90.000008
125.000313 4050.000244 90.000008
125.000343 4350.000000 0.000009
125.000320 4050.000244 0.000009
-324.999664 4350.000000 -0.000025
-324.999664 4050.000244 -0.000025
-324.999664 4350.000000 89.999977
-324.999695 4050.000244 89.999977
0
30
7 2
7 3
9 3
6 10
6 1
4 1
11 3
10 3
1 10
9 11
11 10
8 11
10 8
7 9
9 8
6 9
8 6
5 7
7 6
4 7
6 4
2 5
5 4
0 5
4 0
3 2
1 3
2 0
1 2
0 1
20
3 -1 -18 -22
3 -2 1 -26
3 -3 -14 2
3 -10 3 -7
3 -4 -17 -13
3 -5 4 -9
3 -6 -21 5
3 -25 6 -30
3 -8 -11 7
3 9 8 -27
3 -12 -15 10
3 13 12 11
3 -16 -19 14
3 17 16 15
3 -20 -23 18
3 21 20 19
3 -24 -28 22
3 25 24 23
3 -29 27 26
3 30 29 28
0
0
4
*
116
-74.999962 875.000000 600.000000
0.000310 4500.000000 600.000000
-124.999962 875.000000 600.000000
-199.999695 4500.000000 600.000000
-125.000023 125.000008 600.000000
-200.000031 0.000015 600.000000
-75.000023 125.000008 600.000000
-0.000030 0.000000 600.000000
-199.999664 4500.000000 199.999985
0.000340 4500.000000 200.000000
-199.999969 450.000000 199.999985
0.000034 450.000000 200.000000
-183.881699 4500.000000 575.578979
-183.882034 0.000014 575.578979
-188.156021 0.000014 576.565979
-188.155685 4500.000000 576.565979
-192.065033 0.000015 578.557983
-192.064697 4500.000000 578.557983
-195.377045 0.000015 581.435974
-195.376709 4500.000000 581.435974
-197.893021 0.000015 585.029968
-197.892685 4500.000000 585.029968
-199.465042 0.000015 589.125977
-199.464706 4500.000000 589.125977
-200.000031 0.000015 593.480957
-199.999695 4500.000000 593.480957
0.000011 150.000000 200.000000
0.000000 0.000000 200.000000
-199.999985 150.000015 199.999985
-200.000000 0.000015 199.999985
-200.000000 0.000015 206.518982
-199.999664 4500.000000 206.518982
-199.465012 0.000015 210.873993
-199.464676 4500.000000 210.873993
-197.892990 0.000015 214.969986
-197.892654 4500.000000 214.969986
-195.377014 0.000015 218.563980
-195.376678 4500.000000 218.563980
-192.065002 0.000015 221.441986
-192.064667 4500.000000 221.441986
-188.155991 0.000014 223.433990
-188.155655 4500.000000 223.433990
-183.882004 0.000014 224.420990
-183.881668 4500.000000 224.420990
-52.254665 4500.000000 238.254990
-52.255005 0.000004 238.254990
-44.655003 0.000003 240.009995
-44.654663 4500.000000 240.009995
-37.706001 0.000003 243.550995
-37.705662 4500.000000 243.550995
-31.819004 0.000002 248.667999
-31.818665 4500.000000 248.667999
-27.346004 0.000002 255.056992
-27.345665 4500.000000 255.056992
-24.551004 0.000002 262.337982
-24.550665 4500.000000 262.337982
-23.600006 0.000002 270.079987
-23.599667 4500.000000 270.079987
-23.599686 4500.000000 529.919983
-23.600025 0.000002 529.919983
-24.551025 0.000002 537.661987
-24.550686 4500.000000 537.661987
-27.346027 0.000002 544.942993
-27.345688 4500.000000 544.942993
-31.819027 0.000002 551.331970
-31.818687 4500.000000 551.331970
-37.706024 0.000003 556.448975
-37.705685 4500.000000 556.448975
-44.655025 0.000003 559.989990
-44.654686 4500.000000 559.989990
-52.255028 0.000004 561.744995
-52.254688 4500.000000 561.744995
125.000023 149.999985 90.000008
125.000046 450.000000 90.000008
125.000023 149.999985 0.000009
125.000046 450.000000 0.000009
-324.999969 150.000031 -0.000025
-324.999939 450.000031 -0.000025
-324.999969 150.000031 89.999977
-324.999969 450.000031 89.999977
-75.000038 299.290009 998.312012
-75.000046 280.626007 1050.000000
-75.000046 205.000000 1050.000000
-75.000008 795.000000 1050.000000
-75.000008 719.374023 1050.000000
-75.000038 795.000000 1450.000000
-75.000038 875.000000 1550.000000
-75.000076 205.000000 1450.000000
-75.000092 125.000008 1550.000000
-75.000008 700.710022 998.312012
-75.000008 670.072021 952.689026
-75.000008 629.289001 915.854980
-75.000023 419.207001 890.006042
-75.000023 370.710999 915.854980
-75.000031 329.928009 952.689026
-75.000008 580.793030 890.006042
-75.000008 527.477051 876.684021
-75.000015 472.523010 876.684021
-125.000008 795.000000 1050.000000
-125.000038 875.000000 1550.000000
-125.000038 795.000000 1450.000000
-125.000092 125.000008 1550.000000
-125.000076 205.000015 1450.000000
-125.000046 205.000015 1050.000000
-125.000046 280.626007 1050.000000
-125.000038 299.290009 998.312012
-125.000031 329.928009 952.689026
-125.000023 370.710999 915.854980
-125.000008 580.793030 890.006042
-125.000008 629.289001 915.854980
-125.000008 719.374023 1050.000000
-125.000008 700.710022 998.312012
-125.000008 670.072021 952.689026
-125.000023 419.207001 890.006042
-125.000015 472.523010 876.684021
-125.000008 527.477051 876.684021
0
348
83 110
98 83
85 98
100 85
87 100
102 87
82 102
103 82
81 103
104 81
104 80
105 80
105 94
106 94
106 93
107 93
107 92
113 92
113 97
114 97
114 96
115 96
115 95
108 95
108 91
109 91
109 90
112 90
112 89
111 89
111 84
84 110
0 99
86 99
86 101
88 101
88 4
115 108
115 2
114 115
114 2
114 4
113 114
113 4
107 113
109 112
112 111
2 112
2 111
111 110
98 111
110 98
2 108
109 2
108 109
107 4
106 107
106 4
105 106
105 4
104 105
104 4
103 104
103 4
102 103
4 101
102 4
102 101
100 102
101 99
100 101
100 99
98 100
99 2
98 99
2 98
97 92
97 6
96 97
96 6
96 0
95 96
95 0
91 95
94 80
94 6
93 94
6 92
93 6
92 93
91 0
90 91
90 0
89 90
89 0
84 89
6 80
6 82
88 6
82 87
88 82
88 87
86 88
87 85
86 87
86 85
0 86
85 83
0 85
84 0
83 84
0 83
82 80
81 82
80 81
75 79
75 10
73 10
74 26
74 28
76 28
10 79
28 79
78 28
79 77
78 79
78 77
76 78
77 75
76 77
76 75
74 76
75 73
74 75
74 73
72 74
73 11
72 73
72 11
26 72
56 27
59 27
59 7
60 7
22 18
22 16
13 16
38 34
38 32
40 32
40 30
42 30
42 29
45 29
45 27
46 27
22 13
24 13
5 13
48 27
50 27
27 54
52 27
62 7
64 7
66 7
7 13
7 70
68 7
31 35
43 35
43 37
41 37
58 1
57 1
57 9
55 9
17 21
17 23
15 23
15 25
12 25
12 3
71 3
71 1
69 1
31 43
8 43
9 43
67 1
65 1
1 61
63 1
53 9
51 9
49 9
9 44
47 9
70 13
71 13
12 71
71 69
70 71
70 69
68 70
69 67
68 69
68 67
66 68
67 65
66 67
66 65
64 66
65 63
64 65
64 63
62 64
63 61
62 63
62 61
60 62
61 58
60 61
60 58
59 60
56 59
59 58
57 59
58 57
57 55
56 57
56 55
54 56
55 53
54 55
54 53
52 54
53 51
52 53
52 51
50 52
51 49
50 51
50 49
48 50
49 47
48 49
48 47
46 48
47 44
46 47
46 44
45 46
42 45
45 44
43 45
44 43
43 41
42 43
42 41
40 42
41 39
40 41
40 39
38 40
39 37
38 39
38 37
36 38
37 35
36 37
36 35
34 36
35 33
34 35
34 33
32 34
33 31
32 33
32 31
30 32
29 30
28 30
10 28
10 30
8 30
31 8
30 31
29 28
27 29
28 26
27 28
27 26
7 27
26 11
7 26
7 11
1 11
9 1
24 5
25 5
3 25
25 23
24 25
24 23
22 24
23 21
22 23
22 21
20 22
21 19
20 21
20 19
18 20
19 17
18 19
18 17
16 18
17 15
16 17
16 15
14 16
15 12
14 15
14 12
13 14
12 13
11 10
9 11
10 8
9 10
8 9
7 1
0 6
7 0
7 6
5 7
6 4
5 6
5 4
3 5
4 2
3 4
3 2
1 3
2 0
1 2
0 1
232
3 -1 -2 -52
3 -111 1 -32
3 -3 -4 -73
3 -108 3 2
3 -5 -6 -69
3 -104 5 4
3 -7 -8 -65
3 -100 7 6
3 -9 -10 -63
3 -114 9 8
3 -11 10 -115
3 -12 -61 11
3 -13 12 -85
3 -14 -59 13
3 -15 14 -87
3 -16 -57 15
3 -17 16 -90
3 -18 -45 17
3 -19 18 -77
3 -20 -43 19
3 -21 20 -79
3 -22 -40 21
3 -23 22 -82
3 -24 -38 23
3 -25 24 -84
3 -26 -55 25
3 -27 26 -92
3 -28 -46 27
3 -29 28 -94
3 -30 -47 29
3 -31 30 -96
3 32 -50 31
3 -33 -346 -74
3 -107 33 -34
3 -35 34 -70
3 -103 35 -36
3 -37 36 -66
3 -99 37 -338
3 -39 38 -53
3 -41 40 39
3 -42 41 -342
3 -44 43 42
3 45 44 -56
3 -48 -54 46
3 -49 48 47
3 -51 -76 49
3 52 51 50
3 55 54 53
3 -58 57 56
3 -60 59 58
3 61 60 -62
3 -64 63 62
3 -67 65 64
3 -68 67 66
3 -71 69 68
3 -72 71 70
3 -75 73 72
3 76 75 74
3 -78 77 -88
3 -80 79 78
3 -81 80 -334
3 -83 82 81
3 84 83 -91
3 -86 85 -97
3 -89 87 86
3 90 89 88
3 -93 92 91
3 -95 94 93
3 96 95 -110
3 -98 97 -113
3 -101 99 98
3 -102 101 100
3 -105 103 102
3 -106 105 104
3 -109 107 106
3 -112 109 108
3 112 111 110
3 115 114 113
3 -116 -129 -125
3 -117 116 -122
3 -118 -133 117
3 -137 118 -328
3 -119 -136 -140
3 -120 119 -291
3 -121 -132 120
3 -128 121 -124
3 -123 -284 122
3 124 123 -126
3 -127 126 125
3 128 127 -130
3 -131 130 129
3 132 131 -134
3 -135 134 133
3 136 135 -138
3 -139 138 137
3 140 139 -295
3 -141 -233 -162
3 -142 -226 141
3 -143 142 -294
3 -144 -225 143
3 -221 144 -164
3 -145 -310 -314
3 -146 145 -318
3 -147 -157 146
3 -326 147 -322
3 -148 -269 -273
3 -149 148 -277
3 -150 -265 149
3 -151 150 -281
3 -152 -261 151
3 -153 152 -282
3 -154 -254 153
3 -155 154 -290
3 -156 -253 155
3 -249 156 -160
3 -158 -306 157
3 -159 -300 158
3 -337 159 -167
3 -161 -245 160
3 -163 -241 161
3 -237 163 162
3 -165 -217 164
3 -166 -213 165
3 -209 166 -169
3 -168 167 -199
3 -205 169 168
3 -170 -278 -274
3 -171 -187 170
3 -172 171 -270
3 -173 -258 172
3 -262 173 -266
3 -174 -222 -192
3 -175 -229 174
3 -176 175 -299
3 -177 -230 176
3 -234 177 -194
3 -178 -315 -311
3 -179 178 -307
3 -180 -319 179
3 -181 180 -303
3 -182 -323 181
3 -183 182 -302
3 -184 -201 183
3 -185 184 -345
3 -186 -202 185
3 -206 186 -190
3 -188 -287 187
3 -189 -332 188
3 -197 189 -257
3 -191 -210 190
3 -193 -214 191
3 -218 193 192
3 -195 -238 194
3 -196 -242 195
3 -246 196 -198
3 -250 198 197
3 -200 -203 199
3 201 200 -327
3 -204 203 202
3 -207 205 204
3 -208 207 206
3 -211 209 208
3 -212 211 210
3 -215 213 212
3 -216 215 214
3 -219 217 216
3 -220 219 218
3 -223 221 220
3 -224 223 222
3 -227 225 224
3 -228 -231 226
3 229 228 227
3 -232 231 230
3 -235 233 232
3 -236 235 234
3 -239 237 236
3 -240 239 238
3 -243 241 240
3 -244 243 242
3 -247 245 244
3 -248 247 246
3 -251 249 248
3 -252 251 250
3 -255 253 252
3 -256 -259 254
3 257 256 255
3 -260 259 258
3 -263 261 260
3 -264 263 262
3 -267 265 264
3 -268 267 266
3 -271 269 268
3 -272 271 270
3 -275 273 272
3 -276 275 274
3 -279 277 276
3 -280 279 278
3 -288 281 280
3 -283 -289 282
3 -285 284 283
3 -330 285 -286
3 288 287 286
3 -292 290 289
3 -293 292 291
3 -296 294 293
3 -297 296 295
3 -298 -333 297
3 299 298 -329
3 -301 -304 300
3 302 301 -341
3 -305 304 303
3 -308 306 305
3 -309 308 307
3 -312 310 309
3 -313 312 311
3 -316 314 313
3 -317 316 315
3 -320 318 317
3 -321 320 319
3 -324 322 321
3 -325 324 323
3 327 326 325
3 -331 329 328
3 332 331 330
3 -335 333 -348
3 -336 335 334
3 -339 337 336
3 -340 339 338
3 -343 341 340
3 -344 343 342
3 -347 345 344
3 348 347 346
0
0
