12
0
0
0
9
5
*
48
-790.232666 4000.000000 -96.593002
-816.114685 0.000000 -100.000000
-816.114685 4000.000000 -100.000000
-841.996704 0.000000 -96.593002
-841.996704 4000.000000 -96.593002
-866.114685 0.000000 -86.603004
-866.114685 4000.000000 -86.603004
-886.825684 0.000000 -70.710999
-886.825684 4000.000000 -70.710999
-902.717712 0.000000 -50.000000
-902.717712 4000.000000 -50.000000
-912.707703 0.000000 -25.882000
-912.707703 4000.000000 -25.882000
-916.114685 0.000000 0.000000
-916.114685 4000.000000 0.000000
-912.707703 0.000000 25.882000
-912.707703 4000.000000 25.882000
-902.717712 0.000000 50.000000
-902.717712 4000.000000 50.000000
-886.825684 0.000000 70.710999
-886.825684 4000.000000 70.710999
-866.114685 0.000000 86.603004
-866.114685 4000.000000 86.603004
-841.996704 0.000000 96.593002
-841.996704 4000.000000 96.593002
-816.114685 0.000000 100.000000
-816.114685 4000.000000 100.000000
-790.232666 0.000000 96.593002
-790.232666 4000.000000 96.593002
-766.114685 0.000000 86.603004
-766.114685 4000.000000 86.603004
-745.403687 0.000000 70.710999
-745.403687 4000.000000 70.710999
-729.511658 0.000000 50.000000
-729.511658 4000.000000 50.000000
-719.521667 0.000000 25.882000
-719.521667 4000.000000 25.882000
-716.114685 0.000000 0.000000
-716.114685 4000.000000 0.000000
-719.521667 0.000000 -25.882000
-719.521667 4000.000000 -25.882000
-729.511658 0.000000 -50.000000
-729.511658 4000.000000 -50.000000
-745.403687 0.000000 -70.710999
-745.403687 4000.000000 -70.710999
-766.114685 0.000000 -86.603004
-766.114685 4000.000000 -86.603004
-790.232666 0.000000 -96.593002
0
138
27 23
31 23
31 19
33 19
43 3
43 1
45 1
41 19
43 19
43 17
13 17
27 31
33 37
5 43
7 43
43 13
9 43
37 19
19 39
9 13
19 23
6 46
6 0
4 0
34 14
34 16
20 16
6 10
44 6
44 10
26 30
26 32
24 32
24 34
34 20
22 34
38 10
34 10
12 34
42 10
10 40
38 34
47 1
0 46
47 0
47 46
45 47
46 44
45 46
45 44
43 45
44 42
43 44
43 42
41 43
42 40
41 42
41 40
39 41
40 38
39 40
39 38
37 39
38 36
37 38
37 36
35 37
36 34
35 36
35 34
33 35
34 32
33 34
33 32
31 33
32 30
31 32
31 30
29 31
30 28
29 30
29 28
27 29
28 26
27 28
27 26
25 27
26 24
25 26
25 24
23 25
24 22
23 24
23 22
21 23
22 20
21 22
21 20
19 21
20 18
19 20
19 18
17 19
18 16
17 18
17 16
15 17
16 14
15 16
15 14
13 15
14 12
13 14
13 12
11 13
12 10
11 12
11 10
9 11
10 8
9 10
9 8
7 9
8 6
7 8
7 6
5 7
6 4
5 6
5 4
3 5
4 2
3 4
3 2
1 3
2 0
1 2
0 1
92
3 138 137 136
3 -137 135 134
3 -134 133 132
3 -133 131 130
3 -130 129 128
3 -129 127 126
3 -126 125 124
3 -125 123 122
3 -122 121 120
3 -121 119 118
3 -118 117 116
3 -117 115 114
3 -114 113 112
3 -113 111 110
3 -110 109 108
3 -109 107 106
3 -106 105 104
3 -105 103 102
3 -102 101 100
3 -101 99 98
3 -98 97 96
3 -97 95 94
3 -94 93 92
3 -93 91 90
3 -90 89 88
3 -89 87 86
3 -86 85 84
3 -85 83 82
3 -82 81 80
3 -81 79 78
3 -78 77 76
3 -77 75 74
3 -74 73 72
3 -73 71 70
3 -70 69 68
3 -69 67 66
3 -66 65 64
3 -65 63 62
3 -62 61 60
3 -61 59 58
3 -58 57 56
3 -57 55 54
3 -54 53 52
3 -53 51 50
3 -50 49 48
3 -49 47 46
3 -46 45 44
3 -45 43 -138
3 -68 -64 42
3 41 -56 40
3 39 38 -116
3 -38 -42 37
3 -37 -60 -41
3 -96 36 35
3 -36 -92 34
3 -34 33 -72
3 -33 -88 32
3 -32 31 -76
3 -31 -84 -80
3 -52 30 -40
3 -30 29 28
3 -28 -124 -120
3 -100 27 -104
3 -27 -35 26
3 -26 25 -108
3 -25 -39 -112
3 -132 24 -136
3 -24 -128 23
3 -23 22 -44
3 -22 -29 -48
3 -95 -99 21
3 -115 -119 20
3 19 -63 18
3 -20 17 16
3 -17 -123 15
3 -15 -127 14
3 -67 -71 13
3 -79 -83 12
3 -111 11 -107
3 -11 -16 10
3 -10 9 -103
3 -9 -55 8
3 -8 -59 -19
3 -47 7 -43
3 -7 -51 6
3 -6 5 -135
3 -5 -14 -131
3 -13 4 -18
3 -4 -75 3
3 -3 2 -21
3 -2 -12 1
3 -1 -87 -91
0
0
5
*
48
864.466187 4000.000000 -96.593002
838.584167 0.000000 -100.000000
838.584167 4000.000000 -100.000000
812.702148 0.000000 -96.593002
812.702148 4000.000000 -96.593002
788.584167 0.000000 -86.603004
788.584167 4000.000000 -86.603004
767.873169 0.000000 -70.710999
767.873169 4000.000000 -70.710999
751.981140 0.000000 -50.000000
751.981140 4000.000000 -50.000000
741.991150 0.000000 -25.882000
741.991150 4000.000000 -25.882000
738.584167 0.000000 0.000000
738.584167 4000.000000 0.000000
741.991150 0.000000 25.882000
741.991150 4000.000000 25.882000
751.981140 0.000000 50.000000
751.981140 4000.000000 50.000000
767.873169 0.000000 70.710999
767.873169 4000.000000 70.710999
788.584167 0.000000 86.603004
788.584167 4000.000000 86.603004
812.702148 0.000000 96.593002
812.702148 4000.000000 96.593002
838.584167 0.000000 100.000000
838.584167 4000.000000 100.000000
864.466187 0.000000 96.593002
864.466187 4000.000000 96.593002
888.584167 0.000000 86.603004
888.584167 4000.000000 86.603004
909.295166 0.000000 70.710999
909.295166 4000.000000 70.710999
925.187195 0.000000 50.000000
925.187195 4000.000000 50.000000
935.177185 0.000000 25.882000
935.177185 4000.000000 25.882000
938.584167 0.000000 0.000000
938.584167 4000.000000 0.000000
935.177185 0.000000 -25.882000
935.177185 4000.000000 -25.882000
925.187195 0.000000 -50.000000
925.187195 4000.000000 -50.000000
909.295166 0.000000 -70.710999
909.295166 4000.000000 -70.710999
888.584167 0.000000 -86.603004
888.584167 4000.000000 -86.603004
864.466187 0.000000 -96.593002
0
138
27 23
31 23
31 19
33 19
43 3
43 1
45 1
41 19
43 19
43 17
13 17
27 31
33 37
5 43
7 43
43 13
9 43
37 19
19 39
9 13
19 23
6 46
6 0
4 0
34 14
34 16
20 16
6 10
44 6
44 10
26 30
26 32
24 32
24 34
34 20
22 34
38 10
34 10
12 34
42 10
10 40
38 34
47 1
0 46
47 0
47 46
45 47
46 44
45 46
45 44
43 45
44 42
43 44
43 42
41 43
42 40
41 42
41 40
39 41
40 38
39 40
39 38
37 39
38 36
37 38
37 36
35 37
36 34
35 36
35 34
33 35
34 32
33 34
33 32
31 33
32 30
31 32
31 30
29 31
30 28
29 30
29 28
27 29
28 26
27 28
27 26
25 27
26 24
25 26
25 24
23 25
24 22
23 24
23 22
21 23
22 20
21 22
21 20
19 21
20 18
19 20
19 18
17 19
18 16
17 18
17 16
15 17
16 14
15 16
15 14
13 15
14 12
13 14
13 12
11 13
12 10
11 12
11 10
9 11
10 8
9 10
9 8
7 9
8 6
7 8
7 6
5 7
6 4
5 6
5 4
3 5
4 2
3 4
3 2
1 3
2 0
1 2
0 1
92
3 138 137 136
3 -137 135 134
3 -134 133 132
3 -133 131 130
3 -130 129 128
3 -129 127 126
3 -126 125 124
3 -125 123 122
3 -122 121 120
3 -121 119 118
3 -118 117 116
3 -117 115 114
3 -114 113 112
3 -113 111 110
3 -110 109 108
3 -109 107 106
3 -106 105 104
3 -105 103 102
3 -102 101 100
3 -101 99 98
3 -98 97 96
3 -97 95 94
3 -94 93 92
3 -93 91 90
3 -90 89 88
3 -89 87 86
3 -86 85 84
3 -85 83 82
3 -82 81 80
3 -81 79 78
3 -78 77 76
3 -77 75 74
3 -74 73 72
3 -73 71 70
3 -70 69 68
3 -69 67 66
3 -66 65 64
3 -65 63 62
3 -62 61 60
3 -61 59 58
3 -58 57 56
3 -57 55 54
3 -54 53 52
3 -53 51 50
3 -50 49 48
3 -49 47 46
3 -46 45 44
3 -45 43 -138
3 -68 -64 42
3 41 -56 40
3 39 38 -116
3 -38 -42 37
3 -37 -60 -41
3 -96 36 35
3 -36 -92 34
3 -34 33 -72
3 -33 -88 32
3 -32 31 -76
3 -31 -84 -80
3 -52 30 -40
3 -30 29 28
3 -28 -124 -120
3 -100 27 -104
3 -27 -35 26
3 -26 25 -108
3 -25 -39 -112
3 -132 24 -136
3 -24 -128 23
3 -23 22 -44
3 -22 -29 -48
3 -95 -99 21
3 -115 -119 20
3 19 -63 18
3 -20 17 16
3 -17 -123 15
3 -15 -127 14
3 -67 -71 13
3 -79 -83 12
3 -111 11 -107
3 -11 -16 10
3 -10 9 -103
3 -9 -55 8
3 -8 -59 -19
3 -47 7 -43
3 -7 -51 6
3 -6 5 -135
3 -5 -14 -131
3 -13 4 -18
3 -4 -75 3
3 -3 2 -21
3 -2 -12 1
3 -1 -87 -91
0
0
5
*
48
654.323975 4000.000000 -96.593002
628.441956 0.000000 -100.000000
628.441956 4000.000000 -100.000000
602.559937 0.000000 -96.593002
602.559937 4000.000000 -96.593002
578.441956 0.000000 -86.603004
578.441956 4000.000000 -86.603004
557.730957 0.000000 -70.710999
557.730957 4000.000000 -70.710999
541.838928 0.000000 -50.000000
541.838928 4000.000000 -50.000000
531.848938 0.000000 -25.882000
531.848938 4000.000000 -25.882000
528.441956 0.000000 0.000000
528.441956 4000.000000 0.000000
531.848938 0.000000 25.882000
531.848938 4000.000000 25.882000
541.838928 0.000000 50.000000
541.838928 4000.000000 50.000000
557.730957 0.000000 70.710999
557.730957 4000.000000 70.710999
578.441956 0.000000 86.603004
578.441956 4000.000000 86.603004
602.559937 0.000000 96.593002
602.559937 4000.000000 96.593002
628.441956 0.000000 100.000000
628.441956 4000.000000 100.000000
654.323975 0.000000 96.593002
654.323975 4000.000000 96.593002
678.441956 0.000000 86.603004
678.441956 4000.000000 86.603004
699.152954 0.000000 70.710999
699.152954 4000.000000 70.710999
715.044983 0.000000 50.000000
715.044983 4000.000000 50.000000
725.034973 0.000000 25.882000
725.034973 4000.000000 25.882000
728.441956 0.000000 0.000000
728.441956 4000.000000 0.000000
725.034973 0.000000 -25.882000
725.034973 4000.000000 -25.882000
715.044983 0.000000 -50.000000
715.044983 4000.000000 -50.000000
699.152954 0.000000 -70.710999
699.152954 4000.000000 -70.710999
678.441956 0.000000 -86.603004
678.441956 4000.000000 -86.603004
654.323975 0.000000 -96.593002
0
138
27 23
31 23
31 19
33 19
43 3
43 1
45 1
41 19
43 19
43 17
13 17
27 31
33 37
5 43
7 43
43 13
9 43
37 19
19 39
9 13
19 23
6 46
6 0
4 0
34 14
34 16
20 16
6 10
44 6
44 10
26 30
26 32
24 32
24 34
34 20
22 34
38 10
34 10
12 34
42 10
10 40
38 34
47 1
0 46
47 0
47 46
45 47
46 44
45 46
45 44
43 45
44 42
43 44
43 42
41 43
42 40
41 42
41 40
39 41
40 38
39 40
39 38
37 39
38 36
37 38
37 36
35 37
36 34
35 36
35 34
33 35
34 32
33 34
33 32
31 33
32 30
31 32
31 30
29 31
30 28
29 30
29 28
27 29
28 26
27 28
27 26
25 27
26 24
25 26
25 24
23 25
24 22
23 24
23 22
21 23
22 20
21 22
21 20
19 21
20 18
19 20
19 18
17 19
18 16
17 18
17 16
15 17
16 14
15 16
15 14
13 15
14 12
13 14
13 12
11 13
12 10
11 12
11 10
9 11
10 8
9 10
9 8
7 9
8 6
7 8
7 6
5 7
6 4
5 6
5 4
3 5
4 2
3 4
3 2
1 3
2 0
1 2
0 1
92
3 138 137 136
3 -137 135 134
3 -134 133 132
3 -133 131 130
3 -130 129 128
3 -129 127 126
3 -126 125 124
3 -125 123 122
3 -122 121 120
3 -121 119 118
3 -118 117 116
3 -117 115 114
3 -114 113 112
3 -113 111 110
3 -110 109 108
3 -109 107 106
3 -106 105 104
3 -105 103 102
3 -102 101 100
3 -101 99 98
3 -98 97 96
3 -97 95 94
3 -94 93 92
3 -93 91 90
3 -90 89 88
3 -89 87 86
3 -86 85 84
3 -85 83 82
3 -82 81 80
3 -81 79 78
3 -78 77 76
3 -77 75 74
3 -74 73 72
3 -73 71 70
3 -70 69 68
3 -69 67 66
3 -66 65 64
3 -65 63 62
3 -62 61 60
3 -61 59 58
3 -58 57 56
3 -57 55 54
3 -54 53 52
3 -53 51 50
3 -50 49 48
3 -49 47 46
3 -46 45 44
3 -45 43 -138
3 -68 -64 42
3 41 -56 40
3 39 38 -116
3 -38 -42 37
3 -37 -60 -41
3 -96 36 35
3 -36 -92 34
3 -34 33 -72
3 -33 -88 32
3 -32 31 -76
3 -31 -84 -80
3 -52 30 -40
3 -30 29 28
3 -28 -124 -120
3 -100 27 -104
3 -27 -35 26
3 -26 25 -108
3 -25 -39 -112
3 -132 24 -136
3 -24 -128 23
3 -23 22 -44
3 -22 -29 -48
3 -95 -99 21
3 -115 -119 20
3 19 -63 18
3 -20 17 16
3 -17 -123 15
3 -15 -127 14
3 -67 -71 13
3 -79 -83 12
3 -111 11 -107
3 -11 -16 10
3 -10 9 -103
3 -9 -55 8
3 -8 -59 -19
3 -47 7 -43
3 -7 -51 6
3 -6 5 -135
3 -5 -14 -131
3 -13 4 -18
3 -4 -75 3
3 -3 2 -21
3 -2 -12 1
3 -1 -87 -91
0
0
5
*
48
-590.896301 4000.000000 -96.593002
-616.778320 0.000000 -100.000000
-616.778320 4000.000000 -100.000000
-642.660339 0.000000 -96.593002
-642.660339 4000.000000 -96.593002
-666.778320 0.000000 -86.603004
-666.778320 4000.000000 -86.603004
-687.489319 0.000000 -70.710999
-687.489319 4000.000000 -70.710999
-703.381348 0.000000 -50.000000
-703.381348 4000.000000 -50.000000
-713.371338 0.000000 -25.882000
-713.371338 4000.000000 -25.882000
-716.778320 0.000000 0.000000
-716.778320 4000.000000 0.000000
-713.371338 0.000000 25.882000
-713.371338 4000.000000 25.882000
-703.381348 0.000000 50.000000
-703.381348 4000.000000 50.000000
-687.489319 0.000000 70.710999
-687.489319 4000.000000 70.710999
-666.778320 0.000000 86.603004
-666.778320 4000.000000 86.603004
-642.660339 0.000000 96.593002
-642.660339 4000.000000 96.593002
-616.778320 0.000000 100.000000
-616.778320 4000.000000 100.000000
-590.896301 0.000000 96.593002
-590.896301 4000.000000 96.593002
-566.778320 0.000000 86.603004
-566.778320 4000.000000 86.603004
-546.067322 0.000000 70.710999
-546.067322 4000.000000 70.710999
-530.175293 0.000000 50.000000
-530.175293 4000.000000 50.000000
-520.185303 0.000000 25.882000
-520.185303 4000.000000 25.882000
-516.778320 0.000000 0.000000
-516.778320 4000.000000 0.000000
-520.185303 0.000000 -25.882000
-520.185303 4000.000000 -25.882000
-530.175293 0.000000 -50.000000
-530.175293 4000.000000 -50.000000
-546.067322 0.000000 -70.710999
-546.067322 4000.000000 -70.710999
-566.778320 0.000000 -86.603004
-566.778320 4000.000000 -86.603004
-590.896301 0.000000 -96.593002
0
138
27 23
31 23
31 19
33 19
43 3
43 1
45 1
41 19
43 19
43 17
13 17
27 31
33 37
5 43
7 43
43 13
9 43
37 19
19 39
9 13
19 23
6 46
6 0
4 0
34 14
34 16
20 16
6 10
44 6
44 10
26 30
26 32
24 32
24 34
34 20
22 34
38 10
34 10
12 34
42 10
10 40
38 34
47 1
0 46
47 0
47 46
45 47
46 44
45 46
45 44
43 45
44 42
43 44
43 42
41 43
42 40
41 42
41 40
39 41
40 38
39 40
39 38
37 39
38 36
37 38
37 36
35 37
36 34
35 36
35 34
33 35
34 32
33 34
33 32
31 33
32 30
31 32
31 30
29 31
30 28
29 30
29 28
27 29
28 26
27 28
27 26
25 27
26 24
25 26
25 24
23 25
24 22
23 24
23 22
21 23
22 20
21 22
21 20
19 21
20 18
19 20
19 18
17 19
18 16
17 18
17 16
15 17
16 14
15 16
15 14
13 15
14 12
13 14
13 12
11 13
12 10
11 12
11 10
9 11
10 8
9 10
9 8
7 9
8 6
7 8
7 6
5 7
6 4
5 6
5 4
3 5
4 2
3 4
3 2
1 3
2 0
1 2
0 1
92
3 138 137 136
3 -137 135 134
3 -134 133 132
3 -133 131 130
3 -130 129 128
3 -129 127 126
3 -126 125 124
3 -125 123 122
3 -122 121 120
3 -121 119 118
3 -118 117 116
3 -117 115 114
3 -114 113 112
3 -113 111 110
3 -110 109 108
3 -109 107 106
3 -106 105 104
3 -105 103 102
3 -102 101 100
3 -101 99 98
3 -98 97 96
3 -97 95 94
3 -94 93 92
3 -93 91 90
3 -90 89 88
3 -89 87 86
3 -86 85 84
3 -85 83 82
3 -82 81 80
3 -81 79 78
3 -78 77 76
3 -77 75 74
3 -74 73 72
3 -73 71 70
3 -70 69 68
3 -69 67 66
3 -66 65 64
3 -65 63 62
3 -62 61 60
3 -61 59 58
3 -58 57 56
3 -57 55 54
3 -54 53 52
3 -53 51 50
3 -50 49 48
3 -49 47 46
3 -46 45 44
3 -45 43 -138
3 -68 -64 42
3 41 -56 40
3 39 38 -116
3 -38 -42 37
3 -37 -60 -41
3 -96 36 35
3 -36 -92 34
3 -34 33 -72
3 -33 -88 32
3 -32 31 -76
3 -31 -84 -80
3 -52 30 -40
3 -30 29 28
3 -28 -124 -120
3 -100 27 -104
3 -27 -35 26
3 -26 25 -108
3 -25 -39 -112
3 -132 24 -136
3 -24 -128 23
3 -23 22 -44
3 -22 -29 -48
3 -95 -99 21
3 -115 -119 20
3 19 -63 18
3 -20 17 16
3 -17 -123 15
3 -15 -127 14
3 -67 -71 13
3 -79 -83 12
3 -111 11 -107
3 -11 -16 10
3 -10 9 -103
3 -9 -55 8
3 -8 -59 -19
3 -47 7 -43
3 -7 -51 6
3 -6 5 -135
3 -5 -14 -131
3 -13 4 -18
3 -4 -75 3
3 -3 2 -21
3 -2 -12 1
3 -1 -87 -91
0
0
5
*
48
-380.233246 4000.000000 -96.593002
-406.115234 0.000000 -100.000000
-406.115234 4000.000000 -100.000000
-431.997223 0.000000 -96.593002
-431.997223 4000.000000 -96.593002
-456.115234 0.000000 -86.603004
-456.115234 4000.000000 -86.603004
-476.826233 0.000000 -70.710999
-476.826233 4000.000000 -70.710999
-492.718231 0.000000 -50.000000
-492.718231 4000.000000 -50.000000
-502.708252 0.000000 -25.882000
-502.708252 4000.000000 -25.882000
-506.115234 0.000000 0.000000
-506.115234 4000.000000 0.000000
-502.708252 0.000000 25.882000
-502.708252 4000.000000 25.882000
-492.718231 0.000000 50.000000
-492.718231 4000.000000 50.000000
-476.826233 0.000000 70.710999
-476.826233 4000.000000 70.710999
-456.115234 0.000000 86.603004
-456.115234 4000.000000 86.603004
-431.997223 0.000000 96.593002
-431.997223 4000.000000 96.593002
-406.115234 0.000000 100.000000
-406.115234 4000.000000 100.000000
-380.233246 0.000000 96.593002
-380.233246 4000.000000 96.593002
-356.115234 0.000000 86.603004
-356.115234 4000.000000 86.603004
-335.404236 0.000000 70.710999
-335.404236 4000.000000 70.710999
-319.512238 0.000000 50.000000
-319.512238 4000.000000 50.000000
-309.522217 0.000000 25.882000
-309.522217 4000.000000 25.882000
-306.115234 0.000000 0.000000
-306.115234 4000.000000 0.000000
-309.522217 0.000000 -25.882000
-309.522217 4000.000000 -25.882000
-319.512238 0.000000 -50.000000
-319.512238 4000.000000 -50.000000
-335.404236 0.000000 -70.710999
-335.404236 4000.000000 -70.710999
-356.115234 0.000000 -86.603004
-356.115234 4000.000000 -86.603004
-380.233246 0.000000 -96.593002
0
138
27 23
31 23
31 19
33 19
43 3
43 1
45 1
41 19
43 19
43 17
13 17
27 31
33 37
5 43
7 43
43 13
9 43
37 19
19 39
9 13
19 23
6 46
6 0
4 0
34 14
34 16
20 16
6 10
44 6
44 10
26 30
26 32
24 32
24 34
34 20
22 34
38 10
34 10
12 34
42 10
10 40
38 34
47 1
0 46
47 0
47 46
45 47
46 44
45 46
45 44
43 45
44 42
43 44
43 42
41 43
42 40
41 42
41 40
39 41
40 38
39 40
39 38
37 39
38 36
37 38
37 36
35 37
36 34
35 36
35 34
33 35
34 32
33 34
33 32
31 33
32 30
31 32
31 30
29 31
30 28
29 30
29 28
27 29
28 26
27 28
27 26
25 27
26 24
25 26
25 24
23 25
24 22
23 24
23 22
21 23
22 20
21 22
21 20
19 21
20 18
19 20
19 18
17 19
18 16
17 18
17 16
15 17
16 14
15 16
15 14
13 15
14 12
13 14
13 12
11 13
12 10
11 12
11 10
9 11
10 8
9 10
9 8
7 9
8 6
7 8
7 6
5 7
6 4
5 6
5 4
3 5
4 2
3 4
3 2
1 3
2 0
1 2
0 1
92
3 138 137 136
3 -137 135 134
3 -134 133 132
3 -133 131 130
3 -130 129 128
3 -129 127 126
3 -126 125 124
3 -125 123 122
3 -122 121 120
3 -121 119 118
3 -118 117 116
3 -117 115 114
3 -114 113 112
3 -113 111 110
3 -110 109 108
3 -109 107 106
3 -106 105 104
3 -105 103 102
3 -102 101 100
3 -101 99 98
3 -98 97 96
3 -97 95 94
3 -94 93 92
3 -93 91 90
3 -90 89 88
3 -89 87 86
3 -86 85 84
3 -85 83 82
3 -82 81 80
3 -81 79 78
3 -78 77 76
3 -77 75 74
3 -74 73 72
3 -73 71 70
3 -70 69 68
3 -69 67 66
3 -66 65 64
3 -65 63 62
3 -62 61 60
3 -61 59 58
3 -58 57 56
3 -57 55 54
3 -54 53 52
3 -53 51 50
3 -50 49 48
3 -49 47 46
3 -46 45 44
3 -45 43 -138
3 -68 -64 42
3 41 -56 40
3 39 38 -116
3 -38 -42 37
3 -37 -60 -41
3 -96 36 35
3 -36 -92 34
3 -34 33 -72
3 -33 -88 32
3 -32 31 -76
3 -31 -84 -80
3 -52 30 -40
3 -30 29 28
3 -28 -124 -120
3 -100 27 -104
3 -27 -35 26
3 -26 25 -108
3 -25 -39 -112
3 -132 24 -136
3 -24 -128 23
3 -23 22 -44
3 -22 -29 -48
3 -95 -99 21
3 -115 -119 20
3 19 -63 18
3 -20 17 16
3 -17 -123 15
3 -15 -127 14
3 -67 -71 13
3 -79 -83 12
3 -111 11 -107
3 -11 -16 10
3 -10 9 -103
3 -9 -55 8
3 -8 -59 -19
3 -47 7 -43
3 -7 -51 6
3 -6 5 -135
3 -5 -14 -131
3 -13 4 -18
3 -4 -75 3
3 -3 2 -21
3 -2 -12 1
3 -1 -87 -91
0
0
5
*
48
-174.601974 4000.000000 -96.593002
-200.483978 0.000000 -100.000000
-200.483978 4000.000000 -100.000000
-226.365982 0.000000 -96.593002
-226.365982 4000.000000 -96.593002
-250.483978 0.000000 -86.603004
-250.483978 4000.000000 -86.603004
-271.194977 0.000000 -70.710999
-271.194977 4000.000000 -70.710999
-287.086975 0.000000 -50.000000
-287.086975 4000.000000 -50.000000
-297.076965 0.000000 -25.882000
-297.076965 4000.000000 -25.882000
-300.483978 0.000000 0.000000
-300.483978 4000.000000 0.000000
-297.076965 0.000000 25.882000
-297.076965 4000.000000 25.882000
-287.086975 0.000000 50.000000
-287.086975 4000.000000 50.000000
-271.194977 0.000000 70.710999
-271.194977 4000.000000 70.710999
-250.483978 0.000000 86.603004
-250.483978 4000.000000 86.603004
-226.365982 0.000000 96.593002
-226.365982 4000.000000 96.593002
-200.483978 0.000000 100.000000
-200.483978 4000.000000 100.000000
-174.601974 0.000000 96.593002
-174.601974 4000.000000 96.593002
-150.483978 0.000000 86.603004
-150.483978 4000.000000 86.603004
-129.772980 0.000000 70.710999
-129.772980 4000.000000 70.710999
-113.880974 0.000000 50.000000
-113.880974 4000.000000 50.000000
-103.890976 0.000000 25.882000
-103.890976 4000.000000 25.882000
-100.483978 0.000000 0.000000
-100.483978 4000.000000 0.000000
-103.890976 0.000000 -25.882000
-103.890976 4000.000000 -25.882000
-113.880974 0.000000 -50.000000
-113.880974 4000.000000 -50.000000
-129.772980 0.000000 -70.710999
-129.772980 4000.000000 -70.710999
-150.483978 0.000000 -86.603004
-150.483978 4000.000000 -86.603004
-174.601974 0.000000 -96.593002
0
138
27 23
31 23
31 19
33 19
43 3
43 1
45 1
41 19
43 19
43 17
13 17
27 31
33 37
5 43
7 43
43 13
9 43
37 19
19 39
9 13
19 23
6 46
6 0
4 0
34 14
34 16
20 16
6 10
44 6
44 10
26 30
26 32
24 32
24 34
34 20
22 34
38 10
34 10
12 34
42 10
10 40
38 34
47 1
0 46
47 0
47 46
45 47
46 44
45 46
45 44
43 45
44 42
43 44
43 42
41 43
42 40
41 42
41 40
39 41
40 38
39 40
39 38
37 39
38 36
37 38
37 36
35 37
36 34
35 36
35 34
33 35
34 32
33 34
33 32
31 33
32 30
31 32
31 30
29 31
30 28
29 30
29 28
27 29
28 26
27 28
27 26
25 27
26 24
25 26
25 24
23 25
24 22
23 24
23 22
21 23
22 20
21 22
21 20
19 21
20 18
19 20
19 18
17 19
18 16
17 18
17 16
15 17
16 14
15 16
15 14
13 15
14 12
13 14
13 12
11 13
12 10
11 12
11 10
9 11
10 8
9 10
9 8
7 9
8 6
7 8
7 6
5 7
6 4
5 6
5 4
3 5
4 2
3 4
3 2
1 3
2 0
1 2
0 1
92
3 138 137 136
3 -137 135 134
3 -134 133 132
3 -133 131 130
3 -130 129 128
3 -129 127 126
3 -126 125 124
3 -125 123 122
3 -122 121 120
3 -121 119 118
3 -118 117 116
3 -117 115 114
3 -114 113 112
3 -113 111 110
3 -110 109 108
3 -109 107 106
3 -106 105 104
3 -105 103 102
3 -102 101 100
3 -101 99 98
3 -98 97 96
3 -97 95 94
3 -94 93 92
3 -93 91 90
3 -90 89 88
3 -89 87 86
3 -86 85 84
3 -85 83 82
3 -82 81 80
3 -81 79 78
3 -78 77 76
3 -77 75 74
3 -74 73 72
3 -73 71 70
3 -70 69 68
3 -69 67 66
3 -66 65 64
3 -65 63 62
3 -62 61 60
3 -61 59 58
3 -58 57 56
3 -57 55 54
3 -54 53 52
3 -53 51 50
3 -50 49 48
3 -49 47 46
3 -46 45 44
3 -45 43 -138
3 -68 -64 42
3 41 -56 40
3 39 38 -116
3 -38 -42 37
3 -37 -60 -41
3 -96 36 35
3 -36 -92 34
3 -34 33 -72
3 -33 -88 32
3 -32 31 -76
3 -31 -84 -80
3 -52 30 -40
3 -30 29 28
3 -28 -124 -120
3 -100 27 -104
3 -27 -35 26
3 -26 25 -108
3 -25 -39 -112
3 -132 24 -136
3 -24 -128 23
3 -23 22 -44
3 -22 -29 -48
3 -95 -99 21
3 -115 -119 20
3 19 -63 18
3 -20 17 16
3 -17 -123 15
3 -15 -127 14
3 -67 -71 13
3 -79 -83 12
3 -111 11 -107
3 -11 -16 10
3 -10 9 -103
3 -9 -55 8
3 -8 -59 -19
3 -47 7 -43
3 -7 -51 6
3 -6 5 -135
3 -5 -14 -131
3 -13 4 -18
3 -4 -75 3
3 -3 2 -21
3 -2 -12 1
3 -1 -87 -91
0
0
5
*
48
445.135986 4000.000000 -96.593002
419.253998 0.000000 -100.000000
419.253998 4000.000000 -100.000000
393.372009 0.000000 -96.593002
393.372009 4000.000000 -96.593002
369.253998 0.000000 -86.603004
369.253998 4000.000000 -86.603004
348.542999 0.000000 -70.710999
348.542999 4000.000000 -70.710999
332.651001 0.000000 -50.000000
332.651001 4000.000000 -50.000000
322.661011 0.000000 -25.882000
322.661011 4000.000000 -25.882000
319.253998 0.000000 0.000000
319.253998 4000.000000 0.000000
322.661011 0.000000 25.882000
322.661011 4000.000000 25.882000
332.651001 0.000000 50.000000
332.651001 4000.000000 50.000000
348.542999 0.000000 70.710999
348.542999 4000.000000 70.710999
369.253998 0.000000 86.603004
369.253998 4000.000000 86.603004
393.372009 0.000000 96.593002
393.372009 4000.000000 96.593002
419.253998 0.000000 100.000000
419.253998 4000.000000 100.000000
445.135986 0.000000 96.593002
445.135986 4000.000000 96.593002
469.253998 0.000000 86.603004
469.253998 4000.000000 86.603004
489.964996 0.000000 70.710999
489.964996 4000.000000 70.710999
505.856995 0.000000 50.000000
505.856995 4000.000000 50.000000
515.846985 0.000000 25.882000
515.846985 4000.000000 25.882000
519.254028 0.000000 0.000000
519.254028 4000.000000 0.000000
515.846985 0.000000 -25.882000
515.846985 4000.000000 -25.882000
505.856995 0.000000 -50.000000
505.856995 4000.000000 -50.000000
489.964996 0.000000 -70.710999
489.964996 4000.000000 -70.710999
469.253998 0.000000 -86.603004
469.253998 4000.000000 -86.603004
445.135986 0.000000 -96.593002
0
138
27 23
31 23
31 19
33 19
43 3
43 1
45 1
41 19
43 19
43 17
13 17
27 31
33 37
5 43
7 43
43 13
9 43
37 19
19 39
9 13
19 23
6 46
6 0
4 0
34 14
34 16
20 16
6 10
44 6
44 10
26 30
26 32
24 32
24 34
34 20
22 34
38 10
34 10
12 34
42 10
10 40
38 34
47 1
0 46
47 0
47 46
45 47
46 44
45 46
45 44
43 45
44 42
43 44
43 42
41 43
42 40
41 42
41 40
39 41
40 38
39 40
39 38
37 39
38 36
37 38
37 36
35 37
36 34
35 36
35 34
33 35
34 32
33 34
33 32
31 33
32 30
31 32
31 30
29 31
30 28
29 30
29 28
27 29
28 26
27 28
27 26
25 27
26 24
25 26
25 24
23 25
24 22
23 24
23 22
21 23
22 20
21 22
21 20
19 21
20 18
19 20
19 18
17 19
18 16
17 18
17 16
15 17
16 14
15 16
15 14
13 15
14 12
13 14
13 12
11 13
12 10
11 12
11 10
9 11
10 8
9 10
9 8
7 9
8 6
7 8
7 6
5 7
6 4
5 6
5 4
3 5
4 2
3 4
3 2
1 3
2 0
1 2
0 1
92
3 138 137 136
3 -137 135 134
3 -134 133 132
3 -133 131 130
3 -130 129 128
3 -129 127 126
3 -126 125 124
3 -125 123 122
3 -122 121 120
3 -121 119 118
3 -118 117 116
3 -117 115 114
3 -114 113 112
3 -113 111 110
3 -110 109 108
3 -109 107 106
3 -106 105 104
3 -105 103 102
3 -102 101 100
3 -101 99 98
3 -98 97 96
3 -97 95 94
3 -94 93 92
3 -93 91 90
3 -90 89 88
3 -89 87 86
3 -86 85 84
3 -85 83 82
3 -82 81 80
3 -81 79 78
3 -78 77 76
3 -77 75 74
3 -74 73 72
3 -73 71 70
3 -70 69 68
3 -69 67 66
3 -66 65 64
3 -65 63 62
3 -62 61 60
3 -61 59 58
3 -58 57 56
3 -57 55 54
3 -54 53 52
3 -53 51 50
3 -50 49 48
3 -49 47 46
3 -46 45 44
3 -45 43 -138
3 -68 -64 42
3 41 -56 40
3 39 38 -116
3 -38 -42 37
3 -37 -60 -41
3 -96 36 35
3 -36 -92 34
3 -34 33 -72
3 -33 -88 32
3 -32 31 -76
3 -31 -84 -80
3 -52 30 -40
3 -30 29 28
3 -28 -124 -120
3 -100 27 -104
3 -27 -35 26
3 -26 25 -108
3 -25 -39 -112
3 -132 24 -136
3 -24 -128 23
3 -23 22 -44
3 -22 -29 -48
3 -95 -99 21
3 -115 -119 20
3 19 -63 18
3 -20 17 16
3 -17 -123 15
3 -15 -127 14
3 -67 -71 13
3 -79 -83 12
3 -111 11 -107
3 -11 -16 10
3 -10 9 -103
3 -9 -55 8
3 -8 -59 -19
3 -47 7 -43
3 -7 -51 6
3 -6 5 -135
3 -5 -14 -131
3 -13 4 -18
3 -4 -75 3
3 -3 2 -21
3 -2 -12 1
3 -1 -87 -91
0
0
5
*
48
230.892776 4000.000000 -96.593002
205.010773 0.000000 -100.000000
205.010773 4000.000000 -100.000000
179.128769 0.000000 -96.593002
179.128769 4000.000000 -96.593002
155.010773 0.000000 -86.603004
155.010773 4000.000000 -86.603004
134.299774 0.000000 -70.710999
134.299774 4000.000000 -70.710999
118.407768 0.000000 -50.000000
118.407768 4000.000000 -50.000000
108.417770 0.000000 -25.882000
108.417770 4000.000000 -25.882000
105.010773 0.000000 0.000000
105.010773 4000.000000 0.000000
108.417770 0.000000 25.882000
108.417770 4000.000000 25.882000
118.407768 0.000000 50.000000
118.407768 4000.000000 50.000000
134.299774 0.000000 70.710999
134.299774 4000.000000 70.710999
155.010773 0.000000 86.603004
155.010773 4000.000000 86.603004
179.128769 0.000000 96.593002
179.128769 4000.000000 96.593002
205.010773 0.000000 100.000000
205.010773 4000.000000 100.000000
230.892776 0.000000 96.593002
230.892776 4000.000000 96.593002
255.010773 0.000000 86.603004
255.010773 4000.000000 86.603004
275.721771 0.000000 70.710999
275.721771 4000.000000 70.710999
291.613770 0.000000 50.000000
291.613770 4000.000000 50.000000
301.603760 0.000000 25.882000
301.603760 4000.000000 25.882000
305.010773 0.000000 0.000000
305.010773 4000.000000 0.000000
301.603760 0.000000 -25.882000
301.603760 4000.000000 -25.882000
291.613770 0.000000 -50.000000
291.613770 4000.000000 -50.000000
275.721771 0.000000 -70.710999
275.721771 4000.000000 -70.710999
255.010773 0.000000 -86.603004
255.010773 4000.000000 -86.603004
230.892776 0.000000 -96.593002
0
138
27 23
31 23
31 19
33 19
43 3
43 1
45 1
41 19
43 19
43 17
13 17
27 31
33 37
5 43
7 43
43 13
9 43
37 19
19 39
9 13
19 23
6 46
6 0
4 0
34 14
34 16
20 16
6 10
44 6
44 10
26 30
26 32
24 32
24 34
34 20
22 34
38 10
34 10
12 34
42 10
10 40
38 34
47 1
0 46
47 0
47 46
45 47
46 44
45 46
45 44
43 45
44 42
43 44
43 42
41 43
42 40
41 42
41 40
39 41
40 38
39 40
39 38
37 39
38 36
37 38
37 36
35 37
36 34
35 36
35 34
33 35
34 32
33 34
33 32
31 33
32 30
31 32
31 30
29 31
30 28
29 30
29 28
27 29
28 26
27 28
27 26
25 27
26 24
25 26
25 24
23 25
24 22
23 24
23 22
21 23
22 20
21 22
21 20
19 21
20 18
19 20
19 18
17 19
18 16
17 18
17 16
15 17
16 14
15 16
15 14
13 15
14 12
13 14
13 12
11 13
12 10
11 12
11 10
9 11
10 8
9 10
9 8
7 9
8 6
7 8
7 6
5 7
6 4
5 6
5 4
3 5
4 2
3 4
3 2
1 3
2 0
1 2
0 1
92
3 138 137 136
3 -137 135 134
3 -134 133 132
3 -133 131 130
3 -130 129 128
3 -129 127 126
3 -126 125 124
3 -125 123 122
3 -122 121 120
3 -121 119 118
3 -118 117 116
3 -117 115 114
3 -114 113 112
3 -113 111 110
3 -110 109 108
3 -109 107 106
3 -106 105 104
3 -105 103 102
3 -102 101 100
3 -101 99 98
3 -98 97 96
3 -97 95 94
3 -94 93 92
3 -93 91 90
3 -90 89 88
3 -89 87 86
3 -86 85 84
3 -85 83 82
3 -82 81 80
3 -81 79 78
3 -78 77 76
3 -77 75 74
3 -74 73 72
3 -73 71 70
3 -70 69 68
3 -69 67 66
3 -66 65 64
3 -65 63 62
3 -62 61 60
3 -61 59 58
3 -58 57 56
3 -57 55 54
3 -54 53 52
3 -53 51 50
3 -50 49 48
3 -49 47 46
3 -46 45 44
3 -45 43 -138
3 -68 -64 42
3 41 -56 40
3 39 38 -116
3 -38 -42 37
3 -37 -60 -41
3 -96 36 35
3 -36 -92 34
3 -34 33 -72
3 -33 -88 32
3 -32 31 -76
3 -31 -84 -80
3 -52 30 -40
3 -30 29 28
3 -28 -124 -120
3 -100 27 -104
3 -27 -35 26
3 -26 25 -108
3 -25 -39 -112
3 -132 24 -136
3 -24 -128 23
3 -23 22 -44
3 -22 -29 -48
3 -95 -99 21
3 -115 -119 20
3 19 -63 18
3 -20 17 16
3 -17 -123 15
3 -15 -127 14
3 -67 -71 13
3 -79 -83 12
3 -111 11 -107
3 -11 -16 10
3 -10 9 -103
3 -9 -55 8
3 -8 -59 -19
3 -47 7 -43
3 -7 -51 6
3 -6 5 -135
3 -5 -14 -131
3 -13 4 -18
3 -4 -75 3
3 -3 2 -21
3 -2 -12 1
3 -1 -87 -91
0
0
5
*
48
25.882000 4000.000000 -96.593002
0.000000 0.000000 -100.000000
0.000000 4000.000000 -100.000000
-25.882000 0.000000 -96.593002
-25.882000 4000.000000 -96.593002
-50.000000 0.000000 -86.603004
-50.000000 4000.000000 -86.603004
-70.710999 0.000000 -70.710999
-70.710999 4000.000000 -70.710999
-86.603004 0.000000 -50.000000
-86.603004 4000.000000 -50.000000
-96.593002 0.000000 -25.882000
-96.593002 4000.000000 -25.882000
-100.000000 0.000000 0.000000
-100.000000 4000.000000 0.000000
-96.593002 0.000000 25.882000
-96.593002 4000.000000 25.882000
-86.603004 0.000000 50.000000
-86.603004 4000.000000 50.000000
-70.710999 0.000000 70.710999
-70.710999 4000.000000 70.710999
-50.000000 0.000000 86.603004
-50.000000 4000.000000 86.603004
-25.882000 0.000000 96.593002
-25.882000 4000.000000 96.593002
0.000000 0.000000 100.000000
0.000000 4000.000000 100.000000
25.882000 0.000000 96.593002
25.882000 4000.000000 96.593002
50.000000 0.000000 86.603004
50.000000 4000.000000 86.603004
70.710999 0.000000 70.710999
70.710999 4000.000000 70.710999
86.603004 0.000000 50.000000
86.603004 4000.000000 50.000000
96.593002 0.000000 25.882000
96.593002 4000.000000 25.882000
100.000000 0.000000 0.000000
100.000000 4000.000000 0.000000
96.593002 0.000000 -25.882000
96.593002 4000.000000 -25.882000
86.603004 0.000000 -50.000000
86.603004 4000.000000 -50.000000
70.710999 0.000000 -70.710999
70.710999 4000.000000 -70.710999
50.000000 0.000000 -86.603004
50.000000 4000.000000 -86.603004
25.882000 0.000000 -96.593002
0
138
27 23
31 23
31 19
33 19
43 3
43 1
45 1
41 19
43 19
43 17
13 17
27 31
33 37
5 43
7 43
43 13
9 43
37 19
19 39
9 13
19 23
6 46
6 0
4 0
34 14
34 16
20 16
6 10
44 6
44 10
26 30
26 32
24 32
24 34
34 20
22 34
38 10
34 10
12 34
42 10
10 40
38 34
47 1
0 46
47 0
47 46
45 47
46 44
45 46
45 44
43 45
44 42
43 44
43 42
41 43
42 40
41 42
41 40
39 41
40 38
39 40
39 38
37 39
38 36
37 38
37 36
35 37
36 34
35 36
35 34
33 35
34 32
33 34
33 32
31 33
32 30
31 32
31 30
29 31
30 28
29 30
29 28
27 29
28 26
27 28
27 26
25 27
26 24
25 26
25 24
23 25
24 22
23 24
23 22
21 23
22 20
21 22
21 20
19 21
20 18
19 20
19 18
17 19
18 16
17 18
17 16
15 17
16 14
15 16
15 14
13 15
14 12
13 14
13 12
11 13
12 10
11 12
11 10
9 11
10 8
9 10
9 8
7 9
8 6
7 8
7 6
5 7
6 4
5 6
5 4
3 5
4 2
3 4
3 2
1 3
2 0
1 2
0 1
92
3 138 137 136
3 -137 135 134
3 -134 133 132
3 -133 131 130
3 -130 129 128
3 -129 127 126
3 -126 125 124
3 -125 123 122
3 -122 121 120
3 -121 119 118
3 -118 117 116
3 -117 115 114
3 -114 113 112
3 -113 111 110
3 -110 109 108
3 -109 107 106
3 -106 105 104
3 -105 103 102
3 -102 101 100
3 -101 99 98
3 -98 97 96
3 -97 95 94
3 -94 93 92
3 -93 91 90
3 -90 89 88
3 -89 87 86
3 -86 85 84
3 -85 83 82
3 -82 81 80
3 -81 79 78
3 -78 77 76
3 -77 75 74
3 -74 73 72
3 -73 71 70
3 -70 69 68
3 -69 67 66
3 -66 65 64
3 -65 63 62
3 -62 61 60
3 -61 59 58
3 -58 57 56
3 -57 55 54
3 -54 53 52
3 -53 51 50
3 -50 49 48
3 -49 47 46
3 -46 45 44
3 -45 43 -138
3 -68 -64 42
3 41 -56 40
3 39 38 -116
3 -38 -42 37
3 -37 -60 -41
3 -96 36 35
3 -36 -92 34
3 -34 33 -72
3 -33 -88 32
3 -32 31 -76
3 -31 -84 -80
3 -52 30 -40
3 -30 29 28
3 -28 -124 -120
3 -100 27 -104
3 -27 -35 26
3 -26 25 -108
3 -25 -39 -112
3 -132 24 -136
3 -24 -128 23
3 -23 22 -44
3 -22 -29 -48
3 -95 -99 21
3 -115 -119 20
3 19 -63 18
3 -20 17 16
3 -17 -123 15
3 -15 -127 14
3 -67 -71 13
3 -79 -83 12
3 -111 11 -107
3 -11 -16 10
3 -10 9 -103
3 -9 -55 8
3 -8 -59 -19
3 -47 7 -43
3 -7 -51 6
3 -6 5 -135
3 -5 -14 -131
3 -13 4 -18
3 -4 -75 3
3 -3 2 -21
3 -2 -12 1
3 -1 -87 -91
0
0
