12
0
0
0
1
-2
*
48
-28783.896484 49.750000 55.902252
1216.103516 49.750000 55.902252
-28783.896484 43.084759 31.027245
1216.103516 43.084759 31.027245
-28783.896484 24.874996 12.817485
1216.103516 24.874996 12.817485
-28783.896484 0.000000 6.152252
1216.103516 0.000000 6.152252
-28783.896484 -24.874996 12.817485
1216.103516 -24.874996 12.817485
-28783.896484 -43.084763 31.027252
1216.103516 -43.084763 31.027252
-28783.896484 -49.750000 55.902252
1216.103516 -49.750000 55.902252
-28783.896484 -43.084763 80.777252
1216.103516 -43.084763 80.777252
-28783.896484 -24.875004 98.987022
1216.103516 -24.875004 98.987022
-28783.896484 0.000000 105.652252
1216.103516 0.000000 105.652252
-28783.896484 24.875000 98.987022
1216.103516 24.875000 98.987022
-28783.896484 43.084763 80.777252
1216.103516 43.084763 80.777252
-28783.896484 50.750000 55.902252
1216.103516 50.750000 55.902252
-28783.896484 43.950787 30.527245
1216.103516 43.950787 30.527245
-28783.896484 25.374996 11.951462
1216.103516 25.374996 11.951462
-28783.896484 0.000000 5.152252
1216.103516 0.000000 5.152252
-28783.896484 -25.374996 11.951462
1216.103516 -25.374996 11.951462
-28783.896484 -43.950790 30.527252
1216.103516 -43.950790 30.527252
-28783.896484 -50.750000 55.902252
1216.103516 -50.750000 55.902252
-28783.896484 -43.950790 81.277252
1216.103516 -43.950790 81.277252
-28783.896484 -25.375004 99.853043
1216.103516 -25.375004 99.853043
-28783.896484 0.000000 106.652252
1216.103516 0.000000 106.652252
-28783.896484 25.374998 99.853050
1216.103516 25.374998 99.853050
-28783.896484 43.950790 81.277252
1216.103516 43.950790 81.277252
0
144
25 47
23 1
47 45
23 47
21 23
45 43
21 45
19 21
43 41
19 43
17 19
41 39
17 41
15 17
39 37
15 39
13 15
37 35
13 37
11 13
35 33
11 35
9 11
33 31
9 33
7 9
31 29
7 31
5 7
29 27
5 29
3 5
27 25
3 27
1 3
25 1
24 26
2 0
26 28
2 26
4 2
28 30
4 28
6 4
30 32
6 30
8 6
32 34
8 32
10 8
34 36
10 34
12 10
36 38
12 36
14 12
38 40
14 38
16 14
40 42
16 40
18 16
42 44
18 42
20 18
44 46
20 44
22 20
46 24
22 46
0 22
24 0
25 27
26 24
27 29
26 27
28 26
29 31
28 29
30 28
31 33
30 31
32 30
33 35
32 33
34 32
35 37
34 35
36 34
37 39
36 37
38 36
39 41
38 39
40 38
41 43
40 41
42 40
43 45
42 43
44 42
45 47
44 45
46 44
25 24
47 25
46 47
24 46
3 1
0 2
5 3
3 2
2 4
7 5
5 4
4 6
9 7
7 6
6 8
11 9
9 8
8 10
13 11
11 10
10 12
15 13
13 12
12 14
17 15
15 14
14 16
19 17
17 16
16 18
21 19
19 18
18 20
23 21
21 20
20 22
0 1
1 23
23 22
22 0
48
4 -4 2 -36 1
4 -7 5 4 3
4 -10 8 7 6
4 -13 11 10 9
4 -16 14 13 12
4 -19 17 16 15
4 -22 20 19 18
4 -25 23 22 21
4 -28 26 25 24
4 -31 29 28 27
4 -34 32 31 30
4 36 35 34 33
4 -40 38 -72 37
4 -43 41 40 39
4 -46 44 43 42
4 -49 47 46 45
4 -52 50 49 48
4 -55 53 52 51
4 -58 56 55 54
4 -61 59 58 57
4 -64 62 61 60
4 -67 65 64 63
4 -70 68 67 66
4 72 71 70 69
4 74 -105 73 -76
4 77 76 75 -79
4 80 79 78 -82
4 83 82 81 -85
4 86 85 84 -88
4 89 88 87 -91
4 92 91 90 -94
4 95 94 93 -97
4 98 97 96 -100
4 101 100 99 -103
4 104 103 102 -107
4 108 107 106 105
4 -112 109 -141 110
4 -115 111 112 113
4 -118 114 115 116
4 -121 117 118 119
4 -124 120 121 122
4 -127 123 124 125
4 -130 126 127 128
4 -133 129 130 131
4 -136 132 133 134
4 -139 135 136 137
4 -143 138 139 140
4 141 142 143 144
0
0
