12
0
0
0
1
-2
*
48
1216.103516 263.704742 487.663513
-28783.896484 263.704742 487.663513
1216.103516 152.249985 599.118286
-28783.896484 152.249985 599.118286
1216.103516 0.000000 639.913513
-28783.896484 0.000000 639.913513
1216.103516 -152.250015 599.118225
-28783.896484 -152.250015 599.118225
1216.103516 -263.704742 487.663513
-28783.896484 -263.704742 487.663513
1216.103516 -304.500000 335.413513
-28783.896484 -304.500000 335.413513
1216.103516 -263.704742 183.163513
-28783.896484 -263.704742 183.163513
1216.103516 -152.249969 71.708771
-28783.896484 -152.249969 71.708771
1216.103516 0.000000 30.913513
-28783.896484 0.000000 30.913513
1216.103516 152.249969 71.708771
-28783.896484 152.249969 71.708771
1216.103516 263.704712 183.163467
-28783.896484 263.704712 183.163467
1216.103516 304.500000 335.413513
-28783.896484 304.500000 335.413513
1216.103516 258.508575 484.663513
-28783.896484 258.508575 484.663513
1216.103516 149.250000 593.922119
-28783.896484 149.250000 593.922119
1216.103516 0.000000 633.913513
-28783.896484 0.000000 633.913513
1216.103516 -149.250015 593.922119
-28783.896484 -149.250015 593.922119
1216.103516 -258.508575 484.663513
-28783.896484 -258.508575 484.663513
1216.103516 -298.500000 335.413513
-28783.896484 -298.500000 335.413513
1216.103516 -258.508575 186.163513
-28783.896484 -258.508575 186.163513
1216.103516 -149.249969 76.904907
-28783.896484 -149.249969 76.904907
1216.103516 0.000000 36.913513
-28783.896484 0.000000 36.913513
1216.103516 149.249969 76.904907
-28783.896484 149.249969 76.904907
1216.103516 258.508545 186.163467
-28783.896484 258.508545 186.163467
1216.103516 298.500000 335.413513
-28783.896484 298.500000 335.413513
0
144
25 47
24 25
46 24
47 46
27 25
26 27
24 26
29 27
28 29
26 28
31 29
30 31
28 30
33 31
32 33
30 32
35 33
34 35
32 34
37 35
36 37
34 36
39 37
38 39
36 38
41 39
40 41
38 40
43 41
42 43
40 42
45 43
44 45
42 44
47 45
44 46
23 1
1 0
0 22
22 23
1 3
3 2
2 0
3 5
5 4
4 2
5 7
7 6
6 4
7 9
9 8
8 6
9 11
11 10
10 8
11 13
13 12
12 10
13 15
15 14
14 12
15 17
17 16
16 14
17 19
19 18
18 16
19 21
21 20
20 18
21 23
22 20
23 47
47 25
25 1
1 23
25 27
27 3
3 1
27 29
29 5
5 3
29 31
31 7
7 5
31 33
33 9
9 7
33 35
35 11
11 9
35 37
37 13
13 11
37 39
39 15
15 13
39 41
41 17
17 15
41 43
43 19
19 17
43 45
45 21
21 19
45 47
23 21
22 46
46 44
44 20
20 22
44 42
42 18
18 20
42 40
40 16
16 18
40 38
38 14
14 16
38 36
36 12
12 14
36 34
34 10
10 12
34 32
32 8
8 10
32 30
30 6
6 8
30 28
28 4
4 6
28 26
26 2
2 4
26 24
24 0
0 2
24 46
22 0
48
4 -141 143 -109 144
4 -138 140 141 142
4 -135 137 138 139
4 -132 134 135 136
4 -129 131 132 133
4 -126 128 129 130
4 -123 125 126 127
4 -120 122 123 124
4 -117 119 120 121
4 -114 116 117 118
4 -111 113 114 115
4 109 110 111 112
4 -105 107 -73 108
4 -102 104 105 106
4 -99 101 102 103
4 -96 98 99 100
4 -93 95 96 97
4 -90 92 93 94
4 -87 89 90 91
4 -84 86 87 88
4 -81 83 84 85
4 -78 80 81 82
4 -75 77 78 79
4 73 74 75 76
4 71 -40 72 -69
4 68 69 70 -66
4 65 66 67 -63
4 62 63 64 -60
4 59 60 61 -57
4 56 57 58 -54
4 53 54 55 -51
4 50 51 52 -48
4 47 48 49 -45
4 44 45 46 -42
4 41 42 43 -38
4 37 38 39 40
4 -33 36 -4 35
4 -30 34 33 32
4 -27 31 30 29
4 -24 28 27 26
4 -21 25 24 23
4 -18 22 21 20
4 -15 19 18 17
4 -12 16 15 14
4 -9 13 12 11
4 -6 10 9 8
4 -2 7 6 5
4 4 3 2 1
0
0
